2.710414152906727736e+01
2.710414152906727736e+01
3.695604525493521919e+01
3.409698272553615794e+01
3.107551858583910231e+01
3.107551858583910231e+01
6.430037923869384997e+01
2.984687994131805411e+01
2.836837265935292152e+01
2.495255284178535504e+01
3.250858234135629488e+01
3.423794653461915516e+01
3.492410128015436754e+01
2.150276139220930105e+01
3.747475744340873405e+01
3.335591773579109542e+01
2.687536749468915431e+01
7.283551777485793366e+01
4.333271744128639824e+01
3.533877240133559638e+01
2.762905383014976834e+01
2.689968466995063068e+01
3.107076489883411341e+01
3.312872210228619707e+01
3.608726785363830913e+01
2.891985428174133332e+01
2.319284121305665280e+01
3.283788170334541689e+01
2.586710402957238131e+01
3.644561626137993926e+01
3.965795688349815862e+01
6.995447632373833358e+01
6.533698596669619008e+01
2.862362449526197139e+01
6.028631917224345926e+01
6.695183811399842000e+01
2.711786721009378098e+01
4.719691207790312859e+01
2.537693039147488960e+01
3.130518734573957573e+01
6.650311340502226187e+01
2.797588233747018904e+01
6.554036252899592796e+01
3.270114102144835755e+01
6.197761847398427903e+01
2.609531398218058129e+01
4.757101824817404889e+01
1.973522518182044649e+01
3.007408525569919178e+01
2.652905807652786763e+01
1.045500672820985386e+02
2.826151611498107030e+01
7.086263467402403649e+01
3.018766481928591361e+01
3.126177163003877979e+01
6.347632584840948056e+01
5.858359047275093445e+01
3.468616809300873172e+01
3.180368069857966162e+01
3.234910737793799740e+01
2.735333497578766426e+01
4.824415368331346343e+01
6.190918759665719762e+01
3.125676918616786537e+01
6.440942852074955738e+01
3.321020704029129433e+01
2.607780617619898678e+01
2.875616353367518485e+01
2.949881544579301718e+01
6.439117433531389167e+01
3.862322934665091623e+01
6.551775899287082439e+01
6.526712511157344920e+01
3.163308884452682435e+01
3.384450195803783856e+01
6.301940957474509730e+01
6.296054369095926972e+01
2.129255450705889530e+01
2.604477092427286777e+01
3.504607914186531303e+01
3.264753328599863380e+01
4.968435321884929579e+01
3.075295363283251504e+01
2.885119737925575478e+01
6.087235101756674993e+01
2.645296652151311179e+01
6.402568917666476978e+01
2.041359097536605560e+01
2.367966492884568552e+01
2.726123386098824497e+01
6.275248817905033150e+01
2.836218444937436445e+01
6.140197067690289856e+01
2.735211410179766744e+01
2.914032150549515876e+01
3.795147371904187139e+01
3.197142401419907287e+01
6.499221407764919434e+01
2.366075019523090717e+01
3.594480888779765593e+01
3.201324734340830247e+01
4.314957173474206797e+01
6.236131408523009156e+01
3.486605584115157086e+01
6.409476556070610798e+01
3.965842890931898523e+01
3.695652487447101464e+01
4.542748680133381356e+01
2.062868110491409013e+01
4.105772892100293348e+01
3.206798851793801930e+01
5.198366977515599530e+01
3.458973176976976305e+01
3.356717489004185495e+01
6.808106080513556435e+01
6.284485597298900217e+01
3.431850130221204154e+01
4.189569736092202135e+01
3.518801160629917746e+01
3.449770732701976783e+01
3.352209136779534049e+01
2.218111317239369029e+01
2.939030087215031273e+01
3.593732786299010229e+01
5.827978332840773135e+01
4.429217243114156588e+01
4.846286131392442087e+01
3.614007235739417467e+01
3.667193883232283724e+01
2.716528970351408745e+01
3.679816342390899564e+01
7.224881693725430409e+01
3.735969848988204234e+01
2.988953876213810901e+01
3.686523002493369461e+01
3.338686304536692262e+01
6.315158902736216362e+01
5.835711937624525802e+01
2.652088898797440919e+01
3.805668504643953298e+01
3.668632324140495626e+01
2.641388870316554005e+01
3.341610220076121607e+01
2.558339818940242694e+01
3.595220054289331557e+01
6.141587807193919701e+01
3.377491524804229783e+01
3.431579665912080657e+01
3.525065477289093963e+01
2.671964559633947900e+01
3.693722638444474171e+01
3.273864475580401745e+01
3.445948345106802435e+01
3.195687475179801851e+01
3.085629210898855135e+01
4.352286154979754684e+01
3.836489799935039002e+01
4.071482401897796422e+01
5.662974067089007946e+01
3.531032055588454455e+01
2.544677845190350496e+01
3.078463020123516714e+01
3.332126622332278032e+01
6.605211173013968562e+01
3.988493178017043306e+01
2.874579301495432304e+01
3.195061302795399882e+01
5.258380376652487342e+01
3.549097008191703395e+01
2.796700945806750482e+01
4.032165223172471968e+01
3.657119125869584053e+01
3.345006354701241236e+01
3.982264212275224224e+01
6.634571367169665734e+01
5.157599786084477245e+01
2.679024753987264162e+01
6.600639755323530267e+01
6.416047874401397166e+01
3.357373199355425442e+01
2.330235597934007430e+01
2.815336433061493437e+01
4.485692158956121034e+01
2.900925423598609854e+01
3.139471172528467946e+01
2.678029303783874937e+01
1.964925967174142585e+01
2.697356137325072112e+01
6.703018432317622910e+01
1.914410939189297878e+01
6.445340515410404691e+01
2.662967871009063714e+01
3.235121576691095413e+01
6.014715979523368361e+01
2.973389191228072548e+01
3.332150081504666872e+01
6.541018110300340993e+01
2.923944223469625570e+01
5.993966342627646782e+01
4.782657790995667568e+01
4.148632146260881370e+01
7.543237470361484043e+01
3.346760719406487539e+01
2.913194320066592269e+01
2.339252340702238442e+01
3.331151416226666129e+01
2.031938612541162925e+01
3.799925526099318063e+01
2.779089691967607223e+01
3.718621788346285228e+01
4.003801194560150378e+01
2.636366312520218358e+01
6.419870763486157728e+01
4.383579215279942787e+01
6.320546757627276691e+01
4.780122868315847739e+01
6.495690200150205840e+01
6.655771519280403936e+01
2.670817536341811049e+01
3.242157111551842519e+01
5.304862730427348794e+01
2.570621611632463299e+01
4.890883691521510457e+01
2.264841406908363552e+01
2.523272281446613619e+01
4.019590910401461059e+01
5.128918852580447663e+01
4.965154174884163751e+01
4.015943781664837786e+01
6.677881085518883708e+01
2.666750216829737141e+01
5.599008353038640706e+01
3.526081232385327979e+01
4.788073590845370120e+01
4.820041930556760690e+01
3.443717373991226083e+01
4.995691572316270879e+01
2.282918375922035281e+01
4.350900941444765380e+01
9.210424306080433610e+01
5.894778749063321754e+01
5.419392144880377771e+01
5.137202525723213142e+01
3.050543257660958574e+01
8.653299743033812774e+01
4.089742717857556187e+01
7.158874628222055492e+01
8.125587285834092199e+01
1.139172173802869708e+02
6.765128504920804176e+01
2.736136074019440301e+01
7.628737069553676520e+01
1.070709725793139739e+02
8.702498252431196590e+01
7.682176761620563354e+01
5.609640517958453643e+01
7.671216727235024280e+01
5.941059446500963759e+01
9.649382373472022323e+01
7.185748896613726799e+01
7.508731556695970255e+01
8.052393167440983746e+01
8.644997619445571502e+01
9.017567400423033064e+01
3.207561398047229773e+01
1.006677949351943084e+02
8.652517000521139323e+01
1.028107392981382731e+02
3.034465823431855824e+01
7.689270704559946523e+01
7.046818768886356565e+01
7.140706615847238936e+01
6.415946766920633593e+01
7.248559812395130564e+01
6.422081724314709561e+01
7.261346679602199572e+01
3.835481957755259685e+01
1.008485020438444195e+02
1.077067246564102589e+02
8.247441562087043110e+01
7.228957581530011112e+01
6.103213727818674528e+01
8.861348261622332245e+01
9.968994179632579744e+01
8.397807908117594877e+01
7.585360213485276404e+01
4.791799795962530339e+01
1.054374107348888145e+02
3.641379685138729627e+01
5.455636357720392482e+01
8.944676292298963460e+01
5.204164698433664427e+01
8.465761016204292844e+01
4.178222662167362955e+01
1.049538701216723382e+02
6.183097225111389150e+01
9.093457882937488534e+01
5.098431215911399050e+01
4.524228284272283673e+01
7.255217360063082310e+01
5.583652739144896060e+01
1.044128060686085604e+02
9.600143774961230747e+01
7.549890023063639433e+01
5.330707378360760629e+01
7.283178874234715749e+01
7.176354706631911995e+01
1.017262974668292799e+02
6.899545142353110805e+01
8.646103051828262664e+01
8.456945227358407635e+01
9.622577681331748067e+01
1.036111744185020456e+02
9.040024985793783685e+01
8.500071253222287737e+01
1.131378172877170982e+02
7.246642612782497395e+01
1.108329277158733959e+02
9.345292907791460379e+01
4.868428509349186584e+01
8.840375251088451591e+01
8.721402833557669965e+01
5.892962374948730542e+01
5.875858256707517313e+01
7.409218827479170955e+01
5.629250941078040427e+01
1.061276106891390612e+02
6.426520531318018925e+01
5.879529290421445609e+01
1.012847618709692341e+02
8.729806385043025330e+01
1.074149485750251642e+02
5.117847837116830334e+01
6.439869614964224809e+01
7.351744163137684041e+01
1.009526640414642316e+02
8.865249500237138136e+01
9.321966118225694231e+01
1.008182091764381312e+02
1.004184340984828196e+02
6.818157770157826292e+01
7.318067930105641494e+01
9.951517899416425905e+01
9.936057703761976256e+01
9.932974637761735437e+01
9.880491757687205734e+01
8.138454605415233800e+01
1.002094644207964222e+02
5.905982022943405241e+01
9.649322090533289042e+01
9.616706624324923780e+01
9.820816140823602325e+01
9.861854795890496916e+01
9.911265987101117503e+01
9.772858715403614838e+01
9.668972486040628667e+01
9.621534312417334434e+01
1.008906892283070960e+02
9.822401775681713332e+01
9.750907902179426401e+01
9.643063945577594609e+01
9.274771360918279584e+01
1.073217351170783473e+02
7.756672357574156251e+01
5.562548581053741970e+01
7.262851890711091585e+01
6.761532467982262062e+01
9.564939506893034604e+01
9.885077120166801024e+01
8.788704890335402808e+01
3.936397403459105959e+01
8.508959961434393904e+01
3.822663587118032069e+01
9.064865254501322056e+01
7.475552085089078957e+01
4.132927594934505322e+01
9.009792701109630286e+01
9.320249995418593869e+01
1.047500082528492698e+02
6.412125069030645363e+01
4.144898335956798974e+01
9.940116969225660171e+01
6.443659539228626443e+01
6.781566532947998382e+01
8.378419702346580777e+01
6.300561743851648799e+01
6.177717322712693004e+01
5.693151179889229496e+01
1.100071644492213494e+02
4.850180778796531911e+01
4.871674456276097231e+01
7.631262512809482246e+01
6.519385288793661459e+01
9.109348069908124046e+01
9.330213373835795210e+01
8.722575278923255837e+01
9.911520562153518199e+01
9.309369236893370214e+01
7.228809245767924097e+01
6.440297690935412334e+01
9.431197857405825857e+01
9.201131775934477730e+01
9.173220290027475698e+01
9.272712823139615068e+01
8.558384198597262582e+01
8.464756118542349839e+01
4.679871166246444147e+01
6.668590648214545524e+01
1.061963401670937799e+02
1.104989842874203703e+02
6.678219357334809558e+01
8.113090124167530348e+01
1.005283411049891242e+02
9.067336193139736622e+01
9.876288528254829657e+01
6.354893356723106024e+01
7.232202530414987507e+01
3.608011405790361437e+01
9.023853604562491171e+01
5.645183983333628674e+01
1.002339724219631876e+02
9.291148909479404949e+01
7.457068383093006503e+01
1.155762884719462704e+02
8.778604561959660657e+01
5.989250944343847038e+01
3.101069818365193242e+01
1.020589160702791105e+02
7.424020994523128536e+01
5.356461311360910571e+01
6.370856410568686101e+01
9.499918643230718374e+01
1.016053022051359562e+02
1.013506934061692846e+02
5.525452522411875833e+01
7.680712448043213669e+01
7.463215698037757306e+01
9.019827893410277397e+01
5.691779343780770262e+01
4.578183248979065922e+01
4.070879554982318638e+01
9.313446754133612160e+01
3.874260536552349521e+01
1.085773707142614342e+02
9.341342314527275903e+01
8.235634233296728723e+01
1.065215678441610407e+02
9.813386636501411431e+01
9.836548343202228750e+01
9.065998439901824213e+01
9.288458463213456184e+01
6.927849825210780921e+01
6.787787698320443042e+01
9.703049554891185835e+01
7.199916154065557805e+01
6.282963957074067451e+01
3.907141600643301871e+01
9.777552568217338091e+01
5.625152368008128434e+01
6.342984369197163375e+01
8.275342363769847509e+01
9.085132603653175920e+01
8.889010499054941761e+01
8.781857605084685758e+01
4.859128572984653260e+01
6.088155022191410382e+01
2.227698716469247131e+01
7.126880511576740673e+01
8.862422121033151257e+01
7.224932438033535220e+01
1.088329273404303024e+02
7.443581347144568383e+01
8.468216974552964871e+01
5.314475885191346549e+01
9.540728996933145822e+01
7.711899390953639966e+01
4.483280271635517522e+01
9.362907730293719055e+01
1.045697269902572799e+02
9.649077802363662215e+01
7.619385279376884057e+01
3.587207210469392749e+01
8.634967889691274934e+01
1.039066250721112681e+02
9.366072368088536848e+01
1.097693115107298354e+02
9.946361607304238817e+01
7.932774878955734721e+01
7.325954378846108739e+01
4.456393621618469325e+01
4.911771114626448309e+01
5.904741287548330320e+01
9.300074704717891905e+01
4.258739371565538789e+01
7.820173511263091370e+01
7.019645424073411277e+01
1.066346854674304012e+02
7.301681682433655851e+01
5.468114935924898390e+01
7.372708123772829936e+01
1.085363166502790904e+02
1.043875530367151470e+02
5.245696596154576952e+01
4.364158791578569208e+01
4.930054498520939177e+01
8.599793301847998350e+01
9.646890950427285816e+01
1.098681052328763883e+02
9.875461554711296230e+01
7.347725950595210520e+01
7.085598267415711859e+01
8.417154159106955547e+01
6.775851238019461675e+01
7.807993962468039228e+01
7.493223843283068675e+01
5.390074422925021480e+01
5.116126171108895448e+01
5.025006948941371832e+01
4.663046559906676691e+01
7.103614428245739987e+01
7.559653773454478198e+01
6.597992179799511803e+01
8.549396238387792835e+01
7.675626669822123915e+01
4.764774528648805330e+01
4.968797972437883459e+01
1.029298802705548326e+02
5.613003096881696763e+01
9.737738995664085451e+01
1.075372843021167597e+02
4.139705524829496142e+01
4.519853140494420529e+01
9.942703937641645950e+01
5.715201865582422869e+01
9.263431777603150863e+01
1.023315345672618406e+02
4.395869629725595473e+01
8.649348951819099796e+01
2.917491511363282797e+01
6.829746648895482508e+01
1.066961238049303091e+02
5.712761701729624519e+01
6.193251202633668839e+01
4.915229507124903563e+01
8.883686431515089055e+01
1.083356302478610758e+02
9.715773574595911555e+01
7.298654797863153476e+01
5.420598858626971861e+01
3.146174814905159778e+01
1.007146331130238792e+02
8.018594066037969981e+01
1.013398750267559336e+02
9.104541421149224334e+01
1.048231584229854150e+02
8.301225341608201802e+01
9.120662195608281309e+01
9.436877499947820525e+01
4.569083764913400358e+01
9.435662075816129857e+01
6.146220119204142662e+01
6.118803754400347827e+01
9.775925533167706760e+01
4.556852543099180508e+01
1.010737718789539485e+02
9.086041898062951816e+01
8.100106482615717596e+01
9.514335160991279849e+01
1.019819748902732357e+02
6.024213137197330781e+01
1.017550719383271627e+02
5.806426696692658140e+01
8.665044809866820685e+01
1.053836831482070835e+02
4.919594402544014855e+01
6.328162164980801663e+01
5.997070340513679554e+01
8.421479978653462695e+01
7.697473255055182051e+01
9.581086447914863413e+01
5.680418417177581603e+01
7.866579647380476104e+01
3.891827575834467012e+01
8.627455872759034605e+01
8.337538663123204685e+01
3.825139567712579236e+01
9.022393160279268898e+01
4.900222086354710171e+01
8.571791195030762367e+01
1.145961819590467030e+02
7.634243614112901355e+01
7.381858573045020933e+01
7.691812654683312189e+01
5.532196680291306734e+01
9.172381381721470461e+01
9.732919889190068830e+01
6.520411617779495828e+01
1.069409324880070926e+02
7.235063027730662100e+01
1.073392007531847838e+02
8.421748211878957591e+01
2.842805248777859717e+01
6.670680905289472662e+01
1.007452345909201625e+02
6.354072782703898525e+01
4.532432774092963967e+01
4.962748122886838331e+01
1.061954870452235014e+02
4.029703027711664731e+01
1.014057869872563202e+02
4.926616355755275833e+01
5.014341313263885525e+01
5.626925195022160864e+01
1.019381854266456315e+02
4.535675550556281621e+01
8.686944932763603333e+01
1.121603808889774854e+02
1.087262835954118714e+02
1.078604833478698879e+02
1.066185276004675728e+02
1.030291008161017032e+02
1.133963305598145439e+02
1.136374665966945514e+02
9.793887186996775540e+01
9.775859970881006689e+01
6.801125253813407312e+01
8.011276422797988062e+01
8.545368901141289086e+01
7.174020749880199332e+01
9.302803925751463510e+01
1.113293527802999989e+02
8.792504076286216730e+01
1.085071266153112362e+02
7.070158610401030330e+01
8.437446824071447793e+01
9.054146492524975542e+01
9.509155355192226011e+01
4.218275274037540612e+01
5.058737306271580536e+01
6.012662005616687821e+01
4.657681124445341680e+01
7.975733196595804486e+01
9.995949182859438054e+01
9.037830319585808070e+01
9.578951557188709387e+01
4.379820657165758035e+01
5.511984223314176745e+01
2.567975733234957048e+01
4.939553119567765549e+01
5.872665207948212895e+01
1.003377914428865125e+02
7.093203032018773513e+01
8.549229780468988338e+01
1.053866748579494867e+02
6.142258299815952682e+01
4.823714375050722936e+01
4.749708055855484901e+01
1.074208715902588125e+02
1.069870385117337293e+02
9.424949994912283557e+01
5.292330982567447961e+01
7.766528699270618574e+01
8.586700409847206572e+01
1.068239219428936480e+02
1.078067717534151484e+02
8.429342617598307186e+01
6.323181327338598123e+01
7.564360635374153219e+01
1.032504168758919434e+02
8.660506255788639862e+01
4.120971823422352287e+01
8.232524939116068197e+01
8.384475351315286673e+01
9.248793819207963907e+01
9.840179367506711117e+01
7.786030055429060326e+01
4.168198877012144266e+01
9.891131640341595244e+01
6.588529009536836156e+01
9.374895179234259501e+01
1.045660315746886369e+02
9.621860342540531974e+01
7.893765237998211148e+01
8.787151352986531094e+01
4.089240199139451448e+01
7.477487111898393835e+01
2.647180879160458389e+01
6.793892333059217492e+01
9.477294745762358730e+01
9.212535449880061833e+01
8.919472669694422962e+01
3.555482248100303622e+01
3.787613681934191590e+01
2.722231871604389752e+01
8.498457562536489718e+01
6.925281508837819899e+01
3.168384013481177419e+01
6.003161815249278987e+01
7.633329658363919634e+01
8.686689190589710563e+01
4.771708677446531510e+01
1.034602844133864750e+02
9.741123025186570317e+01
5.123380469634934542e+01
3.289749218984695034e+01
3.931881957781416759e+01
8.771754228821521338e+01
5.774344757193064481e+01
6.198928191640550267e+01
7.329012698905215473e+01
6.912324615400173400e+01
4.485893233387280787e+01
9.584060889565866148e+01
9.685277279063386402e+01
5.372782917020587945e+01
9.296282310134773752e+01
7.475695540000687345e+01
8.891695922580403533e+01
9.995966581639733306e+01
9.076865643664854133e+01
9.750245752141448463e+01
6.874219728544582608e+01
3.803756402256198754e+01
1.061882590267193223e+02
5.192059876336426072e+01
8.312350776484642267e+01
7.452770928135888084e+01
9.248581998637675383e+01
8.768606517482552931e+01
9.527183890632402097e+01
8.744194864367297271e+01
9.519896884482638200e+01
9.440856106366462086e+01
9.622869659803794207e+01
5.783894800657469659e+01
9.360581806433266649e+01
6.368190758457968315e+01
9.201443022154499829e+01
5.674078265683871081e+01
1.082368845255843297e+02
4.287925264861442542e+01
9.843659225815866876e+01
7.675312995561846208e+01
7.636292170641485200e+01
8.761802080279373683e+01
7.453451262932242116e+01
8.737439799613490266e+01
9.974996868174322628e+01
1.067452205246587198e+02
9.110031520269578209e+01
3.897635599901926895e+01
6.191113884179592475e+01
9.675568479133785615e+01
3.891435757379806404e+01
4.471805157061782410e+01
1.020264775875944849e+02
8.337827156039539034e+01
7.730167930979794733e+01
8.305129263938820827e+01
1.047117669505915529e+02
7.094685675946240622e+01
1.009121842301052965e+02
9.787029746481094605e+01
