4.818879747682229819e+00
4.818879747682229819e+00
5.928711319944394376e+00
1.019055524100726551e+01
5.018475690144976298e+00
5.018475690144976298e+00
5.208111525089174521e+00
7.175026009430313323e+00
1.152646333787512134e+01
1.383200954879590228e+01
9.693749051073773160e+00
9.704803976735563609e+00
5.487350387352783798e+00
1.770558136740856980e+01
2.322714192479996953e+01
8.628445963499835614e+00
2.043642557481608435e+01
1.384186352028102185e+01
9.103490542412600917e+00
2.357569971430583777e+01
1.671318082235291769e+01
1.412953785471165702e+01
5.157171848455758933e+00
2.374603230851548474e+01
5.532179518102957161e+00
1.428449133859847642e+01
1.849674112377082835e+01
5.568181327429666538e+00
2.732227017599340613e+01
3.275935736181980928e+01
4.379776466550171676e+01
2.999620052689885341e+01
5.758136659159965198e+00
6.506732808757023534e+00
8.322288084319220047e+01
6.997378924121846921e+01
8.006214799926642200e+00
2.340296490760437820e+01
1.326402715968997903e+01
1.739357305997476288e+01
1.714231090562044102e+01
4.729629052375140219e+01
2.966125593496528623e+01
3.584289117982588380e+01
3.382091362401845913e+01
4.209351083536191140e+01
7.168505127625873108e+00
5.442884009918990351e+00
1.335617177765047181e+01
1.002056697115567374e+01
2.828761886180369700e+01
1.744659945392043809e+01
4.055514320376436643e+01
4.048974407355262883e+01
1.684518739336612825e+01
4.889043274321392829e+01
1.709667971796764974e+01
1.877414405060756053e+01
1.007331945292365738e+01
2.535778668967045135e+01
5.629588139371078626e+01
2.676844699764851399e+01
6.926498058960651960e+00
3.715092663960583508e+01
9.713901941232842674e+00
5.569428576545288223e+00
5.940129646450118983e+00
1.436753439582598979e+01
3.734349633289039616e+01
6.641268461789551658e+00
4.696698036427937950e+01
7.730287940895174792e+00
4.539637900780979152e+01
4.485949603918228945e+01
1.264166012318294641e+01
1.882066355342592345e+01
1.438187092263569866e+01
3.103842471402849412e+01
3.140776480470721665e+01
1.513600976845087231e+01
5.372265789546440296e+00
4.993637514192097449e+00
4.842975383408574253e+00
5.791556953504445993e+00
5.925662287985855592e+00
5.757335056416212460e+00
6.077008927559437446e+00
6.672774847625678518e+00
5.713238891422564691e+00
6.617813577254142210e+00
5.817697163181073883e+00
4.393933872405051844e+00
6.736787911853557631e+00
6.806120355836925206e+00
5.507278735034389250e+00
6.544836971025215888e+00
5.724093563850055411e+00
5.437695905572510036e+00
7.358736481650426597e+00
6.953657590534261246e+00
8.333471117141149520e+00
5.343326092863752486e+00
5.652835150751202242e+00
5.754189314195978788e+00
8.408419188167609803e+00
7.604318677173711905e+00
1.024593839075115831e+01
9.691571325470158982e+00
1.128828764113885263e+01
7.532242363375851291e+00
6.912853986449514210e+00
6.820658065650997415e+00
7.329256730439278833e+00
4.869447755379770371e+00
5.158541278595623503e+00
5.640751817940331314e+00
5.789825110710012268e+00
1.115949921355473151e+01
1.535141505189025679e+01
1.034953309965333901e+01
6.597784882168905796e+00
8.731386906470385512e+00
5.515484012086409926e+00
2.651594119000533922e+01
1.441680841483453079e+01
3.841037868048945825e+01
2.883494364878244909e+01
8.528351137483312527e+00
1.507880202422465743e+01
1.017180902594023806e+01
6.408446624864641450e+00
6.444566878542222099e+00
1.202225259213037845e+01
5.033993613297547576e+00
6.002958412945035960e+00
1.135769511592946124e+01
1.016643704777564494e+01
1.401393501832339972e+01
5.723036072259072959e+00
8.324254874889696509e+00
5.044978292711328471e+00
7.456416451250995614e+00
7.128680280607747832e+00
1.474843095104833424e+01
5.577308765191696160e+00
1.822192794803773808e+01
3.196881864623749436e+01
3.874007470960407318e+01
2.461402818417765204e+01
1.868744988352806757e+01
4.950361297987204523e+01
4.728006416093558784e+01
5.493491836878904877e+01
2.212083611277484962e+01
6.991991140704128860e+00
9.714401319207302876e+00
4.704410862906173918e+01
4.797249436201905581e+01
5.022912574422590382e+01
5.905777522158173554e+01
5.279243773846719989e+01
8.741689773306035249e+00
3.447599964198055744e+01
4.080722570794254977e+01
4.177651180395893959e+01
5.122490341402484937e+00
2.800302672126945325e+01
1.602859259442443118e+01
2.282120292662689209e+01
1.157066466606539379e+01
4.379192570365501069e+01
4.652009343931663921e+01
1.544930537621453226e+01
4.439023333546713701e+01
3.559490046650164885e+01
2.543150477591770198e+01
5.820742288190150049e+00
5.239029917139009562e+00
4.843572470415362652e+00
9.809243495185560491e+00
8.285631746342996706e+00
7.926857584438187665e+00
5.042227426578065774e+00
2.674186809428438494e+01
8.847821704731110515e+00
1.076902240043013315e+01
4.740217432101914596e+00
4.673048989850776991e+00
8.190142429261229040e+00
6.067872552746017334e+00
4.838284714351106963e+00
7.559430576636487764e+00
6.765795940013696885e+00
1.758713935259893546e+01
5.299994472945358304e+00
6.932072787683868142e+00
8.212538749086460754e+00
7.025923428849224273e+00
6.438949447657947189e+00
8.276001438610293803e+00
7.852736420209741830e+00
1.032470032006137650e+01
7.702211723675143062e+00
7.440434903996837157e+00
1.159984263474157551e+01
8.552248022742732658e+00
8.309767825483746151e+00
6.818888985210912246e+00
7.798581342011910778e+00
6.973297534091401850e+00
5.147180489843288242e+00
5.114810717842251719e+00
6.586436634777730781e+00
6.359892767629097499e+00
6.556876122163579623e+00
6.712788484209627704e+00
5.117776855549869275e+00
6.359180353939546393e+00
7.220876939281945184e+00
8.305054488147227687e+00
7.641629135555735530e+00
5.946443529571579845e+00
6.990573934367962927e+00
7.691260947233156564e+00
6.419921893345015285e+00
8.176981310801462399e+00
7.348027096265773217e+00
1.370582658520915231e+01
7.809012272880635486e+00
1.917475348906421218e+01
6.650462941807822936e+00
1.020635592476718045e+01
8.776895740654232725e+00
1.452972143438780073e+01
9.721525559182067511e+00
8.938403991790732306e+00
9.008491506045064767e+00
6.511527479205936331e+00
5.094970382147815613e+00
5.797368906335880645e+00
1.141737090708617330e+01
5.176642261022424307e+00
5.892114809916598084e+00
9.004827201948721438e+00
1.629485051145646324e+01
5.487924315044272028e+00
5.782163159194275259e+00
7.579018993264193149e+00
1.045474408330113469e+01
1.063922070922566832e+01
5.999993467821761683e+00
5.657013608088885093e+00
6.240912131268571805e+00
5.452221741215343087e+00
6.610601703087651160e+00
1.101867198455385122e+01
4.308385464512958407e+01
1.486501727648576932e+01
6.212138762618406140e+00
8.316191393894159845e+00
5.782677765877607179e+00
4.957431712766504184e+00
1.935660707310884732e+01
9.683295417111358105e+00
2.353777155175223612e+01
8.228119740718804920e+00
6.478001979364112373e+00
1.379422238094815611e+01
1.260645732522882412e+01
9.609893223076072744e+00
1.093529012141610046e+01
1.914630202496736544e+01
9.653536309203712307e+00
8.493754735706877668e+00
1.968044437787067835e+01
9.639292425413707122e+00
1.116919315748254427e+01
1.626242167801660443e+01
4.894987549368181590e+00
4.681885980282097393e+01
1.750147295941276582e+01
9.206167499086093997e+00
1.293627536056546745e+01
1.071877143641422592e+01
7.701677720252170012e+00
7.309668344582433086e+00
8.432056280052135477e+00
6.797967427827293463e+00
1.670187079977667111e+01
1.636017316285839485e+01
1.509092401055829846e+01
1.773590239026136217e+01
1.564815668403167059e+01
2.541486994997646320e+01
1.561248403040676536e+01
1.907904871196560492e+01
2.225686690368479148e+01
2.223944063934860793e+01
3.435674428499443422e+01
3.456483521671659531e+01
3.121204319120173309e+01
3.440685434261662579e+01
2.599899061492869734e+01
2.110716378796693959e+01
2.550616305274005668e+01
2.573488813934688579e+01
2.410665303081015765e+01
2.308284721527348538e+01
2.778522995435034915e+01
1.858285770693192873e+01
1.952813848188451828e+01
1.010477250741305077e+01
5.237936811065686982e+00
1.612196107927336186e+01
1.977957091222510755e+01
7.229958389728741608e+00
5.497760969615048232e+00
2.764870963560473527e+01
2.514480200644407049e+01
2.428396676069412052e+01
8.780995154875412823e+00
1.438403961070175008e+01
8.278637798952074078e+00
1.515807075403434823e+01
1.133605526333036906e+01
2.302915066366655950e+01
2.325968832479347981e+01
5.912457015338198119e+00
9.315189393247925054e+00
9.972400496934351821e+00
8.272695919942453457e+00
1.092719886757294212e+01
9.242353784940160466e+00
5.817162995221812238e+00
4.740324588889889057e+00
4.924698088791681805e+00
9.542131138134555712e+00
7.607237082505009518e+00
9.714836325022789154e+00
9.316386046426762491e+00
8.295837066783480651e+00
1.530002466906595338e+01
9.655274990858419670e+00
2.256148276511085626e+01
1.273814566225403233e+01
7.382994409320030371e+00
2.023394082393559046e+01
1.589132802532882671e+01
3.194548971629490097e+01
3.619635356321507658e+01
2.531657780893750243e+01
1.441238573446183402e+01
1.511407744305207324e+01
1.657677947955281184e+01
1.436150114267215017e+01
2.173286163616326760e+01
1.149157480019986544e+01
1.046560660173146040e+01
7.933230626900299676e+00
5.758722999668102638e+00
5.275508577181206249e+00
6.547809533773323309e+00
1.760955895834094065e+01
2.453825815322657178e+01
1.416701367265601164e+01
4.135590544035395055e+01
1.740445671776170045e+01
6.135801096092163220e+01
4.387660936465637462e+01
3.442419809413883058e+01
4.756613412332659863e+01
5.396435832325109061e+01
4.866041686936185329e+01
3.484669477304161234e+01
2.687863248501449576e+01
2.760121624859326772e+01
1.082931842878939577e+01
1.118740892500303907e+01
1.193314348412002701e+01
2.380446196774964918e+01
2.807568548782608886e+01
8.544266005351293103e+00
5.023946515931594803e+00
9.266747229375738470e+00
4.781226233221786082e+00
6.432683793020975926e+00
1.158772294094576338e+01
5.671918023858091296e+00
8.300202458855105547e+00
5.357939910554900820e+00
1.088546277821407848e+01
9.756282307947236276e+00
5.399951069112199242e+00
5.805133782469065196e+00
5.253829217971788701e+00
7.403355002120606265e+00
8.309092812432234965e+00
6.191577761624692755e+00
6.005743139974941691e+00
5.961821378453715958e+00
4.805797952296957831e+00
1.221397000531827537e+01
4.860347207742956144e+00
5.508005644858177341e+00
6.029275210759348802e+00
5.558152346973007418e+00
6.896910836871555261e+00
1.851242593727200969e+01
5.712079124844965605e+00
1.086092222852863820e+01
5.841267500099413645e+00
5.877992175727188240e+00
5.584564216813914683e+00
5.252661061162283040e+00
5.138333035375282520e+00
2.205560689738421942e+01
3.686213806505273993e+01
5.792752588390285950e+00
6.226486076432516725e+00
4.849605208364101472e+00
1.178752142166126582e+01
6.271520294081197378e+00
5.859280422437958435e+00
5.036624647935666665e+00
1.339789445683550007e+01
3.004814565899481593e+01
1.238464619635498920e+01
6.078287636709868380e+00
9.654652777089378191e+00
5.867703191594380030e+00
5.648523240012103486e+00
5.988394859745953092e+00
9.131055210184328530e+00
9.760412949539174932e+00
5.180643111269386480e+00
9.728136541681299931e+00
1.487022219267903544e+01
2.612777941921313740e+01
8.959936442690068503e+00
5.767132435376031374e+00
4.912676020884347849e+00
6.311552054879499885e+00
1.864054814755590073e+01
7.767042358647000100e+00
8.497911987468597772e+00
7.916331761195299244e+00
7.808108043164726730e+00
7.194035987384613584e+00
6.900968188968377603e+00
3.092478076653024388e+01
1.033717847384104083e+01
7.773408968888305459e+00
7.271695866141019593e+00
7.489049324843113808e+00
1.023061946173941195e+01
9.457052177760671086e+00
8.062765379164121171e+00
7.926794097510917680e+00
6.708325209232574693e+00
7.658386650085057923e+00
7.574077763732007362e+00
7.563368824979848526e+00
7.811789848921228518e+00
6.603002328162865808e+00
1.174154510407746876e+01
8.615332500105386870e+00
2.494084455385270971e+01
1.448906289081332233e+01
8.045283505930242995e+00
7.730056628235827176e+00
1.827997089448851398e+01
1.376302945399819677e+01
8.211324883609481873e+00
1.510180811790531230e+01
1.568632239456455757e+01
8.552099275100456310e+00
9.530354945427211177e+00
8.353961953742645719e+00
1.732963988789719423e+01
8.224861056000278836e+00
3.510659376631092954e+01
8.128574854516562809e+00
8.077014574029696803e+00
7.688337370328925502e+00
1.496806620372983154e+01
6.492738947115269887e+00
7.872249717477176389e+00
6.407549433487531587e+00
4.935029298176782042e+00
5.811316814845691070e+00
4.687766187104998927e+00
5.269071121640894972e+00
5.195328076893598102e+00
5.676630648444814575e+00
9.897765466531000200e+00
8.164333299959636747e+00
5.897503561986729537e+00
1.241574045808760651e+01
1.325816721890795336e+01
6.908474498551676390e+00
6.464998674665483058e+00
6.078514859866371189e+00
7.256578566085881477e+00
6.035077229632431539e+00
8.411715398042995062e+00
8.315387658305917640e+00
5.124250838776147177e+00
1.032150154796551256e+01
5.045387944543623604e+00
5.170508025132610541e+00
6.363210597576788530e+00
6.045602317682296167e+00
6.478961070379623877e+00
6.710564193916993325e+00
8.205169526630397669e+00
6.930221698306064049e+00
1.639587191436548963e+01
4.845840491245235526e+00
5.105795987069146058e+00
5.309445058836922193e+00
4.641203437786858288e+00
5.231871228550668995e+00
1.816257635105124635e+01
4.733036546929591282e+01
1.826339281124993263e+01
3.025245484416328168e+01
9.076426524500638138e+00
2.159800007905109354e+01
8.244556553827393941e+00
8.671390749013083266e+00
1.033797611032247055e+01
9.764307060847233544e+00
1.460735378239939841e+01
6.428021126926008577e+00
7.615089750023156689e+00
1.660948012164366006e+01
1.367460289193603273e+01
1.319307930501000747e+01
1.883398046032030848e+01
6.725403498359342258e+00
1.227321861114821644e+01
1.578530353075354142e+01
1.074370056758203695e+01
2.270096894098195506e+01
5.060829290401258618e+00
5.359962569310599889e+00
6.804415611282998100e+00
7.055449259795738115e+00
5.226507419757908224e+00
5.709547671049062245e+00
5.992366727203014776e+00
6.595886627392403057e+00
7.596676462322492718e+00
4.887098705249120378e+00
8.036749999162770663e+00
7.130312138108799047e+00
2.021129287163134336e+01
5.254833040124077037e+00
9.957197214316741096e+00
5.750474013153297648e+00
1.208198782555867723e+01
7.277163781580194168e+00
6.345536266748282195e+00
8.726336714556671481e+00
4.581623970458935879e+00
1.398524107468742628e+01
5.365138863262358448e+00
7.964356628801748883e+00
9.652180879035876515e+00
5.294120645284606574e+00
4.930537791684209914e+00
4.541036405598141812e+00
5.491117152205457153e+00
5.999650936170631610e+00
1.310620131550333411e+01
9.036590535437841964e+00
5.032480337742772036e+00
8.285933734664613581e+00
1.194293938691187051e+01
5.972220161666604632e+00
2.517315916909106477e+01
1.719563754364133601e+01
1.552843598247260815e+01
8.609317612517246587e+00
8.658529578397397231e+00
1.293632326603227156e+01
1.941399378390005026e+01
3.173516180590642222e+01
2.227681528257038579e+01
2.184949621242273565e+01
2.070013029099406765e+01
6.890576664415504204e+00
1.055138676584028801e+01
8.685557520936729503e+00
7.833491092446377202e+00
1.240889798768493613e+01
1.671566396244491060e+01
1.464641053027964546e+01
2.253913846234986451e+01
2.897279602927399722e+01
1.668358897751510739e+01
1.262765876506797547e+01
8.645618374675283491e+00
9.033052638427557568e+00
5.770340711034679160e+00
1.075793415435063061e+01
1.533260069729917952e+01
2.048411557814230122e+01
1.584974274309850628e+01
1.036151084279975088e+01
3.211972957619278901e+01
1.293313982669472928e+01
1.170333536068530478e+01
5.443425338055571494e+00
9.547481834313291671e+00
5.837621974956838322e+00
6.124644567122968120e+00
5.557384761759283087e+00
2.840220260656529305e+01
2.714611466492900504e+01
3.588004066743320664e+01
8.839788370362001046e+00
3.317051226177029832e+01
5.155660786243421967e+01
2.281214793326361701e+01
1.927391446592058344e+01
1.871150970817725678e+01
1.527844227642465569e+01
2.439809787550099784e+01
2.041484922650732869e+01
4.711515250293977886e+01
1.411418503561776028e+01
7.380560254363063066e+00
3.035696028883814535e+01
2.329010682179352543e+01
1.215469643105744524e+01
7.973043696095033717e+00
1.094451233684027258e+01
1.623781868549835750e+01
7.575478496100754633e+00
3.822359959769823234e+01
3.972159305405699570e+01
4.699079261574709676e+01
3.048886239355029204e+01
5.395734629448470798e+01
4.339998060044973727e+01
2.396133677846572141e+01
5.962663382890417552e+01
5.515523766400304595e+01
1.966127011685869874e+01
1.950737815385019047e+01
3.559607068145349729e+01
1.620994508011682456e+01
7.473206867598930714e+00
3.715863328114392772e+01
1.111149362945585217e+01
2.667535592418629520e+01
6.308533771937900880e+00
9.072526650020851235e+00
1.709647523095691213e+01
4.813085723944501382e+01
3.378428656908867111e+01
1.244153188098010965e+01
7.970125121554439751e+00
1.515798610136767444e+01
1.651576973527239645e+01
3.954967866612824423e+01
3.760082118475629187e+01
1.610910747434448709e+01
2.193925406574788894e+01
5.454080834817380818e+00
3.676400321660170079e+01
3.627630332946467462e+01
3.615900718824255478e+01
4.541716059606344835e+00
2.033622806699304419e+01
2.617005650585124243e+01
3.144757935662751080e+01
3.078168139828292027e+01
5.578802788454114925e+00
8.235767839633256315e+00
5.461600921826424759e+00
2.575129725311237650e+01
8.922976462133453524e+00
3.574052801728849005e+01
2.547645441003977851e+01
6.448973415961570765e+01
2.423568616123873909e+01
2.605883358602997291e+01
4.033298779718275995e+01
2.432836586972937809e+01
6.051854333148535403e+01
4.410521907208628534e+01
6.612221595838671817e+01
5.736961819490487358e+01
4.154507700903705114e+01
2.306128275021576712e+01
1.779075788155053672e+01
4.531907113842171952e+01
2.392200794153023224e+01
2.463892532656829459e+01
1.904126490562193652e+01
1.903493636771234065e+01
1.962972935060346913e+01
3.303387068065380561e+01
1.532711809234913858e+01
5.121793217681976707e+00
1.119328897701690018e+01
2.765487434379137710e+01
2.811434076034577245e+01
5.655745257711679841e+01
3.321744397321793940e+01
2.764571434677041140e+01
2.196723229884412376e+01
5.678977870156239760e+01
7.425232970698351309e+00
6.400871406858634316e+01
5.509702440535632917e+01
1.982068631249744328e+01
5.458872630496374256e+01
1.862362559616809321e+01
1.735197083355832959e+01
6.606657710494746993e+01
2.121732361196072247e+01
5.160393276862054535e+01
5.540605406161677848e+00
4.680650710276013093e+00
8.479153215713871816e+00
5.048312097780594421e+00
1.739044869515619851e+01
5.703562721933584712e+00
4.599959589697162343e+00
2.100667699476456463e+01
8.278710446518887878e+00
7.366626327060139978e+00
4.855797215369256570e+00
6.070337058706244626e+00
6.175171516246390269e+00
6.619336850261468896e+00
4.822372199077723742e+00
7.847378030167607932e+00
5.526813250462468297e+00
5.582656140467495476e+00
4.491307828414897507e+00
1.081379537277310376e+01
5.404168205269835212e+00
5.854686553967939133e+00
1.633366808477592258e+01
5.372196673349633578e+00
5.080839350264306553e+00
5.169447916033960588e+00
5.384426478979825959e+00
5.808313303042313080e+00
7.929165617060816906e+00
1.083714088851181145e+01
8.472758102491109611e+00
1.445560852156210530e+01
5.731430685852275886e+00
5.077160070879989107e+00
1.208944008318721330e+01
1.750286625171746735e+01
4.990970686424534009e+00
5.508022870478158417e+00
