2.444416927770552661e+02
2.444416927770552661e+02
2.739991357621855741e+02
2.697340709055881689e+02
2.508456490158121710e+02
2.508456490158121710e+02
2.699864075998584667e+02
2.375818661136624712e+02
2.348918490098438951e+02
2.910113148450824951e+02
2.950668705343748570e+02
2.679091787362864352e+02
2.672291333951619663e+02
2.384836705725918478e+02
2.678332597610598782e+02
2.755984347491847188e+02
2.424701499715656041e+02
2.666348014575207799e+02
2.686574719907500253e+02
2.479544873190404246e+02
2.283255179725745734e+02
2.391963484877939550e+02
2.513000206283063562e+02
2.523522328929118430e+02
2.225849795266314572e+02
2.202239896942066082e+02
2.290506359795534763e+02
2.541614406967673858e+02
2.360874883615317970e+02
2.461426923439330210e+02
2.669875438953406501e+02
2.557865519276727468e+02
2.657459456424599011e+02
2.788496500762194046e+02
2.675866781201270896e+02
2.667358458496055391e+02
2.388693344325088788e+02
2.659005767930941033e+02
2.749658826550203230e+02
2.408487497218214344e+02
2.668315891055772795e+02
2.364892447220107670e+02
2.663881826751829180e+02
2.742901502516891696e+02
2.560385862863893749e+02
2.376868648770817742e+02
2.663563183616150809e+02
2.450198468264215421e+02
2.626841719180138170e+02
2.415525261756675377e+02
2.699216702982915308e+02
2.361700615300871391e+02
2.642539117126602832e+02
2.476060730087407933e+02
2.533982181119430379e+02
2.335569844769034944e+02
2.652801348794905039e+02
2.567872148226792888e+02
2.473954485980770528e+02
2.511893687835870708e+02
2.498249243875590935e+02
2.640781521016065767e+02
2.633139663134205648e+02
2.497677459941059510e+02
2.662762332925630062e+02
2.412563934379140278e+02
2.378365777689399181e+02
2.376596677078370874e+02
2.342486039474763402e+02
2.653789573234417389e+02
2.476369780314688285e+02
2.657802212972404732e+02
2.634763142987563924e+02
2.516113426302228788e+02
2.494890872931319166e+02
2.696408895931556344e+02
2.657390064251741819e+02
2.524635829379170104e+02
2.322910733132600285e+02
2.392201329697527683e+02
2.357781614915934085e+02
2.627320750003343619e+02
2.840782859096457287e+02
2.344053596491221469e+02
2.671781187815942076e+02
2.589889144748146919e+02
2.626742153530624364e+02
2.372418572454287187e+02
2.546546999464538032e+02
2.415174145332285036e+02
2.682099063167239592e+02
2.641173426723315742e+02
2.699375370856386098e+02
2.563080875083109049e+02
2.393793362118977370e+02
2.840744418530219946e+02
2.361535002228655458e+02
2.650267803265965085e+02
2.264010111213589482e+02
2.698658179322897013e+02
2.814543444119318565e+02
2.913619974639527754e+02
2.639686547957052198e+02
2.566522101194155994e+02
2.639697249268877499e+02
2.339402097668202032e+02
2.457996891134924624e+02
2.446639136442557287e+02
2.618734710422307899e+02
3.065795608467197439e+02
2.758026038567172122e+02
2.558473108425395708e+02
2.681024226366053540e+02
2.515349237315244011e+02
2.671373099269673617e+02
2.644936324405858841e+02
2.670957062188904274e+02
2.729772192875010433e+02
2.676357842631209678e+02
2.614328832566814071e+02
2.536903150163846590e+02
2.312403997869619161e+02
2.505737839611732056e+02
2.635952003046396044e+02
2.655586290583640903e+02
2.651624491114313855e+02
2.664378654521212297e+02
2.677310777883282071e+02
2.674065053328278054e+02
2.355625544291461324e+02
2.730061900713309342e+02
2.609922090544658886e+02
2.545795428323362444e+02
2.278869035971393657e+02
2.676313602795185034e+02
2.668650879322530045e+02
2.671240266706932971e+02
2.637278443469770082e+02
2.398245977432890186e+02
2.660266583752639917e+02
2.644742309841603287e+02
2.479635835416880241e+02
2.587248777813069864e+02
2.433345260151590708e+02
2.945122763438205880e+02
2.640902347489616204e+02
2.649540627033604210e+02
2.472224711743420187e+02
2.504235222681417099e+02
2.414774163305735328e+02
2.659395256965426029e+02
2.518608491157590947e+02
2.659026142842346303e+02
2.672412778516428489e+02
2.260526480183225715e+02
2.492796073231413914e+02
2.594582606495378627e+02
2.694683843514926025e+02
2.616955249538040107e+02
2.627594721155450657e+02
2.450241707746987458e+02
2.548984799798492986e+02
2.696768010821350572e+02
2.647643445740898187e+02
2.567759425872719703e+02
2.401473415307527546e+02
2.905050688965557129e+02
2.544719088024011171e+02
2.737077068358804581e+02
2.426219713881618247e+02
2.479710754315150893e+02
2.518079734912042227e+02
2.699473577000492810e+02
2.643634334703577906e+02
2.671108750799254494e+02
2.690944869223725391e+02
2.505418948248125730e+02
2.644387824602072783e+02
2.701333571250963814e+02
2.727073193524840349e+02
2.539941481482269126e+02
2.384580989588475575e+02
2.725280435361536320e+02
2.385522620191889587e+02
2.469662139961683351e+02
2.397645823971868708e+02
2.392202375480317187e+02
2.284093582082224998e+02
2.624557793040179376e+02
2.449223620757540516e+02
2.577275448866604393e+02
2.226438018608619984e+02
2.277318599015639506e+02
2.650229694062884391e+02
2.375180425442245280e+02
2.950594861856975513e+02
2.699850053211153522e+02
2.244337388520532386e+02
2.626838598481273834e+02
2.628889350977507320e+02
2.608249413266299257e+02
2.710530158564582734e+02
2.374743811604543566e+02
2.194179350739273957e+02
2.293335554387663251e+02
2.694465322480361920e+02
2.364281694335814734e+02
2.844894438552942120e+02
2.432081071052223251e+02
2.679492248419754219e+02
2.886379488374906259e+02
2.361194065620423999e+02
2.650120917762601493e+02
2.750497538494085461e+02
2.677850955788526335e+02
2.657344083834154844e+02
2.657049132746549844e+02
2.649475224464475787e+02
2.393667014373775146e+02
2.678798812553104085e+02
2.629936601904648796e+02
2.445827833605473245e+02
2.696664431578267909e+02
2.466831267129082619e+02
2.304723891712662294e+02
2.660174737454019578e+02
2.343922020233719365e+02
2.643986846373734352e+02
2.255553337195068480e+02
2.698448025903812777e+02
2.351389032830506949e+02
2.558011704590472277e+02
2.745989665605488881e+02
2.673738821893193176e+02
2.651777228365714336e+02
2.621295455374152539e+02
2.646308476908404259e+02
2.433885371081202038e+02
3.015399759956872003e+02
2.485597052345260920e+02
2.907314470401345261e+02
2.199997803009275685e+02
2.955624375579554908e+02
2.393589696848881658e+02
2.433866675234819184e+02
2.373532116694386218e+02
2.490695421360333057e+02
2.565716615541446686e+02
2.677521337846541769e+02
2.891233026664755812e+02
2.437937877500577883e+02
2.551488196665197279e+02
2.446855183792702064e+02
2.474762632949496890e+02
2.965446395613294044e+02
2.355776966098756304e+02
2.592281635948276630e+02
2.394539850345128968e+02
2.411913851907556534e+02
2.564778167567936862e+02
2.520653594759679947e+02
2.565742646924948076e+02
2.495279829628635184e+02
2.476262635159781098e+02
2.873193156584194412e+02
2.466466666619543844e+02
2.755972918252857653e+02
2.420468803252188934e+02
2.958296527532777986e+02
2.445658008131811130e+02
2.591260348924042205e+02
2.559391348336831982e+02
2.856737233598153693e+02
2.609810518140509998e+02
2.407273503426892205e+02
2.491690360726782956e+02
3.008832434905331183e+02
2.428391583864290624e+02
2.429094930315759484e+02
2.500411266965369919e+02
2.556622719606323813e+02
2.511066186318449809e+02
2.494359866465894413e+02
2.384276959013701003e+02
2.477217802868916010e+02
2.846139068028858219e+02
3.008862514550140190e+02
2.425458911280524035e+02
2.292679283148366665e+02
2.208603344691638029e+02
2.446582981523531259e+02
2.997560671687594436e+02
2.516184653520284655e+02
3.002427335568852982e+02
2.827160845496013053e+02
2.546083500772265040e+02
2.424363536179117773e+02
2.336399693022365796e+02
3.018538380900128573e+02
2.509222423106744202e+02
2.849538147201772631e+02
2.474092165745551597e+02
2.507861772935833073e+02
2.557587474533079899e+02
2.957229500506130080e+02
2.925496135465414795e+02
2.944365000009976825e+02
2.382366133130242645e+02
2.532795590626123499e+02
2.453075199713609891e+02
2.274350274717558307e+02
2.795287884310010895e+02
2.460624517964380971e+02
2.499519040079423462e+02
2.409094674524815787e+02
2.532485097034910098e+02
2.531903063573475947e+02
2.488248901801512147e+02
2.472938455279968935e+02
2.308413909966301105e+02
2.496302039289150230e+02
2.638076056642590288e+02
2.861583008189341513e+02
2.853158755485789584e+02
2.540033616344348104e+02
2.970819476568948403e+02
2.424910469509122208e+02
2.393501803587818415e+02
2.668806506949226218e+02
2.407561581854147619e+02
2.467058558975394931e+02
2.788215558916640475e+02
2.350260129776106623e+02
2.631935393077470735e+02
2.536649161222205464e+02
2.659373740342836072e+02
2.820476603001390572e+02
2.832307985503088048e+02
2.649683536869670206e+02
2.664432132337358325e+02
2.579596579818443161e+02
2.560723850099094534e+02
2.650034911425934752e+02
2.661557079923966853e+02
2.646352435499895819e+02
2.655082221392128758e+02
2.439633520472233386e+02
2.635406254753389703e+02
2.631055951573897573e+02
2.641231783464282330e+02
2.659948074092339425e+02
2.648171324681005103e+02
2.648910770309400959e+02
2.663425017457224726e+02
2.659857988822627135e+02
2.653283002587874648e+02
2.636799434666584148e+02
2.652405550183548826e+02
2.658639906423846924e+02
2.658810828188331357e+02
2.635439548922653330e+02
2.464781486172499569e+02
2.454973668119918955e+02
2.550783425210095459e+02
2.973702945230130581e+02
2.493537244835608817e+02
2.560662987275233036e+02
2.471592123568258899e+02
2.774240093918009507e+02
2.497305265468514222e+02
2.252247567435744315e+02
2.498159719611325613e+02
2.185787447956596736e+02
2.450942014027569371e+02
2.554063703550862101e+02
3.006902190473928158e+02
2.467892942059365282e+02
2.461696620344395967e+02
2.461771355316474796e+02
3.035143879975998971e+02
2.926356675591623571e+02
2.450816294469144054e+02
2.174033320693715723e+02
2.546941140872261826e+02
2.487074480833759935e+02
2.450123785884696872e+02
2.615103689725566483e+02
2.613129376779188533e+02
2.645231624090297373e+02
2.969217038432568643e+02
2.319723472882111253e+02
2.575944884413852378e+02
2.598647106161022862e+02
2.412928634629690521e+02
2.671973584101454549e+02
2.296144727392116636e+02
2.471595614676361947e+02
2.639892932319717147e+02
2.864412608086331602e+02
2.171971879100266278e+02
2.654907624023046537e+02
2.643131123946180310e+02
2.659153738036392838e+02
2.658578783047459524e+02
2.439519240602997172e+02
2.593041040365847039e+02
2.391044724175651197e+02
2.524403535690207718e+02
2.452332762319360882e+02
2.554443436042800784e+02
2.853229149158282780e+02
2.374679022254963456e+02
2.765360639684403168e+02
2.427468102662604679e+02
2.754383634897676529e+02
2.258465282381462487e+02
2.598527630861966031e+02
2.314945006014843045e+02
2.463081248053051411e+02
2.154200093357315211e+02
2.387880166404531224e+02
2.589433902045144009e+02
2.218801036110625091e+02
2.683092250676274944e+02
2.495243944169887129e+02
2.345321705008780953e+02
2.680690211233010132e+02
2.432734166350037697e+02
2.533174771871709083e+02
2.454428281582650584e+02
2.906276604997707409e+02
2.425849430150449280e+02
2.461776829738665811e+02
2.491268707810228875e+02
2.398446154448400307e+02
2.451364442655906828e+02
2.448361498700709262e+02
2.555947543120718137e+02
2.379655412669271470e+02
3.026381167780038481e+02
3.085328759627679460e+02
2.663231821232069478e+02
3.053717640430949132e+02
2.496792480715108695e+02
2.407086651526862795e+02
2.256558907937392462e+02
2.531212826021205160e+02
2.419191814668292295e+02
2.397809993919547367e+02
2.495847771904687988e+02
2.513743160013588067e+02
2.586151824708955473e+02
2.524714192457904005e+02
2.465660020910692651e+02
2.529113243556498389e+02
2.579728508831390172e+02
2.248841070549950132e+02
2.485167738221543061e+02
2.521965120031666459e+02
2.870157582546660819e+02
2.475879980850927495e+02
2.455324062948683377e+02
2.462668458186044234e+02
2.448325964949976878e+02
2.646550765221305710e+02
2.510666498253043812e+02
2.928822772038098492e+02
2.938583820891939240e+02
2.928597984317665350e+02
2.812674114980034119e+02
2.622157701338139191e+02
2.557464841245500793e+02
2.674593800721431194e+02
2.565294323669737651e+02
2.418544575534970704e+02
2.559967236126217927e+02
2.672437473842564373e+02
2.774923808488309760e+02
2.400977614719340352e+02
2.423166417003116635e+02
2.594364620730777915e+02
2.447620619609542700e+02
2.700733770533641405e+02
2.427733913807484782e+02
2.444972371999105007e+02
2.619854607933725106e+02
2.401395595877760627e+02
2.497809238916490813e+02
2.949189560488434836e+02
2.234132821379715494e+02
2.484731638292212494e+02
2.407124093653977184e+02
2.478896045157743515e+02
2.715453372358360866e+02
2.462205415034588327e+02
2.526860206743145341e+02
2.485764955984506059e+02
2.349132568128250114e+02
2.626880210785104737e+02
2.476424406499990027e+02
2.500188324445891794e+02
2.420369493841708675e+02
2.555570781288692501e+02
2.711153151917875448e+02
2.893303565123136991e+02
2.478550748609964671e+02
2.371399885401974643e+02
2.532907116958530196e+02
2.469726512297179966e+02
2.585503934823592544e+02
2.537905912335041876e+02
2.766666445467121775e+02
2.470462835434517785e+02
2.530747188554477134e+02
2.578121661798432456e+02
3.091831876441024747e+02
2.397474761577312279e+02
2.790884990833305892e+02
2.678175498596344255e+02
2.573061491305157347e+02
2.843827485383131943e+02
2.455788942164706441e+02
2.438451671991461751e+02
2.503579963926482890e+02
2.691007590475653615e+02
2.652430890119585456e+02
2.387474079073323878e+02
2.858772048276487112e+02
2.828572514944825116e+02
2.576422922210464890e+02
2.342089668629046173e+02
2.667482953802066277e+02
2.383600568646861575e+02
2.934364255532242396e+02
2.431010121243226365e+02
2.419670935799668996e+02
2.705605417710265783e+02
2.470619673745972307e+02
2.966810685059388675e+02
2.553184610694490004e+02
2.450389420858104756e+02
2.638197258621224819e+02
2.640235405588343838e+02
2.653258641018278468e+02
2.402148517359267998e+02
2.521730094237016147e+02
2.594745463137890624e+02
2.498980424107174372e+02
2.658529340665799054e+02
2.894721992538986797e+02
2.419928522389634509e+02
2.540682066932159273e+02
2.463295146454327664e+02
2.454279043899062458e+02
2.417655015988716514e+02
2.968834520418763532e+02
2.409048242473216987e+02
2.480003376481202224e+02
3.009291601465647545e+02
2.431869679642659889e+02
2.214373253474072385e+02
2.653553861346779286e+02
2.425655442510972648e+02
2.965692235442845686e+02
2.466837091514150586e+02
2.470397369043076026e+02
2.569883182568107713e+02
2.503322974630346494e+02
2.424230239471004609e+02
2.621900238197422368e+02
2.630939865036577316e+02
2.868823088562913881e+02
2.468904607162035632e+02
2.434740860765377306e+02
2.846395055584357010e+02
2.641631011341725070e+02
2.990813581193564801e+02
2.480561116337730709e+02
2.488596732906771649e+02
2.432374551647955059e+02
2.673126359633497486e+02
2.532230438663600864e+02
2.964639951607044281e+02
2.504426096221218359e+02
2.421729747175304510e+02
2.280046992675461865e+02
2.531725425298130290e+02
2.478957822342964619e+02
2.401603499316595389e+02
2.643509318548585725e+02
2.974039599776102136e+02
2.581752498673535001e+02
2.981944250768406732e+02
2.667534703222158328e+02
2.476107286899529925e+02
2.416963012885328794e+02
2.617666396600180292e+02
2.423233298147791288e+02
2.798580769208960533e+02
2.437273891657906404e+02
2.475280507889825117e+02
2.832732635928273908e+02
2.401970187927281586e+02
2.410230919823411853e+02
2.876465413419095398e+02
2.905216866126928039e+02
2.656497289749530069e+02
2.543446570535635090e+02
3.034499583492727197e+02
2.399222051567749645e+02
2.658069794851324446e+02
2.413525924804462761e+02
2.964627282868937073e+02
2.428525223589147402e+02
2.362239368107049415e+02
2.444877703271445455e+02
2.584046732505679529e+02
2.597147424681123766e+02
2.440538718469664730e+02
2.435837202063540019e+02
2.439755135102948316e+02
2.536597231097894678e+02
2.568741345383201633e+02
2.425341412436900725e+02
2.698215381212704074e+02
2.591953278590068521e+02
2.235548683561880239e+02
2.448948403413293988e+02
2.564993006328137426e+02
2.414661862625963522e+02
2.653257489399887277e+02
2.638328786630086142e+02
2.438469576850606018e+02
2.570812981846180492e+02
2.385828979379176928e+02
2.491745883410525835e+02
2.723566585886749749e+02
2.505285032139722432e+02
2.267294056135587539e+02
2.646685621800055515e+02
2.893297211506807685e+02
2.555837031316435457e+02
2.846048057128008963e+02
2.322274927059245897e+02
2.767014348965431054e+02
2.422702751009121585e+02
2.215645156573107499e+02
2.960420879379620374e+02
2.280220447302990294e+02
2.463379203296717606e+02
2.420831430232391313e+02
2.523047941913352474e+02
2.532696249245015281e+02
2.465486656087473420e+02
2.350877730672339965e+02
3.097392878603447457e+02
2.703053327664507606e+02
2.437235212995340987e+02
2.707024344661786586e+02
2.357714190405159798e+02
2.543911867816295853e+02
2.974901163179815740e+02
2.695900447834088141e+02
2.424182482230551159e+02
2.434901615745729941e+02
2.780521983933585375e+02
2.223003908906393917e+02
2.599008268821039565e+02
2.623932032381320596e+02
2.443581118869707893e+02
3.016871826508210575e+02
2.504742701828345730e+02
2.709173571118450354e+02
2.450175812850611123e+02
2.443709697761773043e+02
2.512870603204437998e+02
2.292577288683368124e+02
2.698099801996144151e+02
2.273735522975187848e+02
2.420395627168172155e+02
2.407591477498224606e+02
2.659244898706074878e+02
2.613663371372456368e+02
2.810880381210063206e+02
3.098901588450463009e+02
2.601332863393096204e+02
3.007761463361375149e+02
2.534672331501520262e+02
2.638041996654343393e+02
2.478945601787731903e+02
2.466500511427482820e+02
2.506793676450508883e+02
2.561132181045059042e+02
2.612226272686768880e+02
2.530472837164262785e+02
2.597221847611264138e+02
3.031521998609202342e+02
2.614912263185669872e+02
2.513434470507719993e+02
2.946963192546871824e+02
2.582064776736802969e+02
2.390234723843659594e+02
2.420024679508363477e+02
2.246389854239704960e+02
3.055405105916328239e+02
2.639067822716557998e+02
2.567434670269828985e+02
2.641965828346727108e+02
2.593012156082666593e+02
2.475320992082772023e+02
2.518529043164725465e+02
2.478314433414184919e+02
2.460663749728680614e+02
2.476746350944741266e+02
2.498797867848981582e+02
2.422948181377763319e+02
2.931454126881072284e+02
2.394215140942004041e+02
2.453613292807770563e+02
2.442187804210680611e+02
2.426916035327990357e+02
2.509134947636351285e+02
2.165703007679468328e+02
2.456060796291545216e+02
2.368643643006724062e+02
2.764640069481500859e+02
2.535773838267648728e+02
2.461589323552780684e+02
2.679811150587919428e+02
2.647430321639084809e+02
2.402698026552380952e+02
2.460094839004287905e+02
2.462604070003334584e+02
2.433855750544378793e+02
2.948582406495245323e+02
2.646010605116263150e+02
2.613905482010214882e+02
2.541728032350061710e+02
2.782437815850653919e+02
2.442971016107488254e+02
2.651886241823843307e+02
2.387116394766628105e+02
2.568515160753442501e+02
2.482726039872699744e+02
2.513135300296207504e+02
2.600360626170974001e+02
2.445485757347114202e+02
2.432448543591332850e+02
2.442407031016417704e+02
2.465070909309571618e+02
2.235081014567299462e+02
2.408801704239818946e+02
2.806919969300965363e+02
2.279638843976445628e+02
2.406221064786617490e+02
2.647832331880474044e+02
2.515642014269392917e+02
2.373955111134154663e+02
2.820494219566878655e+02
2.427160461369973348e+02
2.514704211884373990e+02
2.645860585051368048e+02
2.661118537966632402e+02
