6.782039332310331758e+01
2.921688824759923975e+01
2.921688824759923975e+01
3.981072210717914572e+01
3.688316795028606521e+01
3.339227915290262416e+01
3.339227915290262416e+01
6.707438096457782706e+01
3.169291757565331125e+01
3.011167844229745683e+01
3.021757093908751202e+01
3.549158532478845274e+01
3.698968042055067684e+01
3.766176937839468764e+01
2.342087652516611485e+01
4.022236692866467678e+01
3.623493248790235555e+01
2.891802583786025238e+01
7.553704171355381902e+01
3.755180465674263246e+01
2.887408487191907014e+01
2.909672863323621073e+01
2.881954598742267137e+01
3.340185181632622147e+01
3.548833096794728448e+01
3.726040578999887032e+01
3.001090672185850394e+01
2.471635977041224308e+01
3.525263234582880045e+01
2.766937956627105777e+01
3.859396640362342623e+01
2.451105294229368425e+01
4.238684020060276225e+01
7.237651955727872632e+01
6.802282619604589797e+01
3.154357955726584350e+01
6.301460584260861708e+01
6.965857341255538415e+01
2.902427879523566645e+01
4.989733132325714848e+01
2.825197047093308456e+01
3.327308445370013601e+01
6.831771769785122217e+01
6.921214906156107816e+01
2.978534876706714840e+01
6.824028880731184188e+01
3.556231366392902515e+01
6.441358148364344061e+01
2.795990758738110671e+01
5.028098145668459296e+01
2.189921315079963193e+01
3.271849796663104115e+01
2.853923757711985587e+01
6.555943413675474574e+01
1.073064072620459513e+02
3.005706313397701024e+01
7.351105081689892984e+01
3.240066972084554919e+01
3.365679138022657924e+01
6.508698427971104650e+01
6.126289998084362765e+01
3.717323724272026197e+01
3.400555353746020160e+01
3.467401681184950490e+01
6.842420028536071186e+01
2.964675673469069750e+01
2.769027242578943415e+01
6.625242414230362442e+01
3.897204442572828498e+01
3.086870466816120384e+01
2.494370306857260999e+01
3.187988679508604051e+01
3.065997429993612400e+01
6.656211153478746212e+01
3.282764462460153254e+01
6.468468590133707607e+01
3.068221154598424150e+01
3.819280110673783923e+01
6.979048770421672998e+01
3.164854815141978861e+01
2.951792801004228295e+01
2.775062499544085881e+01
2.221590007990248239e+01
2.651121988343176383e+01
3.170233059156418065e+01
3.132774663983255437e+01
3.893672337722239973e+01
3.220835187469560168e+01
3.069523796338733490e+01
5.433919581054171744e+01
2.910797425261522875e+01
6.866195963385183632e+01
6.894586744078995366e+01
6.693732081583750926e+01
3.641055498666698043e+01
2.573406349830359119e+01
3.003988275738437252e+01
4.768478515961047037e+01
3.089633909416385649e+01
3.358295630213837768e+01
2.872235609723950134e+01
2.160653876078329105e+01
2.844809374349591025e+01
2.525032023215664623e+01
6.963721682569345717e+01
2.130806839700722932e+01
6.693621799480285972e+01
2.784595308921405277e+01
3.377282734297034494e+01
6.281969392280317521e+01
3.157779542969385034e+01
3.630454826099808230e+01
6.818365788909338221e+01
3.052490522393087247e+01
3.075158687118190670e+01
6.255695848786494651e+01
5.045771578625787868e+01
4.407230009114557134e+01
7.822159365629913452e+01
3.529788713012132462e+01
3.018370112924466042e+01
2.492700514376851473e+01
3.609307700479446623e+01
2.216546286703990276e+01
2.645241053037292289e+01
2.985721838024978680e+01
3.993633714598023943e+01
4.302134544670568062e+01
2.816501222537806370e+01
6.686859121813030526e+01
4.670265270737429830e+01
5.049761156895473846e+01
6.764203631381039372e+01
6.922475936421811582e+01
3.335881981605031399e+01
2.863532447041788842e+01
3.517433057709320821e+01
5.567829027390267527e+01
2.782878741330022976e+01
5.168438235223307231e+01
2.680556761301157209e+01
4.290408368089481428e+01
5.295367265321569050e+01
5.231672078930853331e+01
2.849139760782916753e+01
4.145795497594190948e+01
6.954900358947868710e+01
2.842798945535245991e+01
5.842432742465726392e+01
5.061180777084883431e+01
5.088424553776246739e+01
3.706298408412177992e+01
5.262717890914819918e+01
2.492118535065129237e+01
2.763973346190135416e+01
1.004052078729372823e+02
9.831514812445894336e+01
1.136915036546564579e+02
7.915611542776831300e+01
9.351207078365828806e+01
1.016120057555629614e+02
1.004830907411510026e+02
8.482294146265351742e+01
1.006499005699445064e+02
9.347656457661939555e+01
9.381577787927086831e+01
6.723430202841338144e+01
7.332543786512719919e+01
9.924858847318579080e+01
3.693921930868753378e+01
6.401015947486691005e+01
5.259007540728189412e+01
5.609674604854768631e+01
2.811579511322515046e+01
8.889798909027921070e+01
8.648773069867584695e+01
4.818113492672274134e+01
9.510849790801641745e+01
9.701333904111193362e+01
4.851764925598469347e+01
1.014390770314654162e+02
6.530019073783573447e+01
7.020639542326719607e+01
8.596564001853977288e+01
6.507440488930402012e+01
6.436383843767698920e+01
5.951661318421509606e+01
1.142523807400788343e+02
5.147884816723176726e+01
5.028227557936778425e+01
7.878298335074771330e+01
6.773507252265505940e+01
9.701968790794964548e+01
8.863581930903283990e+01
1.012295604350951237e+02
9.572391196314364947e+01
7.526050319888696549e+01
6.525654471040826365e+01
9.697727220175077889e+01
9.440848648403778043e+01
6.757651332824877954e+01
9.433042646404402376e+01
8.759091267255526247e+01
9.840645847248099187e+01
5.395600999619568938e+01
8.253243118089740449e+01
6.900696938888786747e+01
9.749831007633015645e+01
1.082345968968691068e+02
3.296633155942308235e+01
6.974884241373237614e+01
8.288580822859449881e+01
1.033990809288884378e+02
9.262998779272525951e+01
1.016179249590512512e+02
7.375941852974744961e+01
4.756237371279896564e+01
3.765441524105315807e+01
9.232908414601736524e+01
9.540948278201911137e+01
7.563677192714185082e+01
5.698127873521615783e+01
8.351341000735862963e+01
3.376841940948821730e+01
1.040262815989994607e+02
6.669518620830828581e+01
6.495864805295141764e+01
9.694585542984791005e+01
1.036820245973662082e+02
1.035331452220557225e+02
9.206974046747269824e+01
5.713589410750694952e+01
7.668243124394534505e+01
9.260001778287907825e+01
2.715291446005783982e+01
5.872156280138266027e+01
4.872000837232174320e+01
4.357776108400615556e+01
9.581933739189652499e+01
8.851690425508164140e+01
1.036725236686985738e+02
8.003447145171814725e+01
1.110647279035691497e+02
9.890076571454744681e+01
4.165215032071212420e+01
8.247611277581712841e+01
1.107738128815698815e+02
6.301061063380235083e+01
8.359090549011065718e+01
1.000520157970240405e+02
1.001986491638701153e+02
9.286634962847418251e+01
9.514989067422403934e+01
9.912497201778030842e+01
7.433075274568560076e+01
6.532064151851946576e+01
4.034212261169760438e+01
9.956384900932194171e+01
9.993926641644478082e+01
5.857472353764782014e+01
9.950966651259381024e+01
8.489630914669012896e+01
8.912428025982485735e+01
1.012184954602202538e+02
8.096653482397837820e+01
8.950919921355702513e+01
9.098026419644860141e+01
8.985675197108203349e+01
5.561565497711932693e+01
5.126308069059664518e+01
6.334132610781880857e+01
1.028764582505968690e+02
7.425542814116306545e+01
9.161187801590065760e+01
7.518317817408451731e+01
1.114105142883209254e+02
1.006980015458995723e+02
5.560291356956491882e+01
9.732521349851374737e+01
7.954195324914772414e+01
9.651479647774046100e+01
9.951644432849016653e+01
9.842579045618670364e+01
7.871598490770919909e+01
3.797267677086517779e+01
8.911607837229918516e+01
1.058532470122881222e+02
9.568141703259345832e+01
9.291055940597365748e+01
1.123404159869972716e+02
9.667865643824602273e+01
8.154991104810619618e+01
8.879830982603856171e+01
7.986533507975042312e+01
7.624426652732657317e+01
5.253907237884327230e+01
4.575210145465316458e+01
5.132605514714695261e+01
6.095777819508492712e+01
9.514599018370013539e+01
4.540001827907359910e+01
7.252235296594683689e+01
7.467358143438892171e+01
5.730221244260992819e+01
6.006799544839999783e+01
5.488739014906295210e+01
1.024229669874997626e+02
5.228521276545420449e+01
8.814758525293825642e+01
9.819573605118351622e+01
1.121845590465150195e+02
5.163437473622210661e+01
7.597668186018076142e+01
7.321628389252870761e+01
8.704845184528883806e+01
6.989586281546066004e+01
8.041187307838974618e+01
5.304485187422659465e+01
4.877169633303847718e+01
5.342180103872275510e+01
5.316599569226794131e+01
7.350196433874337743e+01
7.855598859246343579e+01
6.806622148872223477e+01
8.749707703020925464e+01
7.900014532355086772e+01
5.041326562751386575e+01
5.237221736396362815e+01
9.000473650850391039e+01
1.047172877909085855e+02
7.314652763075272901e+01
6.612531460122458782e+01
5.910096306333676353e+01
9.735555653059907399e+01
5.224506679504442985e+01
1.003217681803423744e+02
1.099892303874807311e+02
4.842442413987111394e+01
1.098220661986525784e+02
4.307316848023435796e+01
4.791840559458620419e+01
1.045438163517468269e+02
9.850145651693493676e+01
1.012016049559901916e+02
6.013892420475566070e+01
9.460287130031088054e+01
6.684187496740501899e+01
1.042480841742642639e+02
8.861442537815590015e+01
3.215219194094149202e+01
3.215219194094149202e+01
9.697625107022611246e+01
1.087267387044706055e+02
5.977415531851466568e+01
6.458077716183224481e+01
5.183874483387472054e+01
9.069582918982125364e+01
1.106165951873575750e+02
9.966805090834465375e+01
3.444735682514487962e+01
1.026335165627851040e+02
8.254766225343230701e+01
1.034223645197649262e+02
5.397210532299593666e+01
9.310297347870998408e+01
9.620106845264926676e+01
1.067297877344386308e+02
1.081664860753338502e+02
8.599125693188133823e+01
9.651687887084356987e+01
4.864352988887355878e+01
6.252504404870477117e+01
7.638736816909697325e+01
6.386748280987800541e+01
1.031693868697849013e+02
9.401822240385067175e+01
1.019036219667797951e+02
9.297696842178807231e+01
8.345061913301297807e+01
1.039165753510373946e+02
8.327907916776098318e+01
6.327694022094916448e+01
5.291507991271233635e+01
1.043587318831257420e+02
6.104003254145418111e+01
1.073560897247832315e+02
5.216039247276220436e+01
1.108535341243866696e+02
6.593234496271412581e+01
6.293719293512332058e+01
8.637303776919482345e+01
9.778196903770319182e+01
5.952866668991865140e+01
8.100200301509579504e+01
4.189677571013942270e+01
1.094244040368888875e+02
8.130209845182368156e+01
1.028812046743411059e+02
8.851359378936241740e+01
2.822289596586706040e+01
4.765538643922398876e+01
7.973915915516532493e+01
3.966614426354921363e+01
9.254995792013947664e+01
6.761701097161025587e+01
5.119088108240648438e+01
5.965505028694188638e+01
1.172247264570633263e+02
7.931887466917525842e+01
7.630722385743796110e+01
7.989078206504215984e+01
5.803551090086741482e+01
9.923930309088160584e+01
1.021936478780187088e+02
1.117005066566577085e+02
6.779498656499552567e+01
1.088676663447320720e+02
9.301983567432084499e+01
7.526993659718678487e+01
1.093197562145129496e+02
9.585192924324854857e+01
8.521782526361300825e+01
1.026259558281384301e+02
6.651935641913259190e+01
5.232075423739680531e+01
1.032420464285767991e+02
7.229989290835962379e+01
5.196312393969503063e+01
2.886795924993591456e+01
5.209115665683250285e+01
1.111038840225057669e+02
5.924853822704390893e+01
9.131012021733073425e+01
1.038894512929764886e+02
8.889555369959761322e+01
4.909899333308631952e+01
1.146317731825452029e+02
1.112366935343296319e+02
4.201398644705872698e+01
1.098530649137891544e+02
1.098206849327009849e+02
1.085941578878106242e+02
1.157223845005488840e+02
1.160630660223611272e+02
6.213702651249777631e+01
9.988110880294655658e+01
1.005155735856026098e+02
7.053233728183266749e+01
7.937458433434132132e+01
8.125165062264419191e+01
8.749623188896636350e+01
7.418201702152767041e+01
1.032420712663018207e+02
1.104913347297935076e+02
8.617185242837479109e+01
9.733548952824850176e+01
4.446939558897722833e+01
5.191597298877571376e+01
5.209647759816752455e+01
6.279104637336380534e+01
8.216597691285726057e+01
7.485100189433752860e+01
3.314554206998249697e+01
9.866384234390045549e+01
4.579143803881089525e+01
6.325151993461736311e+01
1.008939697530003627e+02
2.865943885135320102e+01
5.078506561875752112e+01
1.022605102222982509e+02
7.324505160131823800e+01
8.782485591941170355e+01
1.074740844206534689e+02
6.310109126411810365e+01
5.529058114555011372e+01
1.012997481965469717e+02
5.108839518993138995e+01
5.028520583488694484e+01
9.592102693780779532e+01
8.064141437584565608e+01
8.862413480051763770e+01
8.162541420071428888e+01
9.032226297692382389e+01
1.087544427097248843e+02
1.097778921293451759e+02
8.718871350201081327e+01
7.817873479233801959e+01
1.058354744815329127e+02
8.456847498335619662e+01
4.471993763035798253e+01
8.662818556626787370e+01
9.452906940814524717e+01
6.025770847939195107e+01
8.024582993227095074e+01
1.004138531414261024e+02
8.013429095554931791e+01
4.314354862486771225e+01
1.016676123303682715e+02
4.472486759008614143e+01
9.516466791847342677e+01
6.721880259330416152e+01
4.476806418397077891e+01
9.567551746486252284e+01
1.064331218824340510e+02
9.889299153140731846e+01
8.150961613980393849e+01
9.080073439359036058e+01
3.708367586514906122e+01
2.942514043837123694e+01
7.029151273526900923e+01
9.162229980744795910e+01
5.461023218568724502e+01
6.612466378942313838e+01
4.510197202245274184e+01
9.247429188809628897e+01
5.663849191340041500e+01
3.785727651301068164e+01
4.033961045539285806e+01
2.983644860913701535e+01
7.178736577781866401e+01
3.461678503776814608e+01
6.261901731223873924e+01
8.176566406325908076e+01
8.985249195177425463e+01
7.351859002129677378e+01
7.693433911772925171e+01
7.519761751602003130e+01
4.925800117047229776e+01
1.077670443931603188e+02
8.785268131679717385e+01
5.109638355884197836e+01
4.788578517284690861e+01
9.719484021437878596e+01
7.379863376306340683e+01
7.982583715936651458e+01
5.592632154947425249e+01
1.081285614709767913e+02
1.100371530358265204e+02
9.909046439698177267e+01
7.914901611487636046e+01
1.078481676852821920e+02
7.516777236374942106e+01
7.288350530330964716e+01
8.825614964880327307e+01
8.808534566137311117e+01
7.470508064089804634e+01
8.001176797917823080e+01
6.220191132016972801e+01
8.026209722405734226e+01
9.539613512375750304e+01
6.799805092220672975e+01
6.277047492101269199e+01
2.725026093677823269e+01
1.124138822750866922e+02
5.150633129998634274e+01
