1.090353581058768206e+01
5.286403168162133070e+00
5.286403168162133070e+00
5.022096438619166214e+00
1.465205248088464351e+01
7.066118771011772992e+00
7.066118771011772992e+00
6.416955234566379396e+00
1.235353955849070928e+01
1.929591348109504878e+01
1.019216964976430972e+01
7.776236686006406273e+00
9.628069792683008998e+00
1.151996187466481381e+01
2.055060471501085928e+01
2.475269724924915948e+01
2.727574602724242681e+01
2.682468660721144360e+01
2.019178969760485742e+01
4.214316164389193631e+01
9.303582166327135639e+00
9.411983401050774134e+00
2.532327964807614862e+01
4.765290749728460185e+01
4.031795813376027127e+01
5.338863161625639009e+00
7.424327659669836521e+01
4.401159153880764308e+01
6.762801915840906020e+01
8.079532040419475436e+01
2.791311112361902858e+01
1.804508771459427052e+01
2.142154609965428449e+02
1.275233336415086569e+02
4.730258818649195973e+01
5.326249637890227717e+01
6.576208733769588832e+01
1.158252602975893097e+02
9.296375102441837157e+01
7.499009243858353102e+01
9.064014718386358993e+01
4.985189623424913208e+01
1.241731622796409518e+01
1.924306849221719347e+02
1.554648778208925819e+02
1.649351265060738925e+01
8.836079286185616866e+01
2.014905201035319067e+02
4.721416269798862686e+01
8.115387645608444700e+01
1.914758547236854724e+01
2.422073507493625755e+01
4.154743875448220791e+01
1.497455257891016522e+01
1.056410605374951501e+02
3.579155519581237854e+02
3.302847331121309793e+01
1.883795834073521576e+02
4.752182962073098338e+01
4.615966857387401490e+01
1.148025061963541731e+02
6.141361441731753956e+01
6.782959029586747590e+01
1.208318662660622920e+02
1.110276498135957901e+01
5.169014359531239222e+01
9.679394350359192600e+00
6.035997393082183748e+00
5.212619317375166261e+00
2.063292739904155226e+01
9.890066156152437671e+00
9.586719466081618179e+00
9.880958359783425848e+00
7.737861535584231731e+00
9.769912222575555916e+00
9.692606825094614464e+00
9.229344614202954489e+00
6.830572719744091081e+00
9.943220816320309297e+00
1.113157359913462408e+01
1.109203932452862951e+01
7.084131644142672712e+00
1.302679089085340891e+01
8.401854535721266615e+00
5.430372887695683382e+00
6.066057507474728716e+00
6.373214887633169567e+00
1.101449660956521726e+01
5.748204700308376935e+00
2.209929803699778361e+01
7.804707225650606262e+00
5.869435793727411088e+00
9.051183836006002181e+00
6.139725686449166275e+00
1.216383034408687891e+01
1.068604745586219273e+01
9.717650563891288229e+00
6.404913409734095175e+00
2.397210919145102892e+01
1.194504438934513146e+01
1.181621219343871054e+01
6.573340554924951284e+00
7.501206948221271098e+00
1.184918745995209299e+01
1.172165242492486215e+01
9.717285386463085928e+00
7.849787305876231081e+00
1.496031649647767914e+01
1.072008178063998685e+01
2.053004697382021959e+01
7.414074962278163206e+00
1.296493552720725617e+01
1.771256872618275224e+01
1.439431368283817037e+01
2.074974739669444190e+01
1.348886109790629106e+01
1.128786564442462037e+01
1.242453550652677485e+01
1.556487205484477343e+01
1.152323559350853799e+01
1.065815643494473086e+01
1.968201957334801122e+01
1.198059485569478611e+01
1.427132035442839353e+01
1.123989823522517995e+01
8.883737359855313542e+00
8.868663672175216561e+00
7.504242189821135334e+00
6.319914144197420924e+00
9.563259413058840863e+00
1.053037586182088603e+01
9.181447765176196540e+00
8.008445258076857698e+00
9.745108789083770873e+00
1.031717130679801464e+01
1.143693256136915970e+01
1.247347264223909491e+01
1.128732017143944866e+01
1.228432446801759248e+01
9.817414675363259846e+00
6.978027945712899083e+00
1.006066192673260673e+01
1.121576867492346885e+01
1.354332726371242224e+01
8.368532813248650726e+00
1.093338616066433211e+01
2.462757994074054579e+01
8.194050623646266018e+00
1.867631002757387293e+01
1.740390055330677654e+01
1.405728961309268854e+01
1.480019594544536510e+01
1.350494034993444181e+01
8.622542308811366851e+00
6.525007062363907373e+00
5.014955814114224530e+00
5.283086299872561398e+00
8.673846579007140178e+00
9.225238628893045245e+00
1.491839332348659219e+01
2.423500474870917643e+01
9.087222495917643528e+00
7.732546619117433018e+00
2.560836289719290448e+01
9.894364112172578274e+00
1.137216877792751646e+01
1.032709579307452685e+01
9.174349986878985064e+00
8.319302250455457681e+00
1.052779388592576737e+01
1.148280082603028696e+01
1.654817515060754474e+01
4.035419545223787452e+01
2.236150539233511125e+01
1.413478363783628922e+01
1.161339938322815257e+01
1.049861811933550193e+01
1.230251301058474489e+01
1.716360938060613250e+01
1.458897176699643516e+01
1.384651038099374176e+01
6.353113550607015547e+00
7.849755469368551175e+00
5.785504194835723979e+00
6.612789910662111303e+00
1.036151298533090959e+01
5.888216431655241223e+00
5.578843851036043411e+00
8.211712522643306755e+00
7.932731262275143358e+00
8.546270274515595844e+00
6.647420853569460775e+00
9.818025339391708073e+00
1.053737612538072632e+01
1.064161972586117777e+01
8.154309573461697269e+00
6.423434941616905647e+00
5.499273955809319325e+00
5.538851082275290771e+00
6.495684122057265419e+00
8.910039623422274957e+00
1.126435477577184052e+01
5.276218938949663873e+00
5.309369081050565597e+00
7.701680005965209297e+00
1.235451453128817256e+01
1.346137428670235181e+01
6.817062115923304688e+00
6.597654943289363416e+00
6.019427176380918176e+00
5.830264078969893404e+00
6.347092474006729823e+00
6.031076722140387147e+00
5.366051185030952908e+00
5.354734554155949233e+00
2.175013877456953182e+01
1.463894676748246937e+01
7.872217052495789069e+00
7.740616362193229349e+00
7.659262695760077122e+00
6.754349277899933668e+00
1.031632456590524960e+01
6.081330249439552027e+00
1.474126753041971938e+01
8.661763497091481412e+00
9.828027278848070480e+00
2.227847700864730385e+01
1.102549270700294493e+01
1.048639542780787259e+01
1.262494393324346298e+01
1.124534544570600936e+01
1.035831803821341879e+01
1.498849403509828804e+01
1.829704382549891406e+01
2.740157584429440618e+01
1.159987324820222554e+01
1.014746039524432142e+01
8.958376285036564468e+00
8.916558434999645399e+00
5.294064860480190760e+00
7.642492378516136498e+00
6.380941380544023822e+00
1.531916207381688366e+01
1.306759419188891158e+01
2.093139957915270344e+01
1.660290411685190648e+01
6.993144585570543192e+00
1.062480277253474625e+01
1.180260651549558659e+01
1.404074255514846925e+01
1.374994147575372949e+01
1.687030236514022974e+01
1.302453572629664791e+01
1.034236561459912274e+01
1.663885205425710012e+01
1.769871535264647378e+01
1.617639857006832216e+01
1.211247205879779720e+01
1.534551798487003005e+01
1.346709982414485474e+01
1.091966025858047828e+01
1.594418762016559832e+01
1.107150027478185628e+01
9.963019721208082657e+00
1.525077770662438326e+01
1.204060789371970763e+01
9.715296057761458215e+00
1.108639140002621737e+01
9.876115499962560662e+00
1.199201491180713930e+01
2.806860944589388041e+01
1.061270447509759585e+01
1.794596702621300821e+01
1.193476072961053802e+01
1.188795209164014999e+01
1.579454737167300316e+01
1.383396486454506480e+01
1.272183121972302722e+01
1.535945106770865998e+01
1.161589514352866459e+01
1.096899010583654999e+01
7.500002458577573528e+00
1.204502992553529950e+01
2.081391973957902053e+01
1.399219910193400729e+01
1.025485161606630058e+01
1.068132881420572389e+01
1.601019087326343637e+01
5.655542911401193251e+00
1.015769274922713805e+01
8.947824747662650680e+00
1.064755221773179450e+01
9.457721016965836114e+00
5.319270379404652083e+00
4.731303718748875120e+00
5.649322137734824167e+00
5.824676956713546794e+00
5.746024235452247275e+00
5.250670371667013114e+00
6.727088535804555569e+00
5.835002265931173326e+00
1.194981423201434012e+01
2.711327565224814862e+01
6.023310433179585921e+00
9.470713294758754230e+00
8.985738770711614976e+00
1.133653586942370062e+01
1.779139219402291516e+01
1.217950488559098332e+01
7.965258104130661820e+00
9.973968171701182328e+00
1.306802146719764934e+01
8.872168759447603748e+00
7.909986388039781602e+00
8.616190892318122962e+00
1.122451681976276205e+01
8.813294677482465644e+00
9.658633134881073445e+00
1.401570163240688949e+01
1.095128895610323383e+01
8.149418795023958495e+00
6.363326671893573483e+00
6.497779054949462285e+00
7.586007973748136735e+00
2.260142908544627716e+01
2.315425982040972386e+01
1.602719630620897462e+01
2.216092175588909896e+01
9.522356609661134286e+00
1.362469446854677635e+01
9.924076298245356753e+00
9.412355737325970750e+00
1.792758315869905417e+01
1.400770254860918307e+01
1.617327970815042093e+01
1.358420112168366067e+01
1.141947290843920193e+01
1.239586124912151455e+01
1.736944146713120318e+01
1.346616418681813343e+01
1.478630603373375507e+01
1.083297178782774672e+01
1.444533667215223716e+01
1.947438619589718911e+01
1.052420614496438489e+01
1.153153140171740354e+01
1.707895589041893203e+01
1.824038953194227375e+01
1.922456993478579079e+01
2.066750467766911825e+01
2.066750467766911825e+01
1.458377794381114612e+01
1.901475152583286032e+01
1.872102897090254103e+01
1.690793834832004094e+01
1.188755128718871745e+01
8.773443770737108238e+00
8.207258906816814914e+00
7.512005831077493312e+00
7.669247555668751382e+00
7.914236355420019464e+00
7.976791075077678705e+00
7.103223660379796911e+00
1.422704589697835864e+01
5.487504276843028883e+00
2.623780927794246765e+01
1.379012040609740986e+01
9.664718527886320132e+00
1.094782404641013152e+01
7.159162220183050707e+00
1.428190637795083440e+01
1.578470006993344832e+01
6.914086215922488066e+00
9.035796138900341390e+00
6.617982228795927568e+00
6.085231983684027846e+00
5.917029695094561781e+00
9.202137781536595895e+00
8.480815494937196775e+00
1.167193144799076521e+01
5.477938215311075609e+00
5.711731476303386401e+00
6.422517729164912481e+00
5.667059388986924517e+00
5.889150841111443491e+00
5.061614361210385660e+00
1.587309455878939168e+01
1.881057466082068075e+01
5.646871616056202470e+00
1.257764141031180039e+01
7.244519449229969155e+00
5.253521467626398156e+00
1.689539315324672586e+01
6.527368300150096836e+00
1.050573503798630348e+01
9.065961459536747924e+00
1.116844889425029486e+01
8.286190603639658647e+00
9.313126495572031871e+00
1.352180097669317149e+01
8.853841381677440836e+00
2.666946983897193491e+01
3.048480135084356490e+01
2.841671220093023109e+01
6.245828662171541978e+00
2.849860796019371278e+01
2.806721471681890989e+01
2.731485406058343912e+01
1.791995992498595669e+01
1.492885024114576886e+01
1.780542211509800055e+01
1.721594767094792289e+01
1.677356094310736268e+01
5.676035382542775842e+00
7.408359162973071399e+00
1.517796755537804998e+01
1.684204022394069966e+01
2.785296904673726814e+01
4.394005608678163810e+01
2.525299776821932340e+01
2.791995048694765558e+01
5.862143608414761786e+00
3.807081625224385135e+01
1.043425902540119665e+01
9.477249900488079248e+00
2.866282509187027117e+01
8.791608878256681692e+00
5.390488451043766105e+01
1.111150551972759501e+02
2.037738871705695942e+01
2.591480665839019437e+01
2.169603160488742333e+02
1.005806712066702957e+01
7.888277083459154682e+00
7.847071748186225548e+00
7.996685657364055011e+00
8.560982765464265398e+00
2.265486094294259445e+01
6.033255890464145921e+01
1.290626526444045510e+02
1.512486489680224224e+02
6.495371832394451417e+01
1.039013400927960333e+02
1.197064657384343320e+02
1.928049960936755980e+01
9.288035020514384144e+01
2.143966677493162720e+01
4.038406295469065554e+01
5.293808040776860935e+01
9.390712035073282493e+01
1.214456695324100224e+02
2.651378689782395526e+01
9.055235140000055694e+00
8.067519378044963219e+01
3.091125533503371514e+01
7.739388944047455254e+01
8.205724857170307018e+01
6.957499708779558034e+01
8.469845752076780698e+00
2.901723592536207974e+01
6.672215814342160911e+01
3.222031311786361130e+01
3.471294461838496659e+01
3.998644875587613257e+01
9.110873636008369658e+01
5.216886736212838827e+01
8.997853001907021309e+00
3.332067205531736676e+01
7.187899109754974347e+01
4.676720646895388001e+01
3.412485188214575516e+01
7.854667536272518191e+01
9.382709787061665452e+01
4.066577792635872157e+01
1.086263511286512085e+01
4.968724778078565407e+01
1.394022276269882354e+02
2.148260409674330447e+02
1.324380017587696443e+02
1.882280264664752565e+02
2.640630189312542697e+01
8.620597035918631690e+00
2.597192744464353709e+01
4.271286525972721648e+01
4.137814077111133315e+01
2.688836286081028959e+01
9.742955017514525196e+01
3.073277889174349298e+01
2.468193215328466295e+02
9.946759392474239903e+00
4.184959787713932400e+01
3.422132442368934591e+01
3.296144542430320712e+01
7.635509729771228216e+00
4.243286553357306978e+00
4.282530863394943310e+01
1.113186972846912255e+02
1.570035761626732835e+02
8.606593282582245763e+01
9.861512685080185747e+00
2.610304523323043924e+01
3.701863808449237325e+01
1.939901896737331910e+01
4.773609608464923326e+01
2.746055992802720169e+01
3.997468922388313928e+01
8.746850726074634963e+01
1.373138597510247223e+02
6.437382546205320466e+01
4.819129590449569633e+01
3.565486725487523501e+01
2.633369588717092924e+01
2.078668180466043225e+02
4.389775768310538950e+01
1.086592931230631898e+01
3.105287024684435337e+01
1.994512535957496198e+02
2.336183923439376429e+02
7.030315351684112102e+01
7.852678893674317351e+01
4.847168747144637280e+01
1.227545899443398270e+02
1.706851767288398207e+02
1.103956467661164993e+02
1.440129352121690545e+02
8.117119723381321705e+00
7.654157553633489819e+00
9.125857903569944085e+00
8.665102218562017455e+00
1.124173495093829445e+01
9.349759173031488402e+00
7.288330217445326831e+00
1.192765179177750667e+01
2.603127383128667915e+01
1.342901833544928358e+01
1.784428407202401701e+01
9.959258641757392283e+00
9.209422177535497411e+00
9.147408261135472785e+00
7.924059120067710182e+00
1.188462080213256655e+01
5.987515414908094691e+00
6.324713566249944741e+00
6.077624600006455324e+00
5.945445184437937236e+00
5.911347656586782406e+00
5.308728782021708170e+00
5.397074018784246086e+00
5.580404039070685052e+00
4.875011009968675424e+00
7.588573844290239734e+00
7.806744492853255224e+00
8.511736125644974393e+00
7.124301121113809643e+00
7.366385656660696668e+00
