2.723114655405962594e+02
2.487438564534495526e+02
2.487438564534495526e+02
2.753160134818028837e+02
2.714768956693785640e+02
2.542015992774945801e+02
2.542015992774945801e+02
2.709545140117415940e+02
2.419591935238297538e+02
2.396497929340079054e+02
2.427459546303170441e+02
2.947844804853052096e+02
2.697829068895911746e+02
2.691194232401126101e+02
2.443346157734796975e+02
2.695650757077742696e+02
2.769144498544159205e+02
2.469524131966808795e+02
2.676204610248747144e+02
2.511118743916802316e+02
2.487825623344612040e+02
2.335861566055307321e+02
2.439084452178175582e+02
2.546241972752767140e+02
2.554149656978584062e+02
2.268793715117362240e+02
2.256353253788109896e+02
2.352039197232430183e+02
2.571245113836964720e+02
2.411925014310911877e+02
2.493150598000590890e+02
2.386492351827928928e+02
2.686874410317225284e+02
2.571951902517389499e+02
2.668707009029088795e+02
2.800559374724416557e+02
2.687186759038324908e+02
2.677970950244300639e+02
2.435687544513160674e+02
2.674098892642840610e+02
2.767049878428674674e+02
2.448404964545155451e+02
2.722279262876263601e+02
2.678956737567586970e+02
2.412094522505625207e+02
2.674842849233007200e+02
2.757355328895696402e+02
2.576073163406048252e+02
2.426401499413978513e+02
2.678300839135281990e+02
2.506995743728277262e+02
2.652241477167435733e+02
2.461562975379305271e+02
2.648345483360452590e+02
2.705452897558380982e+02
2.408657730451129169e+02
2.653517113734001214e+02
2.512839968313444956e+02
2.565535578812066433e+02
2.358002415896086745e+02
2.665445110108949507e+02
2.594290780919423582e+02
2.509143537926046577e+02
2.543999910973611236e+02
2.670920131126152910e+02
2.536782969164537462e+02
2.429193375386425657e+02
2.668060420586198234e+02
2.513462823087869822e+02
2.433088711670948783e+02
2.642014103703249930e+02
2.388118955702637152e+02
2.343122576035159454e+02
2.648130886155506687e+02
2.465266282750454820e+02
2.663760009871934926e+02
2.454716415352675654e+02
2.685047404998354637e+02
2.650132444423197171e+02
2.415936045013063165e+02
2.469395492500624982e+02
2.401209244786217596e+02
2.599501797879604510e+02
2.405089937026392022e+02
2.541263276836235718e+02
2.327917795960493379e+02
2.943014294713099162e+02
2.308963096311341019e+02
2.445154753898700619e+02
2.703242756514584926e+02
2.544109060776531237e+02
2.656040061827533805e+02
2.630813657505111678e+02
2.710972784824202790e+02
2.742435685377233767e+02
2.580564261692411492e+02
2.430237846994988899e+02
2.737224696047338739e+02
2.429863627688593226e+02
2.505562502587986842e+02
2.444562839192334422e+02
2.455002992310093646e+02
2.337859449519826569e+02
2.527597163638554605e+02
2.636796738583963702e+02
2.507687838240644851e+02
2.591773116272283346e+02
2.283880449188660009e+02
2.322880618175917959e+02
2.662679627472616630e+02
2.419148090330297123e+02
2.947850108333547041e+02
2.709381491908173984e+02
2.296079518935536612e+02
2.382962157025754664e+02
2.640321037890484490e+02
2.645398793700554734e+02
2.628300800231995709e+02
2.718517434335347502e+02
2.414117019378681732e+02
2.248232563212881701e+02
2.354190106367347823e+02
2.712485894773212749e+02
2.427735211096132559e+02
2.557177424758985467e+02
2.475013603949927870e+02
2.696851978490183228e+02
2.888607876961946204e+02
2.411328393914698154e+02
2.661847328368770036e+02
2.761148611544628011e+02
2.672351130899318150e+02
2.668373765808009921e+02
2.660841859396889504e+02
2.250517515985891919e+02
2.440981523621950373e+02
2.698503318491393657e+02
2.644888229316792945e+02
2.490881593532784279e+02
2.709265840949013864e+02
2.360708134524458046e+02
2.677584409600650019e+02
2.371202417004654990e+02
2.659166610073930315e+02
2.412437889244614837e+02
2.293343732685651730e+02
2.707856875665972893e+02
2.401637416810983723e+02
2.575366137528707782e+02
2.687839254724856346e+02
2.666965800737413588e+02
2.644155296328224267e+02
2.661284391521541011e+02
2.485140587700687433e+02
2.438503619284167598e+02
2.433014076450632786e+02
2.446367310391178762e+02
2.541509537813514044e+02
2.598927670754927135e+02
2.452675210567838349e+02
2.437220353676195259e+02
2.440216598526500604e+02
2.303159392081808789e+02
2.434478113545880262e+02
2.677464348960868392e+02
2.785008422100120242e+02
2.650574500336519463e+02
2.615321637669248389e+02
2.395131411240159878e+02
2.434038230258792623e+02
2.341566467920708874e+02
2.282860774671054003e+02
2.262830457642337763e+02
2.992962099799268572e+02
2.702488363046347217e+02
2.504967156206348022e+02
2.912430878645541270e+02
2.484343870747306369e+02
2.491109621250399186e+02
2.950501406158331292e+02
2.463283196707094476e+02
2.199299097456585059e+02
2.561820790507108541e+02
2.500857598449356090e+02
2.469413082770923893e+02
2.628689698071320890e+02
2.627873411922844866e+02
2.531887205802225367e+02
2.966326092106672832e+02
2.349185530619132294e+02
2.588362375903477641e+02
2.612194326949045262e+02
2.510907179403829161e+02
2.313309741584045582e+02
2.483670674625466290e+02
2.648494628895145979e+02
2.866757342312261585e+02
2.197279298163809358e+02
2.662996030719015152e+02
2.667330941360910970e+02
2.707099610935947567e+02
2.441645858350766503e+02
2.454165669718131539e+02
2.487992604740976503e+02
2.866697958412852358e+02
2.637507030140535562e+02
2.540293448395368046e+02
2.432117709791628499e+02
2.464007732169936276e+02
2.429582054754016269e+02
2.856201204301269172e+02
2.391574482940331450e+02
2.770012685811620941e+02
2.441584717805628770e+02
2.759419030401892314e+02
2.600498982625786084e+02
2.950551705589691664e+02
2.354425130593185145e+02
2.476480208752819863e+02
2.599408503239135371e+02
2.240095658078288920e+02
2.406862504706388961e+02
2.448412491275159368e+02
2.701043663173865639e+02
2.445238146459104485e+02
2.906981000124299044e+02
2.523326842683942459e+02
2.439381722660108380e+02
2.473767881733099330e+02
2.502682000251716090e+02
2.462823790564065121e+02
2.422115457770667604e+02
2.464821594861660969e+02
2.567089066701898332e+02
2.827775352508470519e+02
2.403262002273307303e+02
3.019809127921300842e+02
3.073984808551923038e+02
2.671181459548845964e+02
2.475721678335404476e+02
2.412167944692242827e+02
2.529630224343729878e+02
2.508810205305055661e+02
2.526184570344918257e+02
3.044034588817170857e+02
2.540911837938555777e+02
2.507374253559327997e+02
2.301520821019731784e+02
2.275348021410669048e+02
2.432437802894435777e+02
2.411426424076146589e+02
2.508427770618441741e+02
2.525616149578457623e+02
2.478108223786234703e+02
2.543745444003808984e+02
2.594482789756500551e+02
2.287871901729317585e+02
2.500659610437546121e+02
2.497109845603772840e+02
2.540717486780871468e+02
2.488077883425173127e+02
2.490112183284816751e+02
2.480094508800372921e+02
2.473316192911917710e+02
2.517987397655581390e+02
2.470952029600497895e+02
2.476270792324125978e+02
2.462416811146594569e+02
2.400808010646637740e+02
2.661901297723196080e+02
2.390497200989257465e+02
2.468683806522726059e+02
2.937952915790059478e+02
2.928499408032837437e+02
2.817063860743129453e+02
2.630019070193408197e+02
2.441065831787661580e+02
2.583194189451169223e+02
2.432166508877324418e+02
2.572755514397065895e+02
2.779588638703097558e+02
2.612296879088338528e+02
2.436550949834009430e+02
2.606214358933678454e+02
2.480607559929541708e+02
2.708104453704215757e+02
2.440117074435950144e+02
2.458292821866862425e+02
2.486575681639812956e+02
2.627706706444096199e+02
2.379708459508085241e+02
2.512036339495405741e+02
2.505337893088549208e+02
2.493394253588542711e+02
2.948167766690304461e+02
2.415266558063803757e+02
2.268922347193606583e+02
2.507696908846484689e+02
2.429063628580295529e+02
2.491562785509931643e+02
2.728584498456090159e+02
2.541919607980558737e+02
2.368425737034552867e+02
2.641558833778112785e+02
2.403552840738617533e+02
2.574126045166411814e+02
2.478179977572358439e+02
2.894821496761191497e+02
2.492206018645067616e+02
2.385753620420254038e+02
2.542645687979872378e+02
2.988515513309365588e+02
2.598056395772622977e+02
2.552477868704928881e+02
2.772062017261536084e+02
2.487844323166886511e+02
2.544253239051727746e+02
2.422984058496738839e+02
2.902461397585407212e+02
2.667622666468703301e+02
2.798100686363727618e+02
2.586438992328108384e+02
2.846874869392860887e+02
2.474074597477998907e+02
2.453137380538945536e+02
2.518095191226234419e+02
2.704225036856506676e+02
2.667166867960158925e+02
2.476948444286352924e+02
2.400687214367577269e+02
2.553229425672836044e+02
2.785516479102151948e+02
2.861916233810553649e+02
2.768162517702246532e+02
2.652472592195044854e+02
2.831511215291766348e+02
2.585417072065765751e+02
2.699717886630211297e+02
2.463155965580190241e+02
2.375653243484782138e+02
2.682705081889671419e+02
2.450099997284847007e+02
2.487521309741328253e+02
2.397330409570320171e+02
2.933692195731841252e+02
2.444766520778261452e+02
2.863768853483410339e+02
2.432386113775808667e+02
2.484391921317185847e+02
2.962146695118650541e+02
2.962146695118650541e+02
2.451062099450505798e+02
2.462048429288629450e+02
2.651791495228156919e+02
2.652766463893435116e+02
2.668099259010733704e+02
2.417079065203504911e+02
2.531830324402449719e+02
2.604178767229837490e+02
2.896665848360823929e+02
2.432834760951200792e+02
2.553569723483207099e+02
2.475285659612713971e+02
2.915113089989410469e+02
2.467760975413372933e+02
2.479024059697656526e+02
2.430116004333904414e+02
2.428814830107717171e+02
2.967289971053890554e+02
2.492470609753198687e+02
3.003749527577292611e+02
2.240183400399399716e+02
2.550053587178078942e+02
2.665668189293996875e+02
2.478786051484060522e+02
2.536279676855494927e+02
2.488622091914037071e+02
2.483543070373495993e+02
2.581804403606910796e+02
2.436902794180751926e+02
2.476211564391851141e+02
2.660695494080151775e+02
2.242113536690877709e+02
2.639087806052694987e+02
2.871390309567232180e+02
2.446829884721327062e+02
2.850602593367046893e+02
2.460645108458947448e+02
2.653858209279362086e+02
2.987499504488000639e+02
2.494441212005097270e+02
2.445666052320999881e+02
2.685208371717861837e+02
2.545598611599513390e+02
2.961316169100847446e+02
2.448402335601647906e+02
2.484062530705310223e+02
2.460957890384932796e+02
2.517396607204971701e+02
2.483545352396079124e+02
2.230029976790334842e+02
2.630315104653849971e+02
2.318761928928857401e+02
2.543482966014801150e+02
2.355291117118596844e+02
2.502225243359181661e+02
2.852719549252761908e+02
2.650530607193784363e+02
2.972131609283918010e+02
2.594373581634379775e+02
2.979755719682839299e+02
2.680176900649983054e+02
2.430357131442232799e+02
2.490789416776210885e+02
2.468403153727247457e+02
2.630488668610350373e+02
2.435359274150182500e+02
2.464351748198697862e+02
2.803515731485124434e+02
2.449106206941385153e+02
2.469143432237543436e+02
2.637273331344319445e+02
2.423312871225147092e+02
2.878515394199641833e+02
2.671039775327118377e+02
2.412420200060001605e+02
2.292081587514421983e+02
2.672628370505223643e+02
3.005768628731768217e+02
2.438926514665750460e+02
2.457820965980374979e+02
2.962404233576650086e+02
2.606125875630567634e+02
2.441122715525619640e+02
2.459194741912930908e+02
2.275434420494164272e+02
2.592530530160055378e+02
2.605587632225175980e+02
2.870503264281823590e+02
2.452257365970345404e+02
2.445732236028839566e+02
2.447772203365459518e+02
2.545976198864270259e+02
2.577444549479450870e+02
2.841077773908797894e+02
2.438493798913587227e+02
2.704870050689846721e+02
2.605216901751475120e+02
2.797220360617251345e+02
2.255165564475881865e+02
2.463397243396435670e+02
2.578515079057553976e+02
2.411489654397095421e+02
2.450158537066542408e+02
2.401866479525723435e+02
2.495428738449689376e+02
2.530725401154949452e+02
2.297216470785334934e+02
2.841570025091220941e+02
2.659290678929714318e+02
2.568348840183952007e+02
2.610905125808411640e+02
2.248153009419068269e+02
2.771819156569007987e+02
2.451180169019108632e+02
2.901228758472557843e+02
2.495327682536337477e+02
2.955801825602189297e+02
2.310480936941906123e+02
2.433767230474550445e+02
2.538081053085654446e+02
2.545041645998713875e+02
2.476995149344581932e+02
2.373626536777345848e+02
2.407513191656664731e+02
2.791096823749237501e+02
3.087090725698392362e+02
2.715640798184882669e+02
2.372637573621952356e+02
2.972999368047958910e+02
2.703459834383546081e+02
2.264989804366708768e+02
2.713490556630059700e+02
2.436304394642239401e+02
2.446727400734858691e+02
2.785449949129712195e+02
2.610787940707734833e+02
2.632142677636273902e+02
2.518294205444755107e+02
2.937341962614472095e+02
2.716473157158804952e+02
2.463545817270349971e+02
2.671288196522281737e+02
3.004057874098273828e+02
2.456440900670206702e+02
2.526927832634995070e+02
2.327790249693709939e+02
2.704687265229121635e+02
3.022904007837736913e+02
2.439022422664633893e+02
2.296756020986761939e+02
2.466945575825977528e+02
2.434211527460554976e+02
2.420260094569817113e+02
2.667068472236223897e+02
2.624523264383059313e+02
2.814653548140681778e+02
2.335825524664490445e+02
2.998485285876421358e+02
2.549942334145638938e+02
2.432120267070673094e+02
2.276365534425005706e+02
2.945437363669490196e+02
2.204476873610356051e+02
2.489107118998746841e+02
2.562112387058202785e+02
2.536531293257521043e+02
2.585912882015139189e+02
2.641312256293423388e+02
2.610076934219657687e+02
3.021671629145609472e+02
2.628873204738076765e+02
2.518475642609232921e+02
2.946237340391156181e+02
2.590999785778303703e+02
2.571002819737636855e+02
2.565131919022262537e+02
2.356070251084526603e+02
2.511331631628229388e+02
2.476275662169959446e+02
2.368164573745595476e+02
2.405342581781163744e+02
2.470734608129028800e+02
2.569615944451156793e+02
2.497582742535844886e+02
2.662834205784910182e+02
2.429646492726959650e+02
2.535158155042736894e+02
2.405054343831381516e+02
2.521464320412138704e+02
2.425794099588674158e+02
2.548592642680811196e+02
2.418538294740428967e+02
2.444160312362308218e+02
2.747101460567919844e+02
2.596525167479563834e+02
2.493127560732236248e+02
2.935388242392961615e+02
2.493074766274820036e+02
2.482968858789176352e+02
2.433409841011625758e+02
2.636459905368556065e+02
2.919251230598216580e+02
2.539440153139432255e+02
2.895658926781214291e+02
