6.317248227943809269e+01
2.303954662767168671e+01
5.733303514050225402e+01
3.245718825012472308e+01
2.797541697300811592e+01
6.211151615934257109e+01
3.011804014706167365e+01
2.991726363816114898e+01
7.235650358114270375e+01
6.631462396850643870e+01
3.192529214286851058e+01
7.563993162120026170e+01
5.765662996106769356e+01
2.892638719338849640e+01
6.122403326361408205e+01
6.612100288319062713e+01
2.671283412273088231e+01
2.538231506952051930e+01
3.570930957585895982e+01
7.991673036627567228e+01
3.073264554217714917e+01
2.476529352820340080e+01
2.611780678355994567e+01
6.510996754645432816e+01
7.018098003237619764e+01
6.343776545503460795e+01
6.805118895125049505e+01
4.593530104469560627e+01
7.133080587960488117e+01
3.737942472032816710e+01
2.818943424063478531e+01
7.517648303853572145e+01
7.232045454072142832e+01
3.076483405206680644e+01
6.032764210874974964e+01
3.656008188381178314e+01
7.090789588065405269e+01
6.656783174989456597e+01
6.848507375398429531e+01
2.922696625561351169e+01
2.539983000001636526e+01
7.167230044998281357e+01
2.786175401896066717e+01
2.890058598865806871e+01
5.087127883561570485e+01
6.578633949482956211e+01
2.342070391847693500e+01
3.741310977214777012e+01
3.385368558942295891e+01
6.530887971853657348e+01
3.968214301434063174e+01
3.749291214104506054e+01
4.589609763110392038e+01
2.186529853774755949e+01
4.342107810414455571e+01
3.373935335809520097e+01
5.290005107344651236e+01
3.599982599407193362e+01
3.434998775098942048e+01
6.940757349582831637e+01
6.407999893299407290e+01
3.569376808561889902e+01
4.345832541022752338e+01
3.658037959516788362e+01
3.566563833131820616e+01
3.439188173292706097e+01
2.215961369633181022e+01
3.718226570311613699e+01
5.955986760993501861e+01
4.557803753026254157e+01
4.978842602285843100e+01
3.753372488357888415e+01
3.805300145133134748e+01
2.730172791429697909e+01
3.837040143159442351e+01
7.334052958015267620e+01
3.825452427816220080e+01
3.825383658403429621e+01
3.475617244897070890e+01
6.448300741722442808e+01
5.956920108889556786e+01
2.684281849840823497e+01
3.938559844244957020e+01
3.796183184248184972e+01
2.707751925676791416e+01
3.448389465898779349e+01
2.605848221668412634e+01
6.263769051829722656e+01
3.507473854790716672e+01
3.491918029710043925e+01
3.748196476763709484e+01
3.598324251213576730e+01
2.711079020442696574e+01
3.826535507898135080e+01
3.353722792371302575e+01
3.579187053113321326e+01
3.334305760493999315e+01
4.418815016088410630e+01
3.944843286411528993e+01
4.216036835642810843e+01
5.776734241652122392e+01
3.652581487682264338e+01
2.599329831616584485e+01
3.171112986434538783e+01
3.478877894617830435e+01
6.729362908159026802e+01
4.086076576893006518e+01
3.402532563081451400e+01
5.344417120317261549e+01
3.708862303250035808e+01
2.840083856588564259e+01
4.093995724909605372e+01
3.735653307050264971e+01
3.492653807074199079e+01
4.108748288459320008e+01
6.767312360474586796e+01
9.591856963179778006e+01
9.267399978609002176e+01
6.003590574144611480e+01
6.100513593712749127e+01
5.359427445708922022e+01
4.689204478673842402e+01
3.079028445732659591e+01
7.316931728606594731e+01
8.689073414924268945e+01
8.216433416294415792e+01
1.011089673246760015e+02
9.894608389800291093e+01
8.994851915317660485e+01
6.966352342642532847e+01
2.784722380842527656e+01
7.714405468837360047e+01
1.074640778320813865e+02
7.900060975607927105e+01
8.134384454334889369e+01
5.963360859997982999e+01
9.674852952262169481e+01
7.277243066719285025e+01
8.143325884324976016e+01
8.706570574119298556e+01
9.070834220443340712e+01
3.407309532165992039e+01
8.217379717963568453e+01
1.011493099691338955e+02
8.812850778708236987e+01
7.148938027329761269e+01
7.230099511612456809e+01
6.533861461229309953e+01
7.057990938752877241e+01
6.449144409747056272e+01
7.322946591265353788e+01
4.063338107614958972e+01
3.813427865354295676e+01
1.011691306528044834e+02
9.216231584883398398e+01
8.311557573288008882e+01
7.009090175122227606e+01
7.317139161800049862e+01
6.174303476841721761e+01
9.982392518865584918e+01
8.452108781577975094e+01
7.774027802667040987e+01
9.974384031918489768e+01
4.708886148376115699e+01
2.727274995400988900e+01
8.985534614884656435e+01
6.429483030622944284e+01
5.429366689841043581e+01
8.536159921007661922e+01
4.848436401667741791e+01
8.167763104477819525e+01
1.067677021051447639e+02
9.124756699273662264e+01
5.097133493561013751e+01
4.753370916661274492e+01
7.324080716604092345e+01
5.774722000365191121e+01
1.049228624635968572e+02
8.667777198656239079e+01
9.665987300560239248e+01
7.638097434710053335e+01
5.547989865840713009e+01
7.492434805408929321e+01
7.389943266590333337e+01
1.018502857289830956e+02
6.978488234610317420e+01
8.690004885968205883e+01
8.424871653077656219e+01
9.794822227028819839e+01
1.040654282203235681e+02
9.102958882187525091e+01
8.525476638674909680e+01
6.035612750793121961e+01
1.138819981767585858e+02
7.324809802964642813e+01
1.113964023679031783e+02
7.938607296618373255e+01
9.396844722879349376e+01
6.282957447292901776e+01
8.902174026347520908e+01
8.839828964098524011e+01
6.087054048771136650e+01
6.067684565470256786e+01
7.490503157381891697e+01
5.849152109934584587e+01
6.447695611554064499e+01
6.012299161431659655e+01
4.708188950437671849e+01
8.779505842334312149e+01
1.091078223236546307e+02
5.122476775367277213e+01
7.528639638908562404e+01
9.045661977598062720e+01
9.505571747031187613e+01
1.020342483646444123e+02
1.016897666853217856e+02
6.915959699604388788e+01
7.407791325376194891e+01
1.006221368130456710e+02
1.005345217953982484e+02
9.760883204600824570e+01
1.013720852906726719e+02
9.854324922102820494e+01
6.024763828414273092e+01
1.126146407337704005e+02
9.742534117664165194e+01
9.942072835057412306e+01
1.003813474609741974e+02
9.898520763579355730e+01
9.792273492610165420e+01
9.986167519046222196e+01
1.021168707673661658e+02
9.877302656675577452e+01
8.794420599288295648e+01
9.876199402769896096e+01
9.759664905825287917e+01
1.077488529255983138e+02
8.025576964059881391e+01
7.841916881857957833e+01
6.851883177705627759e+01
9.615714828982729045e+01
8.850972319255444631e+01
7.603803265529363387e+01
3.759711140456825262e+01
9.107443684936116313e+01
1.013213644771447832e+02
9.059559502829031885e+01
9.367107038084043324e+01
1.052080497217259847e+02
1.078505935524262753e+02
1.093254537255658789e+02
1.075363788896635526e+02
8.302646567517432175e+01
1.055031802876342368e+02
6.293493949045252123e+01
7.097203407875412040e+01
4.669926915226182729e+01
7.284487674379168709e+01
7.227063394420775921e+01
9.907678972251763128e+01
1.041370576892297208e+02
7.561089859988756245e+01
8.744687110721461920e+01
9.153092051335625001e+01
9.396171251252302170e+01
9.509746275205586130e+01
9.572457839570972737e+01
6.843577459163047649e+01
1.073571460234489479e+02
3.089909279707320877e+01
9.091565878295504888e+01
1.070636627025895962e+02
7.751777576603696218e+01
7.373303249258133008e+01
7.866934762776450896e+01
3.497305940906621657e+01
9.367850637851185525e+01
7.086114030227082594e+01
6.014049742617363847e+01
5.656463449353321948e+01
9.530661211921842835e+01
7.743216721298630034e+01
1.069059265360243103e+02
6.050014654177805795e+01
1.006323577423205364e+02
9.143674006863263060e+01
2.760654300434072894e+01
9.267728918866279741e+01
9.032870893131031664e+01
5.132072303834234361e+01
7.978001241218267126e+01
6.491542411356188325e+01
7.825162177225922733e+01
9.404138508041300781e+01
9.506228176986897438e+01
9.471653469137919501e+01
8.007878607332403931e+01
7.775636880795777017e+01
7.976550297156353508e+01
8.574102671829314204e+01
3.072976342656697213e+01
5.429997924794540864e+01
1.088263678399219287e+02
3.835855858810207053e+01
5.064294046908786839e+01
6.474802422270417424e+01
7.521743054730494293e+01
9.566791639052621576e+01
1.017423293813954359e+02
7.853806164576782578e+01
8.995281372746978832e+01
7.473379453603124034e+01
4.285422089979920912e+01
9.154338621633198159e+01
6.821295569033199513e+01
6.815197054749428673e+01
8.114567577814815991e+01
8.405606135403002099e+01
7.742670742614672008e+01
5.283625201839796404e+01
5.754243137779594974e+01
7.751380844734765674e+01
4.849790410916919825e+01
7.587045833548457097e+01
9.916909281676930732e+01
6.016428954183222544e+01
5.922681953313616532e+01
9.161045461039898896e+01
9.589188951682979223e+01
1.100243053587823709e+02
9.703692744378876966e+01
8.015071227487588601e+01
9.283815764636058532e+01
4.449779220531883084e+01
4.719495734497827044e+01
6.011014563895874829e+01
6.198360078583642974e+01
1.026075728918946339e+02
9.184074926434490749e+01
8.602407046961540971e+01
9.409727721404198064e+01
1.032345506855061359e+02
8.408135942471048452e+01
6.476251242493410132e+01
9.450108013479857050e+01
1.049599898635664488e+02
