6.013542080572453763e+00
8.354043069264376342e+00
1.149217045982338092e+01
1.873489817122133516e+01
1.688638628578154410e+01
1.576245226041141478e+01
1.270079450186128334e+01
1.138243533865149182e+01
9.693453150655088280e+00
1.315180312796246298e+01
1.402126915555263231e+01
1.063872946935762975e+01
1.386511628096772775e+01
1.603447430073066471e+01
1.548742174650767289e+01
1.083009116965314789e+01
1.822430568452945465e+01
1.672349951893069431e+01
1.067030971026657937e+01
1.447663573524236824e+01
8.631710581478040822e+00
7.180953652071285553e+00
7.144858560909252532e+00
8.221332226844403124e+00
5.654576566423773265e+00
9.561219532799793086e+00
4.207642916217976745e+04
8.059182563873450272e+04
8.127029969826393062e+04
2.812806093306753246e+04
2.170380444979205640e+04
5.127329720742990321e+04
5.280837960665716673e+04
3.320510199839252891e+04
2.106415677943216360e+04
5.090880749304696656e+04
6.013337530182640330e+04
8.250090301627386324e+00
6.396399868759784724e+00
8.410183730257832835e+00
6.552950667154177289e+00
6.238714973895875815e+00
1.070434673144136184e+01
4.540445182263709079e+00
6.552934642795269049e+00
6.093916568625673769e+00
1.616397449221534544e+01
1.230911075361792228e+01
1.031303524421438134e+01
1.016867727629972507e+01
1.168553885397750669e+01
1.395932156968755677e+01
1.226075870945874513e+01
1.770010085920580423e+01
1.115495867440178657e+01
1.104583221529600756e+01
1.456388282123633715e+01
1.223855947414232048e+01
7.858982208508386691e+00
7.002034716099060141e+00
1.189647846678399645e+01
4.994071187013749302e+00
2.107098377339660544e+01
7.582292301617918007e+00
1.042019134102725531e+01
1.013430052567718853e+01
6.275594328755660811e+00
2.412646093906861111e+01
1.668533818001044366e+01
4.668889450351621662e+01
4.130176397204124328e+01
1.471381258820989046e+01
2.121444945318024722e+01
6.189573786811055633e+00
1.149778727473128370e+01
1.160931974979157921e+01
1.813056519921732956e+01
8.343511344121946394e+00
2.125777952728587650e+01
1.441219561815025152e+01
1.098446756826502479e+01
1.439776662798850637e+01
1.379638197949733147e+01
1.021060937683081526e+01
1.017207489985456448e+01
1.772246926761488339e+01
2.904333884281923872e+01
3.416946229940068491e+01
3.395190407627349316e+01
1.882153238089795622e+01
7.777902371419711969e+00
2.801744652080587628e+01
4.283765636511256503e+01
4.956462553335234134e+01
2.899129595221571165e+01
3.616533365822765944e+01
1.770502505139657856e+01
5.630395721190505753e+01
5.596724621755818418e+01
5.781789142463178166e+01
2.956370322203911272e+01
2.976436895633372259e+01
1.554806181685056821e+01
3.601736316923724246e+01
1.583953685206438955e+01
3.492790355060164131e+01
3.767021391496793825e+01
2.054241752156603695e+01
4.807730735709681369e+01
2.003038183771312220e+01
3.378684362970525967e+01
3.578428637161420767e+01
2.867334066472260545e+01
4.052858732034666644e+01
1.019666952931867598e+01
4.875893693996343359e+01
8.863599537872858036e+00
5.324263349389013023e+00
2.622306519411789338e+01
1.490706358119035713e+01
8.175705040909070576e+00
5.205793218002600753e+00
1.303905053231294353e+01
5.017130786314208279e+00
1.601156406689826994e+01
1.093430573147265505e+01
1.313804143494094845e+01
1.535266563722322886e+01
7.680481233181420286e+00
1.019821901664955810e+01
7.004860102900551944e+00
7.058753054944399530e+00
1.570849462964055121e+01
8.524044870722493172e+00
1.418573464933221118e+01
1.960486665704476295e+01
7.923467818549195130e+00
1.170773061959408601e+01
6.184411103420136335e+00
1.746717566953537215e+01
1.371550995305358178e+01
3.403228140517892797e+01
1.095718150023450299e+01
1.030289797691541231e+01
5.684928121704166948e+00
1.340882958062142549e+01
1.994406965922972574e+01
1.326156972422394453e+01
2.032151588826933875e+01
2.173759425366031550e+01
1.140748459177531338e+01
1.483220686749719697e+01
1.403816185686975970e+01
3.725706155475336345e+01
1.853782283265393360e+01
2.287561204511126434e+01
2.316023075693102840e+01
1.579174454112436798e+01
1.261171791841839962e+01
1.446908164292700683e+01
1.376415702526338336e+01
6.703575172308871899e+00
1.634701411766490509e+01
2.684633848125176669e+01
3.281371514899085895e+01
9.940310526564015703e+00
2.373518132518841739e+01
1.306259757382082576e+01
2.355285316880330271e+01
1.452369851650062316e+01
2.533229306746590481e+01
1.733438941667062849e+01
2.451585477479123298e+01
2.459586983589814224e+01
3.544874076344835601e+01
3.201890156120116870e+01
3.419084853736889329e+01
1.942641815569522734e+01
9.893489588383475919e+00
2.633791554087505915e+01
3.307456250930565034e+01
2.774640009981903788e+01
2.964589749401455876e+01
3.691105808834765156e+01
3.555820915655460368e+01
3.784308293812790680e+01
2.823488172771845583e+01
2.161972048187496753e+01
1.198419161306272684e+01
7.298949925933607474e+00
1.590126206586953650e+01
1.714736696238457014e+01
2.094729232106398698e+01
7.233858910069763226e+00
1.591813592273912725e+01
1.507762652356449173e+01
1.332341983487959425e+01
1.821206970085751919e+01
1.832790736201084414e+01
1.367659676570264793e+01
2.325166721197405906e+01
8.037532286558548122e+00
2.303010833763061527e+01
2.321967069908919257e+01
3.016232111500607616e+01
8.176875142005950892e+00
1.406041704785849156e+01
2.192026974475535894e+01
9.705976553237677606e+00
1.254772216376373173e+01
1.379662890952249299e+01
5.014288749886837593e+00
1.512272163966158089e+01
1.079839678483116394e+01
1.971780857316388591e+01
1.185235276310859653e+01
1.606743429824720337e+01
1.797485485603368716e+01
1.500698500870981889e+01
2.494850813054761218e+01
2.998493468709952126e+01
1.169286903161601465e+01
1.329735694305122884e+01
2.648042082760599669e+01
1.765282984994916049e+01
1.699334908583925596e+01
1.179637758715004026e+01
2.530043015292776687e+01
5.447823489392639829e+00
9.870674599369111846e+00
9.769778958817241232e+00
1.012186450671472038e+01
1.219153105042343910e+01
1.086128712288884834e+01
7.351603496041934527e+00
5.784959891289688017e+00
1.898053715330317814e+01
2.279115112577893498e+01
2.492063769337663359e+01
1.297152940173719315e+01
3.983448433819977907e+01
3.813718445099826937e+01
3.102443618537786563e+01
4.045170801557711115e+01
3.032637851840775767e+01
1.142212891673285569e+01
1.469969029603053201e+01
2.044113387852531005e+01
3.266445191772764645e+01
2.475045909790027210e+01
2.350538907590588167e+01
1.837511435374059943e+01
7.191965847996031336e+00
8.085218979316916688e+00
5.136851000973735815e+00
2.255274367253669965e+01
2.346004829655052504e+01
2.076425732705716598e+01
1.939149067177539010e+01
2.635465482540251969e+01
2.102370285743300826e+01
2.033802818597399664e+01
1.314325918333875443e+01
1.083019049075747198e+01
9.251968830688110046e+00
1.279612041486103635e+01
1.134811412961174959e+01
1.488205158109122195e+01
9.472042111301355760e+00
2.440111447676932954e+01
1.767691826439735081e+01
2.580479205600522974e+01
2.239626565439046857e+01
1.487377517359189127e+01
1.158059615682382315e+01
1.470479392491982118e+01
2.221008423767154483e+01
2.114833162978764491e+01
3.400628731188202636e+01
1.734988947539035919e+01
7.385595131421747617e+00
7.258155556400677000e+00
1.970293216758942023e+01
6.975036388362489959e+00
1.612503566408775768e+01
1.340137934117850271e+01
1.272878345836994285e+01
9.018438358135416166e+00
4.908405923061656573e+00
4.887879225829576235e+00
5.175128428354711652e+00
1.179142146992780837e+01
1.854022118482735593e+01
6.949519712084044620e+00
1.081504467427840943e+01
1.748171339417535464e+01
1.463183924587649720e+01
1.714201995354694219e+01
1.046611353343546291e+01
6.115964206179892670e+00
2.879937322016616719e+01
6.506086503285644085e+00
5.529443494929206615e+00
1.140033146940195685e+01
1.338325563759024028e+01
1.589040155139601218e+01
5.225736756335532363e+00
2.067573909374533514e+01
3.612143731605380736e+01
3.872873011978080467e+04
7.761068226324488933e+04
8.105334902725460415e+04
3.819705446722824126e+04
3.604278260604471143e+04
1.875778384185444111e+03
7.035047511465162097e+04
8.319249964619113598e+04
7.870253612325392896e+04
1.703973230168438386e+04
3.560788198072544765e+04
5.160913704018269345e+04
6.759161214006906084e+04
7.401711184796184534e+04
9.825065170453133760e+03
4.038848647664246528e+04
1.328897748060246158e+03
1.343978185908915975e+03
1.145993103884841958e+03
6.988820059733255903e+02
1.078754663436183314e+01
9.648633880206869406e+00
6.698623415752608778e+00
7.493678979568648479e+00
9.495153315345257639e+00
6.860448729596074102e+00
6.580593576406356782e+00
1.344727195487516092e+01
5.717196466133978916e+00
8.822691367615638214e+00
5.017615821683556021e+00
7.651891092975643183e+00
8.746293146975306243e+00
9.529702819412705139e+00
1.300256394314098074e+01
5.475246858566131358e+00
5.303425519525466925e+00
