2.667913989350142856e+02
2.506232389160549019e+02
2.664980749238773114e+02
2.637175796832607944e+02
2.383654334591991528e+02
2.867137350421475617e+02
2.444530068158786094e+02
2.613269808056595025e+02
2.621441650596540285e+02
2.679388183944171828e+02
2.433373543450175873e+02
2.658988337865057474e+02
2.636847562115453911e+02
2.387878394263311748e+02
2.714258560397975089e+02
2.634973116949515770e+02
2.585650146437391186e+02
2.571859403222799756e+02
2.572261265814421449e+02
2.641865212035273203e+02
2.422164003386545801e+02
2.350628040283573341e+02
2.393870061637468325e+02
2.680183130784662922e+02
2.681136677095135497e+02
2.647375330296347329e+02
2.691179143298952567e+02
2.576263714509605620e+02
2.691031787952198329e+02
2.385732406075284189e+02
2.385571627914739565e+02
2.683347275091105075e+02
2.754817642959199020e+02
2.489311860241776913e+02
2.710937540453966221e+02
2.391087534519355131e+02
2.807486213817304588e+02
2.661434834701756813e+02
2.714517313459713250e+02
2.465480818942320411e+02
2.324611422547283723e+02
2.698435939746510712e+02
2.403866492447280621e+02
2.362835632442613587e+02
2.652220889885343809e+02
2.647196363472703524e+02
2.324269694103385007e+02
2.730010459424881901e+02
2.843640303714429365e+02
2.658912634073543586e+02
2.375315922241854310e+02
2.495372015621668140e+02
2.477281814899352526e+02
2.676949583863115549e+02
3.076273417528609571e+02
2.790092954640145990e+02
2.583728058916989312e+02
2.714277637276019277e+02
2.555175735037435061e+02
2.688901351723266089e+02
2.664419590414684080e+02
2.704870229366756575e+02
2.755741791714102646e+02
2.709257754613875022e+02
2.650186975709237913e+02
2.576214551349968929e+02
2.376689424497797347e+02
2.669689915629667212e+02
2.676315699902129381e+02
2.678762977382658050e+02
2.688915688251325946e+02
2.709345772426111125e+02
2.705778947553629905e+02
2.407873281738671665e+02
2.759433563892886241e+02
2.627505429753624639e+02
2.580957696474953877e+02
2.707783843906672132e+02
2.703561260539179329e+02
2.690094144044848008e+02
2.658375357767946525e+02
2.451206118377339180e+02
2.691368589457933922e+02
2.677513115791567770e+02
2.530986908018485337e+02
2.625153553652505138e+02
2.487521044028357551e+02
2.660906614920849051e+02
2.684828170394943641e+02
2.512155011607795814e+02
2.763952564140521986e+02
2.542464857075240730e+02
2.467061484008450805e+02
2.691431619180013968e+02
2.559330397976247298e+02
2.693277816489702445e+02
2.708647207899289242e+02
2.524099071227745981e+02
2.627544772695508755e+02
2.722661276752201047e+02
2.639103192101925970e+02
2.662203119515115759e+02
2.504296455557410184e+02
2.591303887527378720e+02
2.730547411885914926e+02
2.666156953909427330e+02
2.600219492543872093e+02
2.928861039475542043e+02
2.569933001039570399e+02
2.767165179933280683e+02
2.476005822284867008e+02
2.513675923579277196e+02
2.554653692271914736e+02
2.733010882371372077e+02
2.673957399737642504e+02
2.689086038039446294e+02
2.458014390335166865e+02
2.500606610910261622e+02
2.405592754976655385e+02
2.920653302263031037e+02
2.225652464537915307e+02
2.444616569358074116e+02
2.439777517752690983e+02
2.607141736942391503e+02
2.450125172834578393e+02
2.581946372705966155e+02
2.452171420982183463e+02
2.458703870711316313e+02
2.710366361487502331e+02
2.903421292240983576e+02
2.488567044114496980e+02
2.568921443486680118e+02
2.459969262356641480e+02
2.974254677597664340e+02
2.971798755876193923e+02
2.418378342222297022e+02
2.426580751640590563e+02
2.583096395246341217e+02
2.582116613825305649e+02
2.511189104395129732e+02
2.491648751415599747e+02
2.898853017796172367e+02
2.587060740928933456e+02
2.480317419348593546e+02
2.768441672680773991e+02
2.609560801058048582e+02
2.577892522653961578e+02
2.911663543506274436e+02
2.981088325492893887e+02
2.429278930641797558e+02
2.510617907036513543e+02
3.023271806993284372e+02
2.974875822713379989e+02
2.442377835827233810e+02
2.446544483640537635e+02
2.517036056741317225e+02
2.596376514715225881e+02
2.574937403538675653e+02
2.533305061789083084e+02
2.398537210149928001e+02
2.493719246594023957e+02
2.858221385125545453e+02
2.482736910581525080e+02
2.783358576878140980e+02
2.247114853071648497e+02
2.462257760592547982e+02
2.423382849138682218e+02
3.008917211000050997e+02
2.532257342754984109e+02
2.431947262871154578e+02
2.271448601341526796e+02
2.836365290212971217e+02
2.439878718414205423e+02
2.364346570621015076e+02
3.030459755039316860e+02
2.528001229701175419e+02
2.865590945103531340e+02
2.487413673669115894e+02
2.682882692516097904e+02
2.522122734535037125e+02
2.575127330350884449e+02
2.969962074389688951e+02
2.935910642269823256e+02
2.954378064958975187e+02
2.396344728385663245e+02
2.552264235981354545e+02
2.469252352780265198e+02
2.291086920458151326e+02
2.805870104460038874e+02
2.474113312913922869e+02
2.514712099745530622e+02
2.425742255663056994e+02
2.636704618365741339e+02
2.544460518275843697e+02
2.550465489121061751e+02
2.500736629460352844e+02
2.488446556948175328e+02
2.487810507392063073e+02
2.561411394213793642e+02
2.511856992237449049e+02
2.652342190640729314e+02
2.876448474632680927e+02
2.868337155008011337e+02
2.558105893291904636e+02
2.982403970241009574e+02
2.415553192398614044e+02
2.689065253643834126e+02
2.730139310125871361e+02
2.483002960726893775e+02
2.797853416875759649e+02
2.378080389515621960e+02
2.906718479882619022e+02
2.831422941909843303e+02
2.842512497680981483e+02
2.661934968744487833e+02
2.676547551592468039e+02
2.598670387729915205e+02
2.578768980434562650e+02
2.673834412606219644e+02
2.658823031808121300e+02
2.662553429272479093e+02
2.647900355759620084e+02
2.676575196354021386e+02
2.652037007093352941e+02
2.710405486854403989e+02
2.672642100026282606e+02
2.660757843085272043e+02
2.675708225294480940e+02
2.672356239660040842e+02
2.665996614671667544e+02
2.671331370520984478e+02
2.664615342173988779e+02
2.676084275428100909e+02
2.506329220796503705e+02
2.671349917944736490e+02
2.648409486155447894e+02
2.468024785498466258e+02
2.657849979540899881e+02
2.567942560560688889e+02
2.580162329779381025e+02
2.486133922668744844e+02
2.512943089904020724e+02
2.370637933007228071e+02
2.222145483409985331e+02
2.466389506993887437e+02
2.410102942318434600e+02
2.483342289695283682e+02
2.476670391716440918e+02
2.475109725264312601e+02
2.474321871680189133e+02
2.765444685126143440e+02
2.525260312241937584e+02
2.497851612215143859e+02
2.534274159062829881e+02
2.559986315894968243e+02
2.541213607599021600e+02
2.352585207750854863e+02
2.589061485849981068e+02
2.946289804998872341e+02
2.477425419633303534e+02
2.457115374312100755e+02
2.858592985262963566e+02
2.803446783203723953e+02
2.439932589253446622e+02
2.418945936896259354e+02
2.421498466906339786e+02
2.452713119105477517e+02
2.558451093403857328e+02
2.655294255467128437e+02
2.360737566734959785e+02
2.432051171183177871e+02
2.444900581202481931e+02
2.525483190201712205e+02
2.581514243755872826e+02
2.576773743344290324e+02
2.859297265231474512e+02
2.589506122213771278e+02
2.606358268326097232e+02
2.657798604902828288e+02
2.887951428856060829e+02
2.476754571507071319e+02
2.589456277800485395e+02
2.528822699530932709e+02
2.718848049515870571e+02
2.805054647029234047e+02
2.530927724918144008e+02
3.020303769907597484e+02
2.461542364535526417e+02
2.684228283668728068e+02
2.302955843198892580e+02
2.523963655538624948e+02
2.516646708981911900e+02
2.546119637075508706e+02
2.497668528159353230e+02
2.493678627735838518e+02
2.506156295489952868e+02
2.571167611783441203e+02
2.575234327064779336e+02
2.559179574659040952e+02
2.844549490817217929e+02
2.570379083767681436e+02
2.565011429716515750e+02
2.474958890211366906e+02
3.012280238115258726e+02
2.633950258737359036e+02
2.699251241105909003e+02
2.912226578151777971e+02
2.669507778361592614e+02
2.722512502735801263e+02
2.256155704977996095e+02
2.414308419558987850e+02
2.609271576737838814e+02
2.548946897328078478e+02
2.514766183930854879e+02
2.686450337504816162e+02
2.687084490797954572e+02
2.507053164779376857e+02
2.518108139450964131e+02
2.533936195889267537e+02
2.457370511856636881e+02
2.665142447373417554e+02
2.532066232712614351e+02
2.325221364610318062e+02
2.602441930321383552e+02
2.403226318675010020e+02
2.878468441413243681e+02
2.656562973419842137e+02
2.743688032224290509e+02
2.461770753012852708e+02
2.551125950323149425e+02
2.447714186555912761e+02
2.598980303348653251e+02
2.485047739258163233e+02
3.011461787267824661e+02
3.022371894762403599e+02
2.939681738450886996e+02
2.488344023625215868e+02
2.433888191967558328e+02
2.389252979019751706e+02
2.525098469485087094e+02
2.444955557446624823e+02
2.659964835685660205e+02
2.531962196160316410e+02
2.846809368636149316e+02
2.469345097307096921e+02
2.433581304535234437e+02
