8.117331248520041243e+01
8.117331248520041243e+01
6.243440782723192939e+01
6.630681392997634305e+01
7.667871749105557910e+01
7.667871749105557910e+01
4.904893143034041714e+01
8.371187313297114940e+01
5.735684804917886481e+01
5.681762219239379164e+01
6.494012337974530169e+01
5.952744298982478455e+01
5.137204691385458233e+01
5.673284605333322617e+01
6.766424823583685111e+01
7.479531253160369886e+01
8.469414565347423718e+01
8.530285206269195442e+01
5.321552257836121669e+01
5.157029252464078439e+01
6.918350488974813572e+01
4.658830461171935156e+01
8.742511017531775508e+01
5.004855971456149177e+01
8.513360986204146741e+01
5.555287962356734965e+01
5.152401222438832207e+01
8.948966904887187468e+01
6.946878581620070747e+01
7.987605230207850582e+01
5.212411102197657442e+01
5.412679054979638238e+01
4.464602559062718967e+01
5.379724702942350945e+01
8.554857402542272382e+01
8.302226080864016922e+01
5.097423288650871598e+01
8.476327651100039873e+01
8.250524288008318763e+01
6.172315041438125149e+01
8.346939847282152414e+01
5.509071942368991870e+01
7.913545367794266383e+01
6.467169513656435242e+01
8.305032983082043074e+01
7.791272841762756229e+01
5.784874933561378185e+01
5.481563352305594350e+01
7.885193224318302896e+01
4.867052800902019527e+01
6.696727861585637243e+01
4.954083005119612437e+01
5.458980502071239727e+01
5.341573485449318071e+01
8.746667383488401981e+01
6.346870913247052215e+01
6.159495447605234375e+01
7.977186119261224917e+01
8.643675646353898401e+01
8.596595953781259425e+01
8.057208871565882191e+01
6.679477235224666742e+01
6.722021022546327629e+01
8.461613535773511785e+01
6.999163983711430603e+01
6.348781093845777690e+01
5.850180670456185084e+01
6.796482264468713197e+01
6.225597236836842541e+01
7.466008581928035426e+01
6.335681334585773783e+01
6.724877765015185105e+01
8.535239751699512567e+01
6.648500842080046880e+01
6.743362644277337381e+01
6.645797904906689269e+01
6.782176019234023556e+01
6.554278740572792117e+01
7.713230126799705033e+01
6.306221268214655140e+01
8.068203832753344784e+01
8.083260324573119249e+01
7.387164101795892179e+01
6.480709600414058968e+01
6.198410529481304820e+01
5.480796585496634776e+01
8.411530601239236660e+01
8.521437498573057212e+01
8.487975645493760624e+01
8.495291705387229797e+01
8.195300807112083419e+01
5.079350203451397761e+01
7.701341012414877696e+01
6.340947640989835321e+01
6.472007531876515429e+01
8.437108341568506376e+01
8.540679977396752065e+01
8.287914898324640944e+01
8.355789449178290340e+01
8.602227916600173785e+01
5.098724284206257096e+01
7.049798720380428563e+01
7.779652936631933358e+01
8.182388622934348632e+01
8.215732509031116138e+01
8.212063858556162188e+01
5.482407047942784573e+01
5.656067956540594821e+01
6.510112221140767019e+01
8.518055918466318133e+01
8.416229032462130988e+01
8.080942837758402675e+01
8.559265276551548141e+01
8.295872522963158247e+01
8.061703863284648719e+01
8.469778693642237499e+01
5.095707398217687256e+01
5.636854345605378569e+01
5.835225683952742060e+01
8.490676554092424055e+01
8.615043702081784716e+01
7.686078059645060989e+01
8.019637137461496934e+01
7.933294595088226231e+01
8.746569748918255982e+01
8.448415577798209597e+01
6.809099928478576658e+01
6.059988558609537534e+01
8.176947214011453013e+01
8.240907519861826813e+01
7.920535232127521397e+01
8.276504508234583568e+01
5.570088270043995493e+01
8.403419766813100011e+01
5.713720315681339912e+01
7.518090001268357980e+01
8.764009885755103824e+01
5.566844074461909031e+01
7.667565432130899694e+01
5.490547572212567218e+01
8.905654434154956789e+01
8.202436365598485679e+01
8.130108902039023633e+01
7.942218593367600477e+01
7.734944274148998034e+01
8.604911544391410416e+01
8.858933183028732117e+01
6.813858042166020823e+01
8.093699753893166360e+01
8.431107774520022247e+01
8.466347845928740412e+01
7.659224975116313772e+01
7.608832009932282858e+01
6.881868354945233079e+01
8.176014235646211148e+01
8.275506275708647763e+01
6.969766347685909125e+01
5.505456416589623814e+01
6.909100401499145505e+01
4.509561545621483702e+01
6.560542351317285181e+01
7.671075014112490464e+01
8.438377259935671759e+01
8.624297587007734478e+01
8.514775634418461436e+01
5.577576715500301674e+01
5.582227697128076471e+01
5.753779915150399660e+01
5.313107614461246442e+01
5.348334572987503321e+01
8.395694702914452989e+01
7.270651145194999287e+01
7.626538434896707486e+01
7.153177237553279610e+01
8.605029676489576218e+01
8.514606795780478876e+01
6.781813548366126554e+01
8.428809993056235328e+01
6.852393678280422762e+01
5.281608889109694616e+01
5.157560860187535923e+01
9.214353379560967028e+01
6.431490087317156679e+01
7.981763281582441039e+01
7.939364035038673251e+01
6.817799596091536785e+01
5.952718669189667366e+01
7.546041321946604796e+01
8.413191581747462067e+01
8.867008876973883957e+01
8.319270129445735051e+01
8.511862920747412886e+01
6.586371418443972914e+01
8.149736273321803992e+01
6.438495970560916248e+01
7.843630096653589590e+01
8.806552692089576340e+01
6.960230350521266018e+01
5.154911762384121232e+01
4.569199237423525517e+01
5.739319686449569957e+01
6.873142191353289832e+01
5.041703984189241083e+01
4.798665766623446416e+01
7.664538857984850040e+01
8.054872789881061124e+01
5.755887889646304245e+01
6.449026620524847431e+01
6.992690325402210760e+01
6.687080562152910090e+01
6.622047228206751868e+01
6.836249552156317577e+01
8.163093836192014408e+01
5.555692284383145108e+01
5.127320344245440253e+01
5.140434617179833054e+01
4.995825968040914944e+01
6.809594396457106313e+01
5.257015398922948179e+01
6.549546109003343020e+01
6.445139434519673216e+01
4.681275395738621370e+01
8.520157372246295324e+01
8.538538162008423171e+01
5.267186401501354709e+01
5.137585872882847582e+01
4.864971969326086310e+01
5.783751669569944909e+01
5.516583153770071135e+01
5.182304303217083685e+01
6.939567747628636596e+01
5.462628072449551553e+01
5.069725958075924410e+01
7.743690929069076390e+01
6.732843965817487231e+01
7.032316996141368293e+01
5.055833246462864139e+01
6.741796557283336710e+01
5.021517674618285554e+01
5.066379578725842947e+01
8.239892805442281087e+01
7.370944841904382372e+01
6.784113841328489514e+01
8.311434646402061333e+01
6.382919175873428230e+01
5.607560266813926120e+01
5.031058940307933369e+01
6.541732095675648395e+01
5.728581921196827409e+01
5.477464662357424885e+01
8.599213634522821792e+01
8.960344645187657875e+01
8.179818084821276614e+01
7.726423585061452570e+01
8.073240844424594798e+01
6.449507407067277143e+01
6.523528764461337914e+01
8.008559327303953523e+01
5.046080895921934228e+01
5.212621468149429660e+01
5.214978490226683761e+01
4.763912078654657023e+01
7.080537528979695594e+01
4.828698737476683789e+01
5.330226519454195966e+01
8.532133345845484484e+01
6.656352441225210725e+01
8.312006181938075144e+01
8.413391415024263154e+01
4.630395538562248703e+01
5.113425538136436188e+01
7.682372633893551495e+01
8.414781591525417070e+01
7.402466690443795017e+01
5.234962638711372307e+01
6.784755425766152825e+01
8.519366304282482361e+01
5.264418529084743881e+01
8.298933244904299045e+01
6.828737185278237121e+01
6.299342499976805954e+01
6.214280160710145395e+01
8.375209291416796020e+01
7.651321635573232527e+01
8.451495414447153109e+01
5.389911728856170470e+01
5.290633456741868201e+01
7.455259730361873949e+01
6.312384033994351995e+01
5.322331828511525487e+01
8.462811895852711075e+01
9.177019807632940740e+01
7.654467112633919612e+01
7.604124222951500656e+01
5.098443121712624304e+01
7.913395714309207563e+01
3.441626152668784044e+01
5.182514514238425818e+01
8.113748707749938660e+01
5.246971554303821961e+01
8.521846808183713051e+01
8.625206622468688522e+01
8.653489021766566225e+01
5.358913113163456643e+01
6.825834209174311695e+01
7.978395782880298270e+01
5.513026781528148490e+01
8.482683795517795033e+01
8.367474077952331868e+01
8.401380445034729405e+01
8.505289213482015498e+01
8.584250977314681563e+01
4.934593209559206883e+01
8.161928246789517516e+01
8.061796099961136974e+01
5.027660584914495701e+01
8.551317174180537961e+01
5.454551924554968423e+01
8.397583952096240978e+01
6.016019598549978298e+01
7.494510266380932251e+01
5.192537547192280556e+01
8.379770462233777550e+01
5.099304364256568078e+01
9.009531650229480704e+01
5.164466213523039073e+01
4.862882031016288664e+01
5.167900241581823906e+01
4.952434180795336260e+01
4.763509129241300144e+01
7.156149378154701424e+01
5.410589657891036808e+01
5.184693590164668819e+01
8.311716393064182284e+01
7.752286637134598379e+01
7.985650825090189642e+01
4.870752212520611124e+01
8.417648990438522105e+01
8.576582471530250018e+01
5.491378789268777894e+01
8.171466752707684122e+01
6.277361666530067197e+01
7.996698111002653775e+01
8.409218186067879230e+01
7.301596782688714882e+01
5.698745073354863422e+01
5.602510250496558086e+01
8.650974421388625046e+01
5.780100925147870328e+01
8.518751373233992297e+01
5.369596493290426764e+01
5.182104279036023087e+01
5.098785338816751533e+01
8.134778983486781101e+01
8.460102165709584199e+01
4.859289866322229301e+01
7.981090438923939701e+01
8.433129294007714805e+01
4.886295552839446543e+01
4.568044075681782346e+01
5.146962005915475658e+01
8.218165893545568679e+01
5.326169210410792232e+01
8.713348224631377548e+01
5.254564680689410494e+01
6.104519442095902093e+01
8.282014921557130549e+01
7.778626669211442390e+01
4.897362133539098039e+01
5.053114716878737767e+01
6.568643680261399709e+01
4.389061264043346000e+01
5.037235071699460320e+01
8.640098883443526745e+01
5.275274470970716578e+01
2.851464734258852474e+01
6.636155038000677564e+01
8.607999745809667047e+01
4.997612326189540255e+01
6.549783021718852183e+01
8.083710247628070533e+01
6.441495462259457838e+01
8.710524834905081093e+01
6.258470152530752983e+01
6.804180238174433271e+01
6.667333997621069841e+01
5.180085827318340819e+01
5.606821639030592053e+01
4.789568260944263756e+01
6.508228290397531168e+01
6.560674159515725989e+01
5.965885702082040609e+01
8.444779268166513475e+01
7.033001332463898336e+01
7.963088469399178848e+01
6.944007518515661559e+01
6.330878044268605720e+01
6.731538200667600336e+01
5.588050364277154358e+01
5.073441377392264684e+01
5.091432501688525036e+01
5.056650208097715904e+01
5.134622632844331491e+01
5.964631738241143921e+01
4.025992398841327002e+01
8.339681370861634946e+01
5.282121307757179807e+01
6.457315457524262570e+01
8.179721216183102683e+01
6.379540250741891327e+01
4.894950999741138986e+01
4.911194908127871628e+01
8.129670019793086055e+01
5.144544392449231651e+01
8.382377886684027146e+01
5.245703439275379765e+01
5.226370170581733277e+01
5.485539909847543072e+01
5.263392949245012886e+01
5.016724634599174948e+01
6.665540514757377366e+01
6.629436265710702969e+01
6.689824313603654105e+01
5.180801138847757414e+01
5.060575140704824548e+01
7.190490751355605425e+01
5.218041972024600739e+01
7.014793007776931688e+01
5.334781413566494734e+01
5.156411598994765910e+01
4.972736787713665052e+01
4.683108375541849711e+01
5.460633400630682388e+01
5.167992627629050872e+01
5.210722377974544628e+01
5.323892334102112045e+01
8.263098135155615864e+01
5.125378802452317473e+01
6.105797634454206957e+01
7.521337853282197727e+01
8.388830718209447923e+01
6.815078376752774147e+01
8.305594764040282030e+01
8.207087358108685748e+01
8.433792457487494687e+01
7.075033704446795468e+01
5.233974270274080709e+01
5.188766209526178130e+01
5.053126616697569062e+01
5.301991990920080156e+01
5.543445701291145156e+01
4.943619424821772412e+01
5.032466568041549948e+01
4.862503448983841281e+01
5.152021353159781825e+01
5.177702214330754771e+01
5.045785909799521818e+01
4.928961512956673374e+01
8.470152293682315303e+01
5.068006012354268108e+01
5.172328643340798493e+01
5.111676558525001468e+01
5.445759127068402705e+01
4.737378619077137643e+01
5.373528819010110169e+01
4.845481089934047247e+01
3.552391430130897021e+01
5.032051187408365678e+01
5.395409579272445200e+01
5.412054801602858589e+01
5.622189944171233833e+01
5.257775254692207767e+01
4.982208109141475916e+01
4.845996998816112722e+01
5.225489348222706809e+01
4.838004159767767476e+01
4.981480219625048278e+01
6.702501871109825515e+01
4.912379686523510713e+01
4.414785823384912078e+01
7.860919844543096247e+01
3.945803956526207656e+01
4.579172717651822211e+01
5.061298639545735512e+01
4.737999971976920932e+01
4.811177982206646675e+01
7.200724526906986966e+01
6.014007991209102499e+01
5.821969606827232013e+01
7.631947309436313276e+01
6.653252549184750819e+01
7.535781862134183484e+01
5.169008113196456833e+01
5.532202842081235872e+01
8.118876465464762759e+01
6.638076693536456219e+01
7.510655131019883868e+01
7.322850824484059729e+01
5.689642360717028424e+01
5.333106963064818729e+01
5.338918387422983614e+01
5.187544576250648731e+01
8.875087125841517377e+01
5.189271972113618148e+01
6.853327458101539094e+01
6.641384728007577110e+01
5.360201794237578810e+01
5.787647795789150251e+01
5.304718563435459089e+01
4.895926862089675780e+01
5.347907289532488306e+01
5.512433739781259590e+01
7.723704461337888461e+01
5.572907691514087958e+01
5.340215326543499685e+01
4.930634691123947277e+01
7.351918899038039967e+01
7.635401738463677646e+01
5.265516874943533310e+01
4.938814551519105578e+01
5.599226361770980276e+01
5.409231893903996991e+01
6.747312281091971897e+01
6.482017202164195169e+01
7.203083836282166885e+01
5.173104598522852626e+01
8.459085687114435359e+01
6.434102786933945595e+01
6.650810619647633359e+01
8.596969141882645715e+01
8.049391524452319402e+01
7.719613841974795321e+01
5.349667807083779536e+01
6.337247055252571215e+01
5.116267750090885613e+01
7.814142254743110527e+01
5.020779768963455325e+01
5.092058677896754659e+01
5.008143973135117477e+01
8.033852863468899841e+01
4.869440978990231628e+01
4.968445721022585104e+01
4.930425523397847343e+01
7.940703100817114546e+01
8.364753773102613366e+01
6.468441956981394014e+01
7.598182888115962896e+01
4.741318964533019908e+01
6.622566807396337651e+01
4.592922602321483083e+01
5.217677957502713326e+01
6.235114919096372432e+01
8.368395614259853232e+01
8.173690458121397739e+01
5.342012200111517473e+01
6.497640876246087771e+01
5.285134421923625325e+01
7.873678168792891086e+01
6.330672820977405735e+01
6.518600920346160876e+01
5.277644679611346845e+01
6.363008431948817645e+01
5.062602190667919189e+01
6.536602404612480655e+01
6.938743310684330368e+01
5.342938435589749702e+01
4.957423401599567114e+01
6.058080483184904352e+01
6.095071695987646621e+01
5.172157266592036962e+01
5.305368264411181656e+01
6.722393362524655913e+01
5.019078573053165826e+01
7.925896734280451028e+01
7.199887214841616867e+01
5.151409784286614268e+01
5.156351743305192059e+01
8.039450313706480244e+01
8.439514373771193334e+01
5.672430667113696501e+01
5.316942968004607906e+01
5.081673674929633222e+01
5.110587780287903570e+01
5.669890504627213801e+01
5.216069476890738343e+01
6.713410778686539970e+01
4.492105877057515073e+01
8.036585142219021805e+01
7.189934002646566569e+01
7.713779518749825570e+01
5.420498697071286642e+01
6.243672988382622435e+01
4.621019838273845437e+01
5.237898588514769926e+01
5.093904035714567158e+01
5.179400694631222279e+01
6.698535369037008991e+01
5.584972657730568102e+01
8.409410388956929694e+01
5.069338826448276336e+01
5.295451453812322029e+01
4.800168166889939414e+01
5.004856058023803200e+01
5.015179406871733647e+01
4.298796807702397160e+01
5.121836151532939851e+01
5.277639678192451100e+01
5.083556939791851903e+01
7.366495333900599007e+01
5.552830243731904858e+01
6.811096258326230668e+01
8.107217973533587951e+01
6.162523305677058971e+01
5.573449633015114557e+01
4.653305798733619270e+01
8.462227893268466516e+01
5.193675235429996917e+01
7.664132084759708619e+01
8.431713028001114196e+01
5.491183842517619240e+01
6.487040404885881628e+01
5.235455385429307285e+01
8.438597926159138751e+01
7.537937872747920665e+01
5.725589067195083004e+01
6.561750894967704539e+01
4.464773020645085211e+01
4.644352388177173907e+01
4.789681051211775298e+01
7.554541136250384170e+01
4.711019877414346979e+01
5.245366110289346295e+01
4.803802986860349478e+01
8.388402594770204246e+01
5.063411623461856692e+01
7.664515011555873514e+01
8.273053289089494911e+01
5.566693088626320929e+01
5.593812745026559696e+01
8.253327490158291369e+01
8.676573210746980180e+01
8.547468231907083691e+01
8.514426180910530206e+01
4.979231621322802681e+01
8.546122406356572299e+01
4.333179309102056465e+01
8.466142299784900160e+01
4.851334121584320513e+01
7.967652679345977162e+01
5.038409123095632935e+01
6.574582156174857062e+01
8.564993144480332887e+01
8.139672994431482778e+01
5.436652079135767224e+01
8.099155378718229770e+01
5.392883769856140930e+01
7.586638446999832297e+01
7.883697670299825688e+01
5.322138611884489023e+01
6.124706023873419980e+01
7.472178263551785449e+01
7.594313680467833194e+01
5.238814288655834162e+01
5.202981165052787560e+01
5.200980502066449418e+01
5.413266093915260058e+01
7.592435476408512329e+01
7.203413553109541567e+01
5.026747395311158328e+01
8.507181315752217188e+01
4.977649235872708289e+01
7.651181820316936921e+01
7.580831297337689989e+01
7.553999458822758584e+01
5.009401363889536185e+01
5.298937803328132645e+01
4.835525483937574620e+01
5.322236911431075157e+01
7.916253215834493062e+01
4.989489440249102614e+01
5.338569895377066388e+01
5.266147897292066204e+01
5.062424464609185293e+01
5.255605943584184558e+01
8.144998059048906214e+01
5.418613244346646951e+01
5.073497933311860209e+01
5.055111460532872059e+01
5.583114986540685010e+01
5.337815848379374728e+01
4.812549550632969186e+01
4.970491544491596159e+01
8.311499884224107859e+01
9.174577491375066529e+01
7.665774095953338474e+01
4.953909148125255513e+01
5.611596851510235950e+01
4.991794636167063715e+01
8.002855487683673630e+01
7.606686077025671011e+01
8.504471927228817663e+01
5.800547426511185023e+01
5.111821533251832506e+01
8.379212493291969110e+01
8.366642877339194229e+01
6.251769594036987598e+01
7.079069531247334623e+01
8.228405029957794170e+01
6.560172680610016016e+01
5.167975712219169537e+01
7.630946870807504467e+01
8.638948086882709276e+01
8.588319474422836208e+01
6.775672521774755808e+01
8.653913915988381689e+01
6.860286082471006353e+01
7.641955287903159899e+01
6.266212633834127388e+01
7.782545323732891518e+01
7.448143276479866870e+01
7.332767823926596407e+01
4.986446465349373369e+01
5.149230711913679670e+01
7.355974451120732738e+01
5.603453612178314813e+01
6.482555757898651905e+01
6.392013237392308866e+01
8.265954412690690845e+01
5.170526220026020781e+01
5.032132516219192553e+01
6.548268966215957221e+01
7.994705717599484274e+01
5.391652064339304218e+01
5.140173372264973040e+01
6.578262044628070271e+01
7.665712611322449277e+01
6.871227430992340146e+01
5.254620212024057935e+01
6.675573590442054694e+01
6.806250008193086387e+01
8.877462814921310041e+01
4.852606984755858832e+01
5.006571356046449495e+01
8.075263405912032511e+01
4.948738327597263975e+01
6.830362961012741607e+01
7.595064879490176679e+01
5.960444182148530246e+01
4.918323004700526724e+01
7.023507838675459425e+01
4.942027030080169681e+01
5.529154993344748448e+01
5.259086402509327485e+01
8.614191632908234908e+01
8.685621269651946363e+01
5.098035983084918854e+01
8.592429080355496751e+01
5.395458124613777073e+01
6.557888035581278530e+01
8.601907860436821807e+01
5.397132567792578328e+01
8.710748910131560763e+01
8.539294394102519448e+01
8.166682621838326384e+01
8.241581177631933031e+01
8.192172587346730950e+01
8.179353718283206831e+01
6.337793383927412094e+01
6.665532861301493028e+01
5.049208948196229585e+01
8.716877832387851299e+01
8.647968956163020948e+01
8.239086708213089594e+01
6.871227519466411593e+01
4.532688917186528244e+01
8.281881856709314604e+01
8.424969491733442339e+01
5.340076218404986719e+01
5.376172409587515233e+01
4.507038908457994353e+01
5.090312548247350577e+01
5.346703323346117998e+01
6.842506035545011400e+01
5.504765708564147531e+01
8.039133078697821588e+01
6.549601930694720409e+01
5.352524414639458428e+01
3.905221933722577177e+01
6.338607901611091222e+01
6.925856836911006553e+01
6.526622108588780691e+01
8.920024786334062128e+01
7.981815225624816890e+01
6.423628911483513093e+01
8.458934795104961779e+01
6.706020647907520527e+01
7.509086847533558284e+01
5.291781516871940738e+01
8.369167136526148454e+01
5.539952933072560626e+01
8.094876358669652916e+01
6.791440579440624958e+01
5.498970704821778099e+01
5.291779525315601518e+01
6.987209085544499487e+01
8.395688993281535772e+01
7.001101218128303572e+01
6.938973543095779917e+01
5.675709645438654150e+01
5.988301588756653615e+01
5.357792629786982985e+01
8.348492698380567845e+01
6.550663302050892867e+01
5.455642210269141401e+01
5.259439168033703993e+01
4.940720003452712916e+01
4.994938577116381850e+01
8.264314147878107519e+01
5.940869756593480133e+01
5.193650645275860711e+01
5.422672322385682975e+01
5.040699245788993466e+01
5.056378132513877688e+01
5.100324409953353211e+01
4.772485930197821347e+01
4.894897034065705554e+01
4.767226473442615031e+01
5.529130729661171273e+01
7.857023542330169619e+01
5.501370549757726280e+01
4.716211649975541320e+01
5.454503856812342377e+01
6.502815091530992220e+01
8.214621931919018039e+01
8.494200692376720951e+01
7.117268563584461560e+01
5.765416918413881575e+01
4.597065523273165866e+01
5.347870504081033260e+01
5.244585944848558512e+01
4.837027023506260548e+01
8.071793181979484189e+01
8.089245909137025592e+01
7.968852503895786299e+01
4.847946475887734863e+01
8.079287764325646037e+01
7.523123140163360745e+01
8.134589931682062058e+01
4.674122855332161919e+01
5.279867978891054037e+01
5.856791163912171072e+01
5.204581232425564963e+01
5.026996454280580906e+01
5.309974861576648664e+01
5.061748044420065185e+01
5.416594964523300604e+01
5.424956082871465668e+01
8.632683057739389199e+01
5.276123282369006517e+01
5.299657144350192084e+01
8.506709834488675881e+01
5.595368901535123740e+01
6.264772236216089851e+01
4.881270315829998196e+01
5.651326869788532292e+01
8.336525656051105670e+01
5.039284574634787361e+01
5.374505003546787663e+01
4.960434693861328981e+01
5.216882975681273393e+01
7.629376849776753033e+01
8.864103460620216879e+01
5.285778686649471325e+01
7.446217905534204817e+01
5.415582398919521978e+01
5.033750545607237825e+01
8.492498054949511754e+01
8.321998721131396337e+01
8.396221892880852522e+01
8.434967777604012440e+01
8.241780368727509654e+01
5.149475948366740141e+01
5.703962716427921009e+01
5.937401056380389974e+01
5.633543609344762615e+01
5.194188377821093638e+01
5.382143259278735314e+01
8.556353448308301779e+01
4.835066120862874328e+01
5.978919231423591896e+01
5.233711370134401619e+01
7.973962537104414139e+01
5.546916616180657655e+01
8.552451780342555310e+01
7.463273010864628532e+01
5.026336860530457784e+01
5.248506827596203550e+01
4.982064910379040867e+01
8.378172237433206249e+01
5.134656937471523008e+01
8.451304388764111764e+01
5.458242152914300505e+01
6.091885531260080455e+01
5.646839772772518273e+01
5.934202578254964067e+01
5.291707435714594965e+01
8.378885399432391523e+01
7.859623033375592627e+01
8.125135111503999497e+01
8.117807935609727110e+01
8.122159611141275093e+01
8.923313386921319079e+01
8.432656865574398353e+01
8.143258299858405280e+01
8.410630117596231514e+01
5.465280814401613441e+01
5.122166795025167829e+01
8.232710170547849771e+01
8.509007636579869427e+01
5.155947191281384789e+01
8.481109127673522607e+01
5.167527029825652818e+01
8.178601199954968592e+01
5.271316435678890144e+01
5.127304921950654659e+01
4.986431774210663548e+01
7.803967429537647149e+01
5.969316188839112414e+01
6.229185580184869764e+01
5.094978427588038272e+01
5.804129609899803199e+01
5.094331711457168410e+01
6.095889251092406624e+01
9.184863002764518569e+01
5.533463975491986986e+01
5.741905746915846720e+01
5.472380514916354599e+01
8.683442873516293048e+01
8.398633346814577294e+01
6.835639845674205617e+01
5.205663852297748662e+01
5.397082220445397382e+01
5.271631553039474483e+01
4.987521058932179585e+01
4.978817703381741921e+01
5.674982439947515900e+01
8.102715942898882417e+01
5.523727629958285235e+01
8.048910430969391427e+01
8.056160437597939961e+01
8.604370116585509720e+01
5.150585421080351267e+01
6.584863798514538757e+01
5.229003326507636018e+01
6.221140496151878096e+01
5.393677241893306018e+01
8.343713621250067547e+01
5.078528763359889098e+01
8.320108626832200116e+01
5.808102320414003117e+01
6.575516976087912724e+01
5.959221498557506891e+01
5.470295012561334858e+01
5.368507456899880026e+01
5.290526890989436026e+01
8.570962733422494750e+01
8.397550059290696822e+01
5.548932277045651773e+01
5.078930451465819829e+01
4.922438803461565726e+01
5.043691100666179494e+01
5.356482488104311557e+01
6.491022311811572365e+01
4.948814760382623490e+01
5.049948263134303517e+01
5.491109702694312489e+01
8.425363088521366706e+01
4.881166780313476750e+01
8.864204072188606176e+01
8.511279045591315651e+01
5.466734818900333437e+01
8.265641685082961487e+01
7.897186926986087485e+01
8.393421115585212533e+01
5.383742728475063899e+01
5.506842561087398735e+01
8.588547160908487399e+01
8.453859714755368771e+01
8.329861298733874264e+01
5.604209398082448956e+01
5.265434639241718884e+01
5.170247002840994810e+01
8.589048205965825389e+01
6.638199826013618576e+01
8.490116112698227369e+01
5.604273983008442173e+01
8.540930400810506740e+01
6.895600973544789269e+01
5.068541691274602101e+01
8.717643708130069058e+01
5.271887645977637504e+01
8.326109544118823180e+01
5.064343820604179314e+01
5.146647482092091508e+01
6.725470777482328799e+01
8.735183289147502705e+01
7.844401975311400577e+01
5.203368508759517397e+01
8.892952362587470816e+01
7.006289877454163673e+01
4.696490937522476372e+01
5.417019179364665860e+01
5.135674231583557514e+01
5.131716698433708501e+01
7.613554614618574590e+01
7.721712015313823940e+01
5.167566002742002951e+01
5.258573947387976233e+01
5.157093324503808418e+01
8.726138334138876473e+01
4.960835175009928832e+01
5.194008418366139779e+01
5.358966231475007902e+01
5.573282975062394939e+01
5.119424721407903434e+01
5.280360312800369371e+01
5.049582641650171411e+01
5.381114336307781087e+01
5.217508302907862117e+01
5.379296421359443769e+01
5.507314800624148177e+01
5.055922262329038119e+01
5.387020763559893766e+01
4.847705579568774681e+01
5.311349641566271629e+01
5.210142847728807425e+01
5.401568174377568710e+01
5.132437658960974858e+01
4.793674539061241546e+01
5.959521039138999754e+01
5.340641180247462216e+01
5.288630601803036768e+01
5.418386084366160560e+01
5.319476107477950677e+01
4.995224994139199737e+01
7.732740708966878174e+01
8.675176151149622683e+01
5.374623808356778909e+01
5.369605301377519169e+01
5.556396666071928792e+01
5.285300982327161279e+01
5.057664838760756965e+01
5.215184359234785205e+01
7.662134737235602699e+01
5.268035545538612752e+01
6.684722263753786820e+01
8.605975462036137458e+01
5.423874250003913744e+01
6.824977649121640866e+01
8.439290628887324885e+01
5.622087345576408524e+01
7.924909102293931085e+01
6.641683222794742392e+01
8.469805648392392072e+01
8.071065586435267392e+01
5.468078444191141330e+01
6.621387683399893831e+01
5.719265042504674312e+01
5.266426366930944880e+01
6.589934814042523215e+01
8.608825112800856516e+01
5.254757919809842548e+01
5.174164827009341394e+01
5.344035691186315518e+01
5.328421858019535762e+01
5.490235804355123861e+01
7.564802816205195768e+01
5.256408523627702323e+01
5.396190798735465677e+01
5.246108369431610896e+01
8.255358950742868274e+01
5.681024351697377028e+01
4.628900993183290069e+01
5.257394597558857896e+01
5.296917514706513685e+01
8.454615391335104846e+01
5.386926414699992449e+01
5.203038444580919020e+01
5.327788980959289944e+01
5.160455516751219562e+01
5.167177153508069409e+01
5.189364491214253405e+01
4.733577351343549111e+01
6.585358917341996232e+01
5.230162367694095593e+01
8.284467043042400292e+01
6.227825603841687041e+01
5.252244967224494587e+01
6.464471688088934798e+01
7.630061632961857754e+01
5.134531583485384232e+01
6.303811354768981801e+01
7.588433760789041571e+01
5.118177135446797621e+01
5.345888777086433663e+01
4.168454287012310999e+01
6.179491257161172513e+01
8.651343068922466273e+01
5.416652666602709587e+01
5.324423466773742319e+01
5.242967124549781488e+01
5.205369138166447129e+01
5.123151313401185547e+01
4.904068279231406535e+01
3.875042797946922235e+01
4.990040854712704999e+01
6.308389717219091608e+01
7.771384621470538434e+01
4.890715108602109495e+01
5.172124589983712184e+01
7.903458875145422269e+01
8.512777931937640119e+01
7.802449040528979651e+01
8.742866733915627719e+01
5.448415409372390172e+01
5.477895695254033370e+01
5.564570195847019107e+01
5.063599966720222767e+01
6.952983170524591117e+01
5.702698977921955503e+01
8.659070818378437195e+01
8.473983211800396020e+01
8.380260575261981160e+01
5.572497781508963044e+01
9.314730976568020537e+01
5.199642141267700879e+01
8.498720200631053956e+01
5.364773788117384612e+01
5.118593920781312079e+01
5.785271783639416299e+01
5.556196164766856782e+01
7.825227311546986186e+01
4.945381052536174593e+01
6.371593489741837146e+01
8.465654165703736567e+01
6.080042390242095962e+01
5.523759190471899672e+01
5.537640237598065340e+01
5.304226881555771911e+01
5.364226301118409168e+01
5.485987948670305769e+01
5.371189497960356363e+01
5.220742775870637331e+01
5.503890514488215047e+01
5.399481247532064998e+01
4.775318631168853045e+01
5.434877218996943782e+01
5.292456999182024902e+01
5.685268844468458838e+01
7.734519079139246855e+01
5.145547176944084100e+01
5.235956540609005572e+01
5.451428514973168404e+01
4.940863572626842171e+01
8.395692045358551070e+01
5.004621138809828551e+01
5.531053577916997455e+01
6.646874878537532538e+01
6.583976149268968925e+01
5.132777023351246015e+01
5.307917851757217420e+01
5.027158248571481636e+01
5.228040762930108087e+01
6.393221772177584938e+01
5.622373704632413904e+01
6.753941769827014241e+01
5.434489613498495686e+01
5.566030385080611609e+01
5.674170476586354539e+01
5.450878567341477776e+01
5.376593674179996185e+01
5.546906277079945369e+01
5.489228538098969068e+01
5.260272723273642725e+01
7.763755147236273046e+01
6.243403508693130277e+01
8.536710022967881173e+01
8.217036216985385977e+01
5.098839601442562497e+01
5.723617419482240365e+01
5.168374955978944030e+01
4.777953000411804396e+01
4.671654098992525661e+01
5.829451973361550898e+01
5.405772954112875084e+01
5.035435722302131012e+01
6.104257675617400736e+01
5.732983431821119069e+01
5.111055993351153148e+01
5.268945571556858454e+01
5.173093355962156181e+01
6.327575441945173651e+01
5.256092574712609888e+01
4.763446385458514953e+01
5.387075788827543477e+01
5.788416332220933214e+01
5.570200087708372649e+01
5.787972158536440759e+01
5.080393254622050847e+01
5.374272448161605098e+01
5.458569765688667275e+01
5.361933070007628999e+01
5.366332521406556566e+01
5.300230805491244723e+01
7.172206661739538447e+01
5.351098721565442418e+01
6.335987295924567064e+01
5.224026196525677079e+01
6.000677455017331852e+01
5.116667210129902088e+01
6.558955777090314143e+01
5.417996239979462558e+01
5.356226038062942507e+01
5.409180654309446368e+01
5.347944518909176992e+01
5.334200224259615908e+01
5.300222001922317361e+01
5.658187554672871755e+01
5.316378684319695935e+01
5.333160289191611980e+01
6.598546996099550199e+01
5.480694330554256766e+01
5.887475560718323209e+01
6.454423389008306344e+01
5.214676247621912353e+01
6.583201851001449256e+01
6.523308346918395273e+01
5.346781558691752423e+01
5.525766762355945616e+01
5.461414542687627716e+01
5.459632973068465134e+01
5.120090480290275536e+01
8.497827919147296427e+01
5.285737416748913375e+01
5.652908154542856778e+01
5.212178488450090441e+01
5.560695878824215299e+01
6.361357442779883797e+01
6.208297329060190606e+01
5.415374533351974407e+01
4.722548732595054588e+01
5.301791284496742662e+01
5.248113983735323274e+01
5.658233692135518567e+01
5.667367913098200916e+01
8.021049414905559161e+01
5.332033061940264673e+01
6.562750598048434370e+01
6.135368986748399323e+01
6.725104044318624119e+01
5.179927207962851554e+01
7.830290181992255327e+01
5.334149981895574655e+01
5.349342095202350578e+01
5.210984099826523419e+01
7.701960004056665809e+01
5.219020243381835655e+01
5.959855186827243045e+01
5.947751403520601343e+01
5.345917799981726404e+01
6.145608471719344834e+01
5.342822004489072185e+01
5.531193843144447442e+01
5.410574919165269137e+01
7.810411705117272163e+01
5.486041214210224837e+01
5.901270007877369750e+01
5.395071370001792843e+01
5.628630718875707117e+01
2.216805828008044443e+01
5.230339024722327679e+01
6.116366429414154027e+01
5.588049803092704337e+01
6.167546855396873440e+01
5.127514672798339035e+01
5.499687003532141460e+01
5.562708775947032080e+01
5.543578694867640166e+01
5.929668136691417146e+01
5.335630544234302164e+01
5.760572884299540419e+01
5.694448782415082633e+01
5.340646473464055788e+01
5.371435730293976007e+01
4.614670413542702931e+01
5.923351801183507348e+01
5.338638136044323801e+01
5.215921133350536110e+01
6.254468008123554768e+01
6.012575519245255862e+01
5.480282106818486909e+01
6.117377349448241830e+01
8.417838341789745016e+01
5.640352904022707037e+01
5.749898985839222121e+01
5.916634394841658917e+01
7.624097628856318920e+01
7.607041531060549744e+01
8.295808753348079279e+01
5.816932102312200925e+01
5.540737448612580351e+01
8.961781069816245804e+01
6.492417048411537905e+01
6.421161192455133460e+01
5.162336244562501975e+01
5.592976681205109202e+01
7.201489316962339160e+01
5.552531355775583677e+01
8.497569838607044801e+01
7.751640941259405793e+01
7.674243659197378520e+01
7.849688291122772910e+01
5.381789775409642118e+01
6.571706301696458752e+01
6.628593118614060131e+01
6.664070991611761485e+01
7.530898533770469783e+01
5.111805677259620495e+01
5.525729460038896690e+01
6.726319953554092024e+01
5.920783459818418493e+01
6.643473095513883209e+01
6.977415201054658667e+01
7.419145868676750410e+01
8.786765237477425217e+01
6.786211029046820897e+01
5.556988445753283656e+01
6.219550540794823235e+01
5.912464021612399279e+01
6.574737184472682827e+01
6.554405630057129883e+01
8.518683477720614405e+01
6.296127166349964455e+01
5.809485011442532709e+01
7.205698511465357115e+01
6.530886880498988489e+01
6.799544242833800922e+01
5.241224214365606571e+01
5.728961136949940425e+01
8.339642355898818948e+01
6.533453589814850204e+01
6.696943095034993121e+01
7.992258477580121223e+01
7.169853425229349853e+01
8.216911432566726603e+01
5.604693950137292546e+01
6.856826045026012650e+01
7.741371746207441618e+01
6.349094297847540247e+01
7.528245479535964080e+01
8.260775952692009128e+01
6.608271594830280549e+01
7.547622124600556504e+01
6.769786804679856118e+01
6.882929072598159337e+01
7.357511093055887841e+01
6.875240869545940825e+01
6.183143685334776052e+01
5.974083973182819562e+01
6.864935981088908079e+01
8.151888307530592215e+01
7.487689399773661592e+01
6.689343287938514493e+01
5.423973356878471463e+01
6.966398130634001973e+01
6.265412478571602861e+01
6.736546363596693254e+01
6.368636045862715633e+01
8.171851117517857688e+01
7.526754739862792576e+01
7.399878666253557924e+01
6.669279171001475959e+01
6.517119664430470038e+01
5.154659628058099230e+01
8.678545994186380597e+01
7.491878800035219399e+01
5.948370160610536317e+01
8.634191377836722836e+01
7.565380484443642217e+01
8.176066296040434622e+01
5.533560092388561458e+01
6.813655320911560409e+01
8.442635569600535916e+01
5.267495645187168662e+01
8.629916752996319929e+01
9.031802488744737900e+01
5.365036315447300552e+01
7.950613464582623635e+01
7.662896185767044699e+01
5.666146193813990806e+01
5.059267578542438315e+01
7.656487027594222639e+01
7.745904857894214501e+01
5.204284101474495827e+01
7.679662750534649263e+01
8.103363252642786563e+01
7.321095398018081823e+01
7.549346992409779489e+01
6.186361333734573265e+01
5.339914781817090983e+01
5.115471138632108250e+01
6.443773002950307216e+01
8.494415484373655545e+01
5.281858248689170665e+01
5.340504792172812643e+01
8.234703562126099996e+01
7.702019543549276648e+01
7.629761621900293278e+01
4.968214344273274463e+01
8.408395739588388551e+01
8.442941014313701942e+01
5.273588607611122114e+01
7.943453195924867316e+01
5.584608007756042269e+01
7.807903016868398538e+01
8.010617786620258585e+01
4.802275047535717789e+01
6.290335799942888428e+01
8.716923709621002558e+01
4.599213828086526945e+01
7.508885156812905848e+01
8.288918091331980520e+01
8.926392157706932551e+01
5.614444029894310262e+01
6.255186888437538784e+01
8.384095006101681236e+01
5.627274800735477100e+01
7.405021559294364408e+01
5.991653935695129007e+01
8.404460779618658250e+01
8.483494778641205869e+01
5.386589391090262779e+01
5.307561582743942807e+01
6.494722312372168460e+01
5.296187038606284148e+01
5.219757200831272570e+01
5.157288164040581080e+01
7.698029587357379455e+01
4.904392930405403916e+01
8.823872135957391549e+01
8.434417462686121780e+01
8.681425873051546205e+01
8.399883597937449053e+01
7.578413009123008237e+01
7.597077839580970249e+01
6.492101303898657250e+01
8.252417185561571955e+01
8.484153830741114177e+01
7.766996596225212102e+01
7.410478790376862435e+01
8.495963226602313512e+01
7.183879492659865207e+01
8.105992277659589718e+01
8.781705227336566111e+01
8.267266456200543701e+01
8.105344127660771392e+01
6.024155814863969738e+01
6.365162283891400108e+01
8.342062377188305788e+01
8.768306318943956512e+01
8.471954957669588282e+01
8.419167938254248895e+01
7.584962024781997059e+01
7.396330358642582326e+01
7.861339810228652425e+01
7.651152129092820076e+01
8.670088646465333682e+01
8.335886927946646097e+01
8.728714109479938088e+01
5.654805208859697530e+01
5.092587754755654572e+01
8.944920312117170624e+01
8.476315571984923736e+01
5.171500294206483517e+01
8.568829229209634946e+01
8.854460212942422004e+01
5.670641704739242073e+01
8.411069586959476396e+01
6.235019543396902719e+01
5.278135068532587582e+01
5.407150793781747211e+01
8.028582590064125668e+01
8.148041212948501766e+01
8.148041212948501766e+01
9.122871703001550259e+01
8.144022564304513878e+01
5.767787179706542844e+01
6.131882772962559613e+01
8.311269827956027711e+01
8.879138614809340879e+01
8.100510388530540240e+01
8.116686701141182425e+01
8.271244966080219285e+01
8.337918238694402362e+01
7.785416406738814032e+01
7.962674221315204193e+01
8.695937718394611693e+01
7.825117574186997160e+01
7.596734761694979454e+01
7.742057536983043065e+01
8.049465905946715338e+01
4.908178573913669140e+01
8.431362932756881889e+01
8.317666322934765333e+01
8.114775142958929166e+01
5.114467979450115109e+01
5.533204601958236424e+01
8.332579946615123845e+01
8.272118026974631277e+01
8.408292382690908084e+01
9.874162976397630587e+01
8.085281061241580858e+01
8.421343946379832346e+01
7.599760294356551071e+01
7.404245734478075747e+01
8.283827257365068419e+01
8.739911251852822716e+01
7.636822054282241368e+01
8.412962901612297628e+01
6.165807376829377517e+01
4.781382206368793675e+01
7.466322922389056771e+01
7.966374404014119648e+01
6.530795759323092398e+01
4.860268726072858669e+01
5.392607191350102624e+01
7.471042400075390333e+01
4.960859504952404819e+01
7.589425321668302615e+01
7.710625846484998647e+01
7.895331656979378465e+01
8.176434892437777080e+01
7.370489309721601501e+01
9.184912321863819784e+01
7.597887954252678355e+01
7.233782730653146587e+01
8.114769995898929267e+01
5.675748256634398103e+01
3.862098604587904305e+01
7.560447594164003249e+01
8.161813295769357524e+01
7.670285829834419644e+01
5.304515440058142417e+01
7.578957970778796494e+01
5.236147649447423191e+01
5.111751597418265902e+01
7.553826492371263157e+01
4.977523078721934269e+01
7.460443205122368227e+01
7.297144669415642682e+01
8.173823129240417984e+01
7.214787731322914510e+01
7.170009085264806004e+01
8.430377456948960457e+01
8.055104795737270251e+01
7.929139736793835880e+01
8.711537800826990008e+01
7.692615450139271616e+01
7.539222573964228502e+01
7.644549510624970878e+01
5.095800939883765324e+01
5.188717467706475617e+01
7.915691065756550415e+01
8.157216560677755979e+01
5.123111757749502004e+01
7.689240375264880356e+01
6.045930521286562254e+01
8.071140993097907312e+01
7.707524922851385440e+01
6.941807367742075030e+01
7.879424169023481284e+01
7.599619067409729212e+01
7.513798494958494700e+01
7.292542059982105229e+01
7.239504372004165589e+01
8.849032982085843457e+01
8.003939976374446985e+01
7.512158361593280631e+01
7.326113131050166771e+01
7.407168279471524386e+01
7.304119556682036318e+01
8.054884847244169066e+01
8.455479278165320522e+01
8.394163963429156183e+01
8.188813666189882667e+01
6.526629999036684637e+01
6.386701606078823801e+01
8.317881283442484630e+01
6.554391818407478354e+01
7.262899513856694966e+01
8.305243057975643239e+01
7.714467842282105892e+01
8.896119369006355271e+01
4.956690059039928542e+01
8.530557953186723807e+01
8.477593124494896415e+01
7.414791030201143940e+01
7.945369595092529380e+01
9.298661392373415424e+01
8.040901657549459003e+01
4.930825161882308549e+01
7.876056093510263167e+01
7.583361453825128251e+01
7.091963121170827833e+01
7.676399663501943849e+01
7.249509922459974121e+01
6.530702800402598029e+01
8.437831180759735616e+01
7.571540984248888151e+01
8.844755135273028657e+01
7.610959778642251194e+01
8.727752211811299787e+01
7.477829271260671362e+01
5.915983472360244377e+01
8.300217234597397464e+01
6.267694943539401464e+01
7.595532944385800533e+01
7.492697584350449347e+01
7.548267375206617658e+01
6.699150044757483613e+01
7.500212140180971687e+01
7.687217689668223386e+01
7.444846347823296639e+01
7.200169212572036770e+01
8.002492583928983549e+01
7.399243817791769118e+01
8.086093721678683721e+01
5.155828725952444813e+01
8.313736108083556076e+01
8.289838118467670824e+01
8.640772618578580477e+01
8.297202418471650276e+01
5.691885070994164408e+01
9.425529169557795228e+01
8.247449260140967908e+01
8.211094993946332465e+01
8.309575693980940514e+01
8.030221060926609766e+01
8.022500078403572843e+01
8.151793660873585168e+01
8.301464023812268067e+01
5.801584476266947377e+01
7.964925240184611255e+01
7.548624732927875414e+01
8.245618583628396436e+01
7.185482887595152590e+01
8.578618214019354582e+01
8.319823282785731067e+01
4.981037826522727130e+01
5.425265375233607301e+01
8.197457030896866570e+01
8.190147556990118005e+01
8.150269385391429466e+01
7.773017352349751263e+01
7.621468704225516433e+01
8.214288351955897838e+01
5.092003966552444183e+01
8.148629525172194121e+01
7.556353371351569592e+01
6.494329793059928591e+01
7.929625337405323648e+01
7.311885472221358384e+01
8.546881785572074364e+01
5.513571050724580402e+01
8.247300889510242428e+01
6.644829390243279477e+01
7.936359064689403908e+01
6.449137202277995584e+01
8.080667159885322803e+01
5.376379380054788726e+01
8.182745038827098938e+01
8.465453687293835117e+01
8.508627628172045831e+01
5.969462071006044823e+01
5.195860430781758765e+01
8.518289017454164025e+01
4.702360858576349045e+01
8.546308944404135843e+01
7.556299978466743994e+01
8.538069338474842596e+01
5.437227708089167066e+01
8.080802481157886064e+01
7.943268525732742091e+01
8.483438820071845043e+01
5.940358799008023283e+01
8.647341568838832870e+01
8.452054157921327260e+01
5.512779892999646592e+01
6.719841224715175088e+01
7.649813300203727806e+01
8.045508433502149614e+01
5.674514858270286766e+01
8.490891748037006437e+01
8.327571494983929767e+01
8.221145392479913028e+01
6.101162620194938313e+01
5.031571019216747231e+01
7.966620317834062348e+01
7.548641649370171081e+01
8.443617542073437221e+01
7.716820864318282247e+01
5.218438285376680597e+01
5.170754066308348484e+01
5.750624033568023918e+01
7.426008144326091553e+01
8.396004270549984483e+01
8.391119769156620123e+01
7.596119486407097554e+01
6.914982562372725283e+01
7.050666571133797333e+01
7.278212184273134255e+01
7.061254576608271805e+01
5.511986902580464687e+01
5.996639731019253361e+01
7.644267555972706418e+01
8.036053170035721394e+01
7.428449186223733136e+01
5.635193231680539583e+01
7.005380884032501854e+01
5.147919559377269394e+01
7.677697878810496945e+01
6.675741114163183454e+01
7.587248044599604668e+01
5.726248281261720052e+01
5.343737363016564501e+01
5.133680061906716929e+01
7.613633059772195111e+01
7.776779329790811346e+01
7.534976489141659783e+01
7.882030430630663886e+01
7.526595212574549976e+01
7.699558049700488027e+01
7.703352339923659997e+01
7.811631340789669764e+01
5.137343176827109659e+01
5.393359031831818839e+01
7.615402697118030062e+01
7.608523836005743135e+01
7.358946782396161268e+01
5.303220709272491007e+01
7.918900403418939504e+01
6.815068891083600988e+01
6.154148683530703323e+01
5.135851230748497898e+01
7.547880125051736400e+01
8.355170785328873251e+01
8.419085062060466385e+01
7.706150660982278566e+01
7.939998522477274889e+01
6.294822704078699616e+01
7.672628529523828433e+01
5.550814325079952738e+01
8.858706168475424647e+01
7.256209525715546249e+01
7.442439052663144139e+01
6.824986442289915090e+01
7.718205303148380381e+01
7.663372794111022301e+01
5.677369492598353418e+01
8.340281163923833674e+01
8.264725873568097825e+01
8.293464352547192675e+01
8.185169076965080137e+01
8.108448313494471904e+01
8.131336090779234382e+01
7.502664445782664870e+01
7.538596627440188058e+01
7.231753473014121880e+01
8.279582030215242128e+01
8.553625089521379721e+01
7.562013520357125174e+01
7.668572650591605111e+01
7.939767410092366617e+01
8.074011874487625562e+01
8.160584027640159377e+01
8.067715392815877351e+01
8.934673277972420635e+01
8.097585130716416302e+01
9.082534780017975606e+01
7.730023467012105698e+01
8.262272048802340407e+01
7.355643783676526937e+01
7.979476044785036493e+01
8.371872650905466173e+01
7.955185762511734993e+01
5.660687334317810127e+01
8.210255314461694809e+01
8.306793703136732177e+01
7.460862598844661875e+01
8.291623494234873704e+01
8.575335708192307038e+01
8.445648592340560867e+01
9.311345605816745774e+01
8.201162209249291379e+01
8.776057449887235862e+01
8.835664591295298465e+01
9.411564967093950429e+01
8.391717909027599376e+01
7.581816596117349150e+01
6.402651546039794539e+01
8.674912367813799108e+01
8.517296753264962206e+01
7.990747439798015250e+01
5.258866012962612047e+01
8.419517997524066288e+01
7.840117991559716870e+01
7.496934943641231541e+01
8.014057308723096185e+01
6.672039404170639898e+01
8.538553982506361706e+01
6.725624201087168785e+01
6.397239995633792375e+01
7.181103400472085241e+01
7.583510797819292293e+01
6.748179498580473989e+01
5.169130672558391382e+01
5.603315846569498859e+01
8.435583858899939003e+01
5.317407259581678147e+01
6.006003745479976885e+01
8.142140165352425640e+01
5.393835122344545141e+01
8.380788199588633347e+01
8.268504069639816123e+01
7.185031906734847951e+01
6.145571943160030770e+01
7.869139228549822462e+01
7.734610819012340244e+01
7.303222417854775017e+01
5.841114726302761540e+01
9.079259530038024195e+01
7.617333712466235340e+01
4.839180044593970109e+01
8.547143920891244306e+01
6.547755249044830350e+01
6.353153365121072227e+01
5.877092658724092189e+01
6.016688203485140463e+01
6.947126776445433904e+01
5.974271689006472741e+01
8.312948920952531751e+01
9.076126002938048032e+01
8.756292544833509339e+01
5.075202477519188449e+01
7.983160478141968497e+01
3.673045021011459710e+01
9.880532479239850829e+01
4.294156264522105459e+01
7.921046598329836286e+01
8.266938191444704387e+01
6.069218985217949580e+01
9.729724519196177823e+01
8.478947822726924244e+01
8.256434819228694266e+01
6.487166464489381212e+01
9.102540511068642104e+01
8.893495971489525687e+01
9.609338370542442931e+01
4.703121961687094910e+01
1.007216970981542801e+02
6.043114720318564537e+01
2.981515275377159568e+01
8.137517129160882234e+01
6.590733838560223035e+01
2.099369195980985481e+01
1.771378999433078860e+01
8.502571294349208131e+01
6.056792701734860884e+01
9.053867943112115313e+01
6.373877330913371964e+01
6.472087310150237727e+01
7.621611087173890553e+01
8.036227206803086176e+01
6.297451841451611187e+01
9.480164274521729340e+01
7.977044599954895432e+01
6.042888436973998267e+01
3.493531248159908387e+01
3.313018308760224073e+01
5.810661806928330719e+01
2.587992509183407819e+01
8.122218246476305126e+01
7.293571515542308248e+01
5.585203169316538663e+01
9.253160752031193681e+01
5.807080202751176756e+01
8.750730774630439157e+01
7.419059657204785196e+01
6.478840381822807615e+01
6.971973546700004931e+01
7.714768937075956501e+01
7.786108238518856695e+01
9.557862472521108543e+01
8.569938871884112075e+01
8.301699847103878938e+01
5.505015791761083932e+01
9.271725643654609428e+01
8.799378886983654979e+01
9.818233611273423378e+01
8.184111496929480722e+01
4.212856005844942331e+01
7.267514116835577909e+01
9.323373274630280605e+01
6.595783934659304748e+01
8.805525921303741654e+01
4.905187954085120339e+01
7.074495005226039268e+01
2.216474479799658326e+01
8.763904218327478191e+01
5.081820342129449131e+01
7.826614897666648574e+01
6.499953725642573943e+01
2.331066229308413895e+01
9.974805004113768803e+01
8.211426038490229473e+01
1.046913067149395005e+02
3.299605185250484141e+01
8.924164576736670540e+01
7.710429907831627361e+01
8.750544962185198017e+01
5.917990404319482423e+01
8.354275492057348629e+01
7.708813718014475569e+01
8.226968630505798785e+01
6.661197713743820259e+01
8.805150840459471340e+01
9.606781005336227963e+01
8.273394399866486992e+01
5.804682147402165526e+01
8.049937440699952163e+01
3.867627225930207402e+01
8.481323844753947583e+01
5.630907926446417378e+01
6.743538156473844936e+01
2.798004612521217993e+01
2.634126311682634380e+01
5.828617788129944444e+01
5.574197129137969142e+01
6.187532567883712176e+01
6.434572679321472322e+01
5.768747751647108402e+01
5.577625227188278956e+01
5.820179897538019986e+01
5.659520496218986096e+01
8.202202804051265161e+01
6.031777265547481903e+01
5.457787185983676181e+01
5.768506928148106283e+01
5.792166783639722638e+01
5.521459967124605583e+01
5.484270330476444144e+01
5.746640839447237425e+01
5.537810127915849989e+01
5.541948612865827783e+01
5.590279177279020928e+01
5.787883875532091338e+01
5.580103323573649021e+01
5.550505357973321452e+01
5.881253054227918398e+01
8.313334750888023450e+01
9.221933476035026445e+01
5.399074395161260753e+01
8.623564382013135798e+01
6.620561518586274019e+01
3.856015727175469010e+01
7.270912056080851471e+01
6.411634609627401460e+01
8.348876152420874064e+01
3.724353346117767671e+01
9.090492141645917457e+01
9.508201820514406677e+01
8.417500757569048631e+01
5.287341183652701915e+01
8.152543390817947966e+01
8.378701624744954302e+01
9.129431203439776255e+01
3.070569334271971584e+01
5.308972055079965457e+01
9.293367742249166952e+01
8.694238670411762371e+01
9.320001812833476151e+01
6.097766182904029364e+01
6.082635642518976482e+01
1.933179094285460664e+01
7.672344334049553538e+01
5.170238068320090008e+01
8.198104506812273939e+01
6.748225585663095671e+01
7.781743554772444327e+01
7.567519212785894922e+01
8.967372191155277505e+01
7.528384152099047810e+01
3.235834271688887043e+01
7.790224046859552232e+01
5.863149105321455323e+01
8.551653875384621983e+01
4.843535055212984020e+01
7.317701828680688436e+01
7.081824771085405246e+01
9.381335164879503452e+01
8.116215315451069046e+01
5.668780051473734005e+01
7.997533197651337389e+01
5.355743806663135587e+01
6.024942034947607539e+01
8.532437368066479166e+01
4.233246770803413739e+01
6.092118758728609151e+01
9.242073366071340956e+01
9.501124696252871615e+01
2.582152832981289947e+01
2.545373627120418192e+01
9.228959973677126527e+01
9.094514317295065098e+01
9.735171781830460702e+01
6.099920894146411143e+01
5.168987067076507458e+01
3.398386782005623274e+01
3.357110149045117709e+01
4.893491522675325456e+01
8.207066437917345070e+01
9.540240562394254198e+01
9.362949039269375362e+01
5.704821948741795268e+01
1.650367198870785401e+01
5.562131033908383415e+01
8.325546775369286934e+01
8.946047396420027553e+01
8.065214228155032572e+01
7.453082141657272075e+01
2.833745474243282203e+01
8.653156325117022618e+01
6.173263566626955168e+01
6.871620609327978002e+01
4.033204874882759583e+01
9.374848713770388997e+01
8.863968414333514545e+01
3.676018798082466077e+01
3.396682413760771624e+01
3.220040046560425395e+01
9.386594508954757998e+01
8.666321061213888299e+01
4.685890613111430270e+01
2.302610212170186088e+01
9.449495041927164607e+01
9.432725917442395769e+01
9.011060651672728739e+01
9.701884102187274550e+01
7.561138836774830452e+01
7.998846782332535099e+01
8.330174127188053035e+01
8.158116376752127508e+01
8.087430112531575332e+01
9.238559849799678148e+01
5.428985352252806251e+01
2.554173293576764436e+01
6.036565294325166064e+01
6.054185184700149591e+01
7.797309074978340959e+01
6.923661664008366756e+01
6.291956166717077537e+01
8.594322652049724809e+01
6.350543001219580930e+01
7.712353882594827326e+01
5.133545900132313022e+01
6.207809747984032356e+01
8.903203046916050312e+01
8.814368201081200027e+01
9.091071686074126035e+01
3.573551584863484010e+01
7.830921878779355438e+01
3.122690900013529358e+01
6.067737746840946045e+01
9.399401792944645706e+01
8.827037429000002078e+01
2.042602182998241389e+01
8.268745660883163850e+01
7.606249258245438227e+01
5.359979008551773916e+01
8.755542322403880462e+01
9.161756527321496435e+01
6.314971476087232105e+01
9.447888464395650487e+01
9.947726267841018455e+01
8.974664574665636962e+01
9.575836123217628426e+01
9.557519235502995514e+01
9.332318958046582225e+01
9.531763656768619342e+01
6.388682761890780171e+01
6.470114237572545335e+01
5.409601027782331073e+01
9.467526215178857285e+01
6.183698253249830401e+01
8.968160655715442431e+01
4.896916780193610208e+01
3.303633208151991596e+01
6.591639970546076199e+01
8.887902024169626714e+01
8.337289637411006993e+01
8.947414723479234056e+01
8.245232617519133100e+01
8.764948545099701960e+01
9.481399650603626128e+01
9.182513015553929847e+01
3.720224228153608692e+01
8.952928103127884185e+01
6.563072745254267204e+01
5.662441017356763240e+01
9.808317727150112830e+01
9.354125201838023429e+01
9.760007677203159915e+01
4.932663477068918922e+01
6.023756679062224606e+01
5.108598218319635009e+01
5.452703587697348553e+01
5.784837702539536508e+01
9.163963281246319070e+01
5.472779592696635120e+01
6.196575616589446867e+01
9.651398583674030363e+01
5.336910662203729316e+01
5.643580687100313753e+01
6.069755535123886858e+01
6.067559566620048628e+01
8.335173850273091034e+01
8.827906558949671023e+01
4.417862896315365617e+01
4.080028114109265402e+01
7.990285264197467541e+01
6.115801681478185969e+01
1.003092460365319880e+02
7.753336279862304536e+01
9.885486478789066211e+01
9.136213214900861601e+01
5.166238424764585346e+01
6.752600861960220868e+01
3.446889927001695497e+01
7.907263247194555333e+01
7.446342829895121440e+01
8.054818006687720811e+01
5.738090947017649768e+01
7.725836003594498891e+01
7.066559157358841503e+01
7.644237667749266052e+01
8.913070755776494991e+01
7.678682015425417262e+01
2.857467814664470040e+01
8.336606969070425066e+01
9.069635547429960809e+01
8.480237877448516315e+01
8.377679126982995683e+01
6.807786168076668787e+01
1.862683157288186209e+01
6.240423825932396795e+01
5.481822094557612246e+01
2.850769262722194597e+01
9.051010685337853090e+01
9.238802659478400869e+01
9.291040887294815320e+01
8.006145043146665330e+01
3.254591363425698347e+01
3.372964126330451506e+01
8.471126511227735989e+01
3.400484158221124886e+01
3.769149637096391814e+01
7.632709696973826397e+01
7.876447807935110745e+01
4.693533007167012983e+01
5.694372292384025513e+01
3.239091012962894212e+01
8.664255702065841547e+01
9.105295714469541224e+01
6.966616504802878751e+01
7.930737884203556121e+01
3.508697557553812629e+01
8.587884252011906483e+01
6.588686538415134919e+01
8.238962351752041968e+01
9.452825901507286233e+01
6.797631420369121713e+01
9.226635233636018540e+01
2.743666674717031029e+01
9.462152145090455235e+01
3.201231820085021695e+01
3.752918352012961378e+01
8.309683929220999232e+01
8.710393678192393452e+01
9.437317155320357642e+01
8.260666604568294247e+01
9.311677176595489414e+01
8.340206547130918580e+01
6.261332974472318824e+01
8.955517683155532893e+01
8.905143610217888295e+01
1.031419087060144903e+02
8.860078920691208282e+01
9.133173102677547206e+01
9.556464138335449832e+01
8.364958924781420535e+01
7.531517990724236711e+01
9.669767928602107077e+01
8.633277892694647448e+01
8.347648206705017060e+01
9.426551561892588893e+01
9.284196550960267302e+01
8.097126412617382130e+01
5.159557724863928740e+01
8.730354121981619642e+01
8.886175408389823360e+01
9.747848864181504780e+01
6.198413798582981116e+01
7.897527555870306060e+01
4.583143454282140539e+01
8.251063157931160674e+01
8.887637190680365507e+01
8.576940021625709676e+01
8.014635320761004778e+01
9.176271869822524252e+01
9.751692969097085495e+01
3.603127623209180541e+01
8.443116690635423538e+01
6.002885207143091861e+01
4.500951529577274357e+01
6.622875804118331189e+01
7.821383895605657699e+01
3.382464519142970261e+01
5.212244531825042060e+01
8.811987960488679050e+01
2.634236915525618983e+01
6.958473176575711250e+01
8.115109919636242353e+01
6.972368745796561029e+01
8.188402409097965062e+01
6.127343286244901321e+01
8.510759235917393539e+01
8.616500171362403648e+01
8.684129951852943918e+01
5.898429959473159556e+01
6.045299731596580273e+01
8.857692430501768399e+01
3.358374959890001321e+01
6.025300651360241488e+01
6.085753840716481022e+01
9.505599234405124776e+01
7.495089539254195188e+01
6.160820224428419323e+01
7.416182700335558309e+01
9.276874267613482061e+01
8.649417322914251827e+01
4.864836182901217398e+01
9.590206091952515521e+01
9.057107497024128406e+01
5.720082897957451706e+01
3.430191473301482574e+01
5.494113900109466897e+01
5.918238100231076260e+01
5.539676221762179864e+01
5.533668152367931015e+01
6.999965393288033511e+01
8.807133732120800573e+01
9.001089199943135100e+01
8.748589368861627236e+01
9.192543790775633283e+01
7.364756476609868230e+01
5.613098056261135582e+01
8.883266007088619176e+01
3.939960058444224700e+01
9.277559010599712508e+01
8.782919961950953791e+01
5.749281943473745571e+01
9.743387006963237695e+01
9.371430164347091818e+01
7.079552568264701051e+01
4.709332593904277786e+01
4.591222147805989096e+01
1.006560390599398147e+02
5.981469253205084868e+01
5.820970363873011877e+01
9.640122860852717679e+01
8.654741513301934219e+01
6.119203627884101593e+01
8.743485283578870337e+01
7.690379868498249039e+01
6.345301306671812114e+01
9.429741759459659534e+01
7.586822602426703099e+01
1.037278875265717772e+02
9.298781918799265611e+01
9.348822272580623860e+01
7.573160321410553308e+01
9.111177285687755045e+01
9.809183681162248547e+01
7.364963467175418543e+01
8.118039662537542256e+01
3.000179896913160960e+01
5.966611813690905564e+01
5.889993047544344762e+01
9.513933611575579619e+01
9.053503659610673537e+01
9.685338627860416238e+01
4.188065769199359067e+01
6.467826975765365205e+01
8.658927947849829820e+01
7.690991876459743537e+01
5.247226064391598754e+01
8.714313996986282973e+01
9.903586850416226639e+01
6.427405852244400819e+01
4.704781240409243992e+01
1.059622534969398657e+02
9.228799346699469197e+01
9.296557712605522283e+01
6.599918800227071358e+01
5.324009033704668781e+01
9.755971370183702618e+01
9.231489876982692522e+01
6.325988282672447838e+01
6.051394762514016179e+01
9.288256343806489213e+01
6.349251232257229560e+01
9.494041617951901912e+01
5.981724951771062138e+01
9.244173310932784204e+01
6.959248637178319541e+01
6.109856244668579706e+01
6.923204057464842265e+01
9.949742015743832724e+01
9.457765310155484428e+01
2.623464620261707481e+01
7.670878378295006428e+01
7.030376849426745878e+01
7.038388148992048343e+01
8.046655850880192418e+01
5.319176984910145478e+01
6.019948640424085795e+01
8.681985198592707320e+01
9.271695594507683325e+01
8.480321343920103061e+01
1.024915610591863526e+02
3.495974111778844673e+01
6.908882316376319466e+01
6.918357547570734312e+01
1.009439505983202849e+02
7.619355750166543828e+01
7.776357646095226528e+01
6.605601164707027806e+01
7.287269978893245082e+01
6.650474456023044922e+01
6.341326861336480647e+01
7.203070311374003154e+01
9.255961416604215231e+01
9.670066607044766727e+01
9.386420526276707221e+01
6.645685849332845407e+01
3.391841883886168318e+01
9.433474750810944442e+01
1.691653738718054356e+01
2.006958049988221759e+01
6.149564447273969847e+01
6.797716628045596110e+01
5.810455385154573094e+01
8.275318445158086433e+01
5.319273227353554034e+01
9.169101889581349951e+01
6.164266306715614974e+01
3.438470623853285701e+01
5.386978985199271364e+01
6.375184037871899534e+01
8.888834823022176579e+01
9.261145421431461955e+01
5.997329538963090556e+01
6.174857064071295554e+01
9.332168966662382559e+01
9.137759796166831450e+01
3.256806570936262091e+01
9.381143808820044683e+01
6.035236965502178208e+01
8.693523030144217500e+01
8.928004804077468748e+01
7.549679827012261057e+01
4.964315201365481300e+01
9.766028127311435014e+01
8.968044396612481250e+01
5.715901859436879562e+01
8.619824923568275210e+01
3.241554354269108984e+01
7.858456165927633208e+01
1.056740673285775500e+02
5.443257598131332031e+01
3.425016711460923347e+01
8.981793402065746079e+01
9.719077325379461740e+01
7.611331869557777452e+01
6.064548700637805467e+01
7.828956339922322627e+01
2.785273559003831423e+01
4.408840940688111942e+01
7.196568894446934905e+01
4.893221184926300538e+01
4.918822999612383029e+01
5.455728893811792801e+01
8.789116521554456085e+01
9.067687219908901852e+01
6.071964601133959860e+01
6.855455363146694481e+01
7.258821837378259545e+01
8.690371177115778778e+01
9.316270989931027202e+01
3.139250190509848437e+01
7.427868378619508860e+01
6.475566955951498471e+01
9.427569579160882540e+01
6.868700709191290343e+01
8.416608228351563525e+01
5.660860019704994528e+01
6.254723985105299278e+01
9.164475656371568846e+01
8.957874047946761209e+01
9.024398951561533977e+01
5.383775260535046669e+01
9.020527822278963015e+01
3.353650153928478517e+01
9.332092891170039195e+01
9.771811879414632074e+01
6.898043364791720933e+01
8.369440329500832831e+01
7.134484456176724620e+01
6.331710193244521889e+01
9.842273007205113800e+01
5.767343448400529127e+01
8.083298431198235789e+01
8.151074293744318311e+01
4.816103987506875228e+01
3.604494193305569638e+01
5.883305515224191851e+01
5.742519612643997817e+01
7.793934886607677193e+00
5.455237006308583858e+01
8.145519368418385397e+01
4.309237134637642441e+01
7.139247380526180109e+01
2.210768643098916897e+01
7.782999365647144430e+01
9.483096862662686988e+01
9.354021307228546789e+01
7.901608709984233769e+01
6.234650849575449882e+01
7.705745247963116640e+01
7.097948067275920891e+01
5.707123685573999694e+01
3.634673575844963977e+01
1.717253230731968117e+01
6.363316402929527271e+01
9.112294048849577166e+01
9.141612118122044706e+01
9.722032012634903708e+01
8.653619174155060989e+01
7.736191471474410264e+01
5.855315784567380888e+01
1.333801145088621354e+01
9.381227927155718760e+01
6.876207558625408467e+01
7.497786119382060122e+01
7.514788340220242446e+01
9.070978410879619958e+01
3.751521097980497643e+01
9.469040835775341236e+01
8.284615256481092160e+01
9.221477926205835729e+01
3.696828212270839487e+01
9.534895953837707339e+01
6.193562095430430503e+01
8.330964831948148230e+01
1.023082682166700863e+02
2.005940614920963228e+01
9.278908311523765917e+01
8.093418878947161943e+01
8.629083767080955170e+01
7.498431667974146819e+01
8.283786774396686781e+01
7.025242546430675361e+01
6.822858506194627637e+01
4.574342481727629206e+01
3.977914822233397985e+01
7.955563509835012326e+01
7.816277517343623060e+01
8.873712966472753294e+01
6.784732124687151611e+01
8.426029970642352396e+01
9.249943809638433834e+01
6.323638612697897798e+01
5.666721125254654368e+01
6.299996713129588954e+01
7.415669622559637730e+01
9.025132900327560037e+01
6.114618724513418613e+01
6.632627211288784963e+01
9.371796695532950139e+01
8.090211081133161031e+01
7.629503132178128055e+01
1.822739296964892119e+01
7.738839956269156062e+01
7.779704418216418560e+01
7.733557526604188581e+01
3.480425588424812133e+01
5.390055064735665269e+01
8.658412542217008934e+01
9.108318863928174380e+01
3.495082444048455272e+01
3.613118962962533232e+01
6.330853757183650998e+01
8.437866083952340546e+01
2.038506039506480505e+01
7.882267896172686505e+01
4.606183358458273602e+01
6.732181500485719994e+01
7.090235580387461312e+01
8.709286200876475448e+01
8.681731059864905831e+01
8.567574554037975076e+01
6.583350469519527337e+01
3.969029116012803371e+01
7.582833095021035774e+01
9.715108736100491171e+01
4.625818493775269502e+01
3.516939641749858225e+01
7.112360155631981229e+01
8.642377248874578299e+01
6.196708131657992880e+01
9.716327418454893916e+01
7.555466471385554428e+01
6.634048984148638795e+01
6.521492143395430219e+01
5.189332723630325717e+01
7.731188685694992557e+01
5.631015323927961447e+01
9.609866509183348171e+01
9.001490699688363861e+01
6.592342884210138720e+01
5.119986656670428005e+01
3.924326288916393679e+01
1.368174433524565892e+01
5.293610344693225045e+01
7.397008612500958691e+01
3.448959279266725986e+01
5.588701845148595027e+01
8.878164066782620978e+01
9.272797050843063005e+01
8.809100706899853606e+01
6.284518784616719955e+01
9.276412536042614931e+01
5.152379423500954658e+01
8.649120476555187054e+01
8.296148912084639448e+01
6.965481412688001228e+01
1.054147670035836484e+02
4.603040478821839088e+01
8.007382704357084435e+01
4.882265333782559225e+01
1.026217703979225178e+02
6.603143036938634225e+01
9.168839169072133188e+01
8.347438266951002106e+01
4.093728591878929279e+01
3.266235380692614854e+01
7.469864015721935857e+01
8.703445353978368360e+01
5.787779752818013179e+01
7.719882704372102467e+01
2.030062974895570349e+01
9.421145115002629211e+01
3.091345896137381644e+01
3.135193743979018421e+01
6.338574676137694297e+01
4.934946606857545248e+01
1.939297819182953830e+01
9.974988154976880139e+01
5.737472444193205945e+01
5.558177759081549141e+01
5.220376653338209394e+01
8.920583545963523875e+01
9.323604678291998482e+01
2.438001671375795354e+01
8.183928618132514998e+01
3.400140645004866258e+01
8.510444292415981238e+01
5.894679023376932037e+01
9.089508801696277374e+01
7.843405438234697158e+01
9.685297685697391046e+01
6.834957971732009696e+01
9.551398363851460260e+01
7.307580396360536668e+01
9.281707080367725382e+01
4.101866369390403833e+01
5.291179189723829523e+01
8.619636580873300602e+01
4.647689541372152888e+01
5.598421897061675168e+01
8.223242303830656397e+01
8.227656790408035192e+01
7.778970760116041561e+01
3.892919076600500716e+01
8.225916916496758802e+01
9.339253431358922342e+01
9.157439186226768868e+01
1.818438209572296316e+01
8.017858668592130300e+01
6.735482697853433365e+01
8.780980489151075119e+01
8.959086146129337180e+01
8.814250632295954802e+01
6.324040552800456538e+01
9.057505352275653365e+01
8.636054058995586047e+01
9.645519329397217234e+01
9.370064272701021935e+01
7.117653949335689845e+01
4.737338300592531937e+01
7.599268474495052317e+01
9.210256451297948388e+01
9.322112078295889148e+01
5.711838769996909804e+01
4.834089774891831581e+01
6.824241316900751997e+01
8.957401101990220127e+01
2.269498897706050045e+01
9.519683711543848403e+01
7.495633555361274603e+01
6.241906673955570284e+01
7.906721529818351257e+01
7.921877139075064633e+01
7.407039577371357097e+01
7.535092186651783663e+01
7.318324280672557336e+01
8.940228407724016790e+01
8.647672109769210635e+01
9.440982908033824117e+01
9.653066426547862022e+01
9.381756905373715938e+01
6.252959953468582910e+01
9.062258349136956781e+01
8.797838948984123419e+01
5.178393897823990244e+01
7.729246469635751282e+01
8.794443430224959002e+01
8.078004392329870598e+01
8.181138118010052551e+01
6.119645031090504261e+01
9.342355211125175174e+01
6.837058080110136871e+01
9.441895541708056783e+01
9.516181250531511182e+01
9.293458496352815246e+01
9.382531365016797054e+01
7.950731149673771370e+01
8.978396651998552613e+01
9.159403680478811793e+01
9.771411644834306287e+01
7.074532238446835208e+01
7.145730280627934405e+01
9.846776070677447024e+01
9.765504297019155899e+01
9.274208294574303579e+01
8.706915863797077293e+01
6.547766011496329952e+01
3.061114203216927976e+01
2.652600991260770513e+01
7.860782368799394249e+01
9.051484757227646583e+01
8.938768445021918296e+01
9.021811132351808737e+01
8.109982358366673338e+01
5.409728155861672150e+01
8.647354076514066890e+01
9.221564413987073294e+01
8.246620809079108483e+01
8.871274606534305462e+01
7.946428222627807259e+01
5.577967388874361632e+01
9.242116760347818172e+01
3.515473569361642348e+01
8.966730070834572075e+01
7.506822981189961297e+01
8.829046613438356417e+01
9.303682853384462703e+01
9.207787951986887265e+01
8.687078468082836480e+01
9.522978390785247882e+01
4.132502178499009204e+01
9.645851755600624244e+01
3.804247353291756184e+01
7.901137409150011592e+01
6.816685785438832568e+01
1.042117000973406959e+02
7.703722035879103203e+01
8.514277152245168168e+01
7.578625404060450421e+01
3.142065191659341750e+01
9.377933539241041672e+01
9.384621528627143050e+01
9.449814922857740385e+01
1.003588916545639904e+02
7.580105911023059662e+01
9.497834013048263557e+01
9.318413876378252780e+01
9.203957138501544932e+01
9.103452507828033902e+01
9.387288311204767410e+01
6.542692303019541100e+01
9.460184905974301728e+01
3.792652963455856963e+01
7.155936134318726261e+01
6.617913485980332666e+01
8.881375355860757281e+01
7.957149920663613329e+01
8.248085088703774659e+01
8.313407703328616094e+01
2.498069712359081151e+01
4.132831832129301119e+01
7.579500807529215933e+01
9.371698364307565043e+01
7.941865392410917934e+01
6.203410969558083110e+01
7.766375370239478571e+01
9.449664736584057323e+01
9.450163131910254322e+01
4.068161868188833807e+01
8.326128682257431990e+01
7.745444876219066543e+01
1.026722841984111625e+02
7.703253686477678741e+01
9.281452183836813674e+01
9.425439016291437611e+01
8.596921513406454096e+01
7.847800052902982770e+01
8.255085558825338410e+01
2.000121929611875871e+01
8.991361910182081374e+01
6.608787028323914114e+01
6.196521479049611969e+01
7.493603533761881863e+01
8.472125868650266511e+01
7.794827403402388200e+01
8.740128042010634601e+01
9.416754679537487505e+01
9.398819721636182578e+01
5.738986205581442590e+01
8.997239027839377457e+01
9.295416352049039688e+01
5.813150543035114026e+01
9.600792842806995964e+01
8.753638418625664031e+01
8.265271741097305380e+01
6.778191675692775675e+01
4.903517428056456140e+01
9.343122138523690978e+01
9.055582031524697584e+01
9.505746707724081546e+01
9.553695107958097310e+01
6.306445718906950049e+01
9.506953851828443192e+01
9.503505050505376062e+01
9.253765805148766788e+01
9.487886018629768614e+01
9.252555488261378969e+01
9.519119103098942958e+01
9.307960741724491527e+01
4.321296569892784589e+01
6.081345801170401444e+01
9.074716766169136406e+01
8.682931898363180778e+01
7.277688820109679568e+01
6.144554657401433673e+01
6.328942702184619407e+01
7.686776127029047245e+01
6.247144078096610542e+01
6.370817663790174379e+01
6.823360419607772087e+01
7.805946423024387570e+01
5.432950200629112913e+01
7.980520384269078704e+01
2.437772809349508663e+01
7.903595886970438755e+01
4.949339740876601468e+01
6.112070470411536149e+01
7.851135074687566373e+01
9.074828476496664109e+01
6.600577143152406734e+01
3.534807107561879036e+01
9.880374686100591930e+01
7.769412669468057686e+01
7.355047323036747287e+01
3.638337766249746608e+01
8.042167188906979902e+01
7.917450034346629195e+01
7.868666710137758002e+01
2.781654887455294300e+01
7.862925562924898770e+01
9.442614829357570727e+01
9.350321733974277549e+01
9.642686207187611558e+01
7.788357656120051331e+01
9.320074778618231903e+01
4.526895022249472333e+01
9.121719491496212129e+01
3.573901468251833791e+01
2.255025256790246857e+01
4.085298731537904615e+01
6.815422348134859476e+01
3.187412589972236887e+01
7.546953289824141109e+01
6.907881361810576948e+01
6.576462060521546960e+01
9.785046204482389953e+01
8.925885601943031133e+01
8.424240842137157870e+01
6.537820752768843136e+01
1.416022677578577138e+01
8.294186793928462009e+01
8.340185861440915005e+01
1.031716102934602333e+02
4.622566501664906724e+01
9.102339239823176342e+01
9.074663135970452288e+01
8.388664434265041336e+01
5.666894886437179935e+01
8.544914957147408074e+01
2.475856711266481724e+01
6.197539638471736367e+01
6.892923850571067135e+01
8.028600709890196185e+01
5.483436423737837373e+01
3.406359202532397035e+01
6.491281370559026698e+01
9.393402051216487791e+01
4.311044892131123873e+01
6.254476260510357122e+01
8.357064612601413955e+01
3.420754945368754818e+01
5.345165811509696852e+01
9.158875515097120967e+01
8.554961896228121532e+01
7.380005761226263417e+01
9.506077534197794421e+01
6.056342912153086644e+01
5.868141074725276951e+01
7.522715233943367252e+01
5.873583367665300869e+01
8.403909740612857604e+01
3.353124802153320161e+01
8.844104546658749655e+01
7.695652420385042092e+01
7.973859519240681948e+01
3.571461071950622568e+01
3.755502458268804844e+01
5.975702801673108411e+01
4.366464605259920262e+01
6.677726684552195024e+01
6.401023919952136509e+01
5.994816212991139537e+01
9.203198264074215729e+01
7.743448015546874785e+01
1.039888524923937041e+02
7.760603610851462975e+01
7.966504558431729777e+01
7.275930046898190540e+01
8.901799807104970341e+01
8.265197185060416984e+01
7.610902254220364682e+01
8.521087645320724846e+01
9.870470846206012538e+01
6.226286307549892030e+01
9.227280816194920021e+01
3.801357090185383925e+01
9.380570275805096969e+01
6.911412262110842164e+01
7.825266562458072883e+01
7.926032740785163355e+01
9.096556522452347338e+01
7.898804294013640970e+01
6.256107319566933000e+01
6.828350723768083697e+01
7.621235629046229576e+01
6.024535424895738345e+01
7.841968130447565954e+01
9.434959364674348592e+01
8.530169827491347689e+01
7.686732544538388368e+01
8.641443128118172012e+01
8.744401869446092235e+01
6.626456099817266931e+01
6.435743598113096198e+01
9.464285768007947297e+01
6.750997560845154055e+01
6.138272401986105820e+01
8.826327052216363711e+01
4.034061771803422403e+01
9.404124647051428099e+01
5.926323417756654521e+01
8.123682250752308676e+01
7.208928031807789694e+01
9.570782958970725929e+01
7.834030142900952853e+01
1.632484410355109716e+01
6.295804926630366793e+01
6.888046784901509056e+01
6.739360201750466217e+01
5.677367034495645726e+01
9.415156677934356821e+01
6.252877456652799282e+01
5.650640299804944533e+01
5.622829155270282087e+01
5.663104116680587907e+01
7.364974316580777725e+01
7.904761686517791475e+01
7.675921672438687438e+01
8.342678341956326449e+01
8.423046306641745673e+01
1.363521473743059964e+01
8.423385660324549917e+01
5.988929042763232502e+01
6.796351205729406786e+01
7.671792684883268976e+01
9.198785055780021480e+01
9.479882627326450972e+01
7.609614233861316279e+01
1.033719727432368245e+02
9.447278329371093264e+01
5.941965753821148866e+01
6.774444847911698275e+01
1.049574856066542452e+02
5.284854783203870454e+01
7.578318553639111599e+01
7.452123054477773678e+01
4.422438139973320403e+01
8.496069382015389237e+01
9.500393336865704441e+01
5.815961656400182989e+01
6.010065892556190192e+01
9.779773007194441448e+01
8.298307829233600330e+01
7.651564706012736394e+01
9.444934341691542556e+01
8.246036677089198008e+01
8.820203470999065587e+01
6.450723894429820859e+01
9.375238794388643271e+01
6.737110133606138618e+01
7.683211486873345564e+01
5.668679709150097068e+01
6.164437496770480607e+01
7.790454590165548154e+01
5.904221586835945601e+01
9.447231772895243296e+01
5.586707882253049462e+01
5.551149995946716587e+01
6.022628819515902876e+01
6.034450328858568469e+01
5.411300427628158616e+01
5.478005242405016162e+01
5.946839214980911947e+01
6.044785348137739334e+01
8.848878456461130781e+01
2.710047294750457780e+01
5.908232651532924251e+01
7.838137110357516235e+01
7.107401562517163995e+01
8.712157108390313454e+01
8.563484932727392618e+01
3.033224551515820977e+01
9.342826751413032582e+01
6.462680047569105568e+01
7.028729278157939575e+01
3.695684878963090370e+01
3.434811582594325330e+01
7.316997422116121186e+01
5.563368907492061055e+01
1.050455013825451687e+02
5.877109154540484326e+01
2.528998101979551549e+01
7.794261606636327144e+01
2.937968442926328549e+01
3.470851351510000171e+01
8.361217495678675959e+01
3.881592703491381968e+01
8.040225001247658554e+01
6.474551951095398294e+01
7.653541132305272754e+01
7.231484644622473468e+01
3.391988737383253039e+01
7.459769027204998793e+01
7.138403833846072644e+01
6.033014289112026773e+01
7.929262500155837756e+01
8.119883242108079457e+01
5.983097189638334612e+01
6.864443828135762260e+01
8.455187719857420348e+01
1.761688246076485953e+01
8.072405352905742859e+01
9.503660316263820107e+01
6.358548250448757955e+01
9.443756524997951374e+01
9.111784364515649770e+01
9.447828356819040607e+01
6.932610282321364537e+01
4.780052648456622677e+01
6.818470351056940615e+01
7.802366595482331491e+01
6.482721015130098863e+01
7.052402647223534871e+01
9.152842488379904751e+01
6.825578942084706568e+01
5.244556817852408415e+01
3.841054134559800559e+01
7.788736835203729925e+01
6.827826597325034186e+01
8.121153055174180224e+01
7.957057798163299367e+01
7.297532096351491759e+01
7.969714203984160861e+01
9.783134439826672235e+01
8.576784421910265621e+01
6.012797036146650953e+01
6.341704541352368096e+01
8.709164204956600486e+01
9.211103332774069941e+01
7.187312322029799816e+01
3.550794338124272542e+01
4.926395635637509685e+01
3.721350605449394067e+01
7.289040608111115205e+01
6.211794871003920804e+01
9.164040033805808605e+01
4.593624263514749373e+01
6.175677707581679954e+01
5.945669796466963675e+01
7.506136717896886523e+01
9.572478844231677897e+01
6.642928255473043464e+01
5.898923885833847436e+01
4.619842405270027541e+01
7.839782563037019258e+01
9.832279456984539934e+01
8.154968897761962410e+01
8.529312248675529418e+01
6.698987690150174501e+01
7.469184939147007185e+01
6.896904087528324112e+01
6.226597611363323637e+01
5.658943549902118519e+01
4.234215091275763143e+01
8.063961279709111807e+01
5.916331178372224286e+01
6.267336386678294247e+01
2.848141635763623825e+01
7.611836686766693560e+01
8.373732690630933462e+01
7.226215200511261116e+01
5.772320409109332928e+01
5.940049481849145252e+01
9.971333036043374420e+01
4.181177209941890283e+01
4.138333398425542242e+01
6.062755088224700017e+01
2.782395428105215274e+01
6.067224689409776772e+01
7.670829412232926359e+01
9.209178328705590388e+01
8.330299399512786351e+01
8.959709907639557969e+01
3.761900249326252776e+01
8.792049486689234072e+01
9.464711114573232464e+01
5.909535619145636076e+01
6.499101043130539779e+01
6.499101043130539779e+01
6.500573659179934793e+01
9.255204131999924755e+01
5.759709147793137873e+01
5.598063240624209413e+01
8.244269462725726783e+01
7.209503501777395229e+01
5.688490244748301450e+01
6.808244048251117420e+01
8.760228888755993637e+01
8.387663408407334487e+01
8.354680544827056110e+01
9.741014573686720723e+01
8.165408041493317626e+01
4.853410201715696104e+01
8.863421555230910087e+01
1.003229412504837512e+02
5.482184945947395249e+01
9.126779535912784524e+01
4.863376879379720208e+01
8.692841320164372121e+01
7.396907410787648018e+01
8.476302493808307759e+01
7.626661579854281570e+01
8.149229883299956612e+01
6.424287527549029164e+01
7.855682935058594296e+01
5.552869156474058343e+01
3.922053266734101840e+01
7.998921751923168699e+01
9.415427273667769725e+01
4.793359062330902987e+01
5.550159747666934607e+01
3.418018673571103960e+01
8.928784713569467613e+01
6.889336606258002860e+01
7.720719209076756329e+01
9.509357286222449090e+01
8.953634788877627670e+01
7.486375880639276659e+01
8.176137170797692022e+01
9.125154774338034258e+01
8.892238432839918971e+01
7.367200797937341861e+01
8.881946747185573088e+01
6.640994758331594028e+01
6.171290089447160909e+01
1.727286274719318016e+01
9.229997924714578517e+01
9.326594990980643729e+01
6.421991450485086261e+01
9.680409961847132649e+01
8.434288382205841117e+01
3.512480615188814426e+01
5.912261483789296079e+01
3.798830416819095035e+01
6.238386486224179350e+01
9.311632350583511197e+01
8.337338165073187213e+01
8.341256930281021198e+01
9.322708516981266769e+01
7.467151965430220173e+01
9.471290536132869420e+01
9.205620274723287366e+01
7.801676288187580610e+01
9.140824630360289405e+01
8.274532292295971558e+01
4.927144570698513348e+01
6.042161109008004871e+01
3.425186971335081410e+01
1.069688738803198049e+02
6.370516846100543518e+01
9.042760436382627631e+01
6.292034723329191337e+01
5.582131783825025195e+01
9.032962096600216739e+01
8.156590167295449589e+01
4.434367567496185814e+01
9.189532570248809407e+01
5.582915416386481411e+01
4.876687810178737692e+01
5.951717831094470057e+01
2.578098476023506436e+01
1.016886560414060625e+02
9.312436113508881874e+01
7.875822236580242475e+01
3.580302890624368928e+01
6.849563714326636443e+01
9.053678953459218803e+01
4.967879999731376728e+01
9.336186627686555539e+01
7.060259991977048344e+01
8.661266129575454897e+01
3.499775258913111742e+01
6.168286115989729268e+01
9.900818416019187396e+01
6.736881536158851702e+01
1.664231882992815414e+01
4.547577014184270183e+01
9.659141076267550829e+01
9.556151977328538294e+01
3.424501823629351094e+01
5.959203762671317151e+01
8.348340834816910672e+01
5.305322348405287158e+01
7.355229913200031433e+01
8.746918377003083833e+01
4.472605333845123710e+01
8.511663226799406345e+01
5.553683736380430958e+01
7.129149752621910352e+01
8.837374486238230986e+01
4.970590532056787936e+01
9.608606411662141511e+01
8.997212945680267637e+01
6.920226285277605882e+01
9.772557710142613985e+01
9.226851747051436803e+01
5.790081880810392079e+01
5.976694936929306579e+01
8.782400777199960373e+01
5.923863334357324106e+01
6.771143007826083249e+01
6.718247563579842563e+01
9.436435000520849314e+01
5.781513144235091062e+01
9.796877274085164800e+01
8.080649564726991230e+01
6.714494946977255552e+01
8.134489454117753837e+01
7.502651295752897909e+01
7.093295699177389224e+01
7.428342828271929932e+01
5.973593210774583895e+01
6.263244858939391690e+01
5.904221586835945601e+01
7.281201902552315630e+01
7.088935872386738879e+01
5.799191855437187826e+01
1.016573573437460887e+01
6.209070883868716351e+01
6.561168288820951489e+01
8.585190500681683545e+01
6.164767184471976691e+01
6.571606016007028472e+01
3.433251256641199944e+01
6.626866493419085202e+01
5.703942067516378955e+01
6.093286300824662760e+01
7.510460357170732948e+01
6.918225696520141810e+01
7.438036288660877915e+01
8.518566828814347502e+01
8.330554464558417749e+01
8.922323290465179468e+01
2.121613687596585862e+01
9.127818547876842104e+01
8.808148241236916931e+01
8.831684030781231343e+01
8.546866001213524555e+01
9.094970922493642718e+01
7.026526389415373330e+01
9.632203075791218794e+01
9.139369633968357221e+01
8.326318825444661798e+01
5.389580994222538379e+01
3.069967724261008613e+01
3.665132014150398732e+01
7.915057672132267896e+01
6.869315711800736324e+01
8.417976507847596679e+01
5.127070501925609847e+01
7.746055187479929316e+01
7.807830488871360330e+01
6.467945104895966324e+01
6.869298577217401203e+01
6.582184377480355408e+01
6.828997465184447435e+01
8.318092602313068085e+01
6.900295485232196313e+01
7.950691877504105776e+01
3.563563069265277505e+01
8.624822269320192447e+01
9.817845530476016336e+01
8.137922578098502413e+01
9.919404589566794073e+01
7.366978654015773031e+01
8.663929971440316535e+01
8.600262367191024282e+01
6.102645367348496563e+01
7.968807262868320151e+01
7.204182808342247313e+01
8.714818334153859780e+01
7.717851210260563732e+01
5.783166117141697526e+01
8.364325052482257661e+01
7.604149610571712969e+01
1.052004451335407964e+02
9.283454185270464620e+01
8.734898227147269267e+01
6.297615816866286309e+01
7.639347415543525699e+01
9.221381404104677415e+01
8.860370698181590399e+01
4.258701086715608852e+01
7.503333711417384677e+01
5.433362627513083254e+01
9.412581934055478428e+01
5.937964071777906128e+01
1.001314015420722399e+02
7.513911599321821200e+01
7.933303255656758779e+01
8.523691495085157044e+01
9.072781325914006345e+01
5.651015181543887422e+01
8.693235703584174701e+01
7.336568390976221110e+01
2.336775631140411491e+01
8.012794513816410813e+01
5.686209695943853148e+01
8.277523571871449803e+01
8.717274651962705434e+01
6.855425097080942010e+01
9.546693934861049513e+01
9.200443834006227917e+01
9.053248827175079327e+01
9.381890985923388371e+01
8.248310361201927776e+01
8.610205456079293640e+01
2.267551136970743642e+01
6.051019316713637863e+01
8.323154219297613565e+01
5.259268838180346251e+01
9.092205034200630109e+01
5.935367935432842756e+01
8.454643989245066393e+01
5.514328480654829434e+01
8.353646833747794176e+01
9.133564366885241270e+01
9.379323380318780323e+01
8.900704247366775235e+01
8.894239519985893594e+01
2.865204185767324319e+01
7.201235368025227501e+01
3.766326750548031299e+01
8.523511178296186586e+01
9.593768423720912608e+01
