5.151293707984043735e+00
5.151293707984043735e+00
5.633606289415624246e+00
8.755584559001730938e+00
4.710742862175081314e+00
4.710742862175081314e+00
5.411931431052522612e+00
5.294373936956070281e+00
1.634480872230925996e+01
6.840359482186904039e+00
1.222016379080256776e+01
5.571306245823879344e+00
2.679008116156975206e+01
3.315710550786604927e+01
1.836027932231703019e+01
1.519469175272169181e+01
3.058539650004295041e+01
5.281788286010470124e+00
3.701073502162448392e+01
1.971028761034117949e+01
5.891638851121395248e+01
4.228526647647386483e+01
2.175593788558775898e+01
1.107280258780622972e+01
6.253400032929453545e+01
6.748325964403495902e+01
1.082492284872061461e+01
9.104246477391436088e+01
5.768674568120983892e+00
8.961956469718981566e+01
5.688242393661858642e+01
1.828795828773006349e+01
4.955830058928658843e+01
1.298917942188203654e+02
9.436197118682832752e+01
2.176194761161256963e+01
6.845659328624014961e+01
7.778880188130328577e+01
3.689721580302641968e+01
5.191497956182791640e+00
7.874988555016027014e+00
5.974648330868540747e+00
1.467185937894190140e+01
1.741133433460580093e+01
2.047116988223384482e+01
7.165124946836930064e+01
1.543691741595470823e+01
5.399508416987654158e+01
9.626048355788644528e+01
5.518758824179757028e+01
6.218557480003114257e+00
1.068044380148766948e+02
3.355129220116632496e+02
1.564870042981626774e+01
2.152900326161705280e+01
4.679471251263487375e+01
9.842468789541517538e+01
6.595988604232768182e+01
7.346578898374427524e+01
9.009953303908313060e+00
4.138036752363990445e+01
5.040937359787138305e+00
9.548473225186386415e+00
1.782978590461476287e+01
1.016479929632238282e+02
1.624595932378061889e+02
1.767803758588510163e+02
2.358829011907609186e+01
4.689076991055823385e+01
1.458521225576805946e+01
1.645433827999390530e+02
7.038910731726920744e+01
5.188097931874477098e+00
9.087898268350869557e+01
1.175400475308636032e+02
5.488245197801271757e+01
7.634750686339732795e+01
9.576881946359142361e+00
3.207675652520851628e+01
2.286535736198368696e+01
1.210992837448082859e+01
2.112839732023207873e+01
6.827265737459306649e+01
6.359490357975950303e+00
9.876580870436312409e+01
9.277111181028179487e+01
3.049399923380744895e+02
6.611565557252605174e+01
9.866070091483885562e+01
7.387604804408586290e+01
1.577610760757958985e+02
2.128066584733298612e+02
1.675745824686633512e+02
4.125524834313128508e+01
9.185521997052267906e+00
3.406035853720774043e+01
1.856731091235057249e+02
1.105941634616689662e+01
4.253246231634458496e+01
3.809768684908131604e+02
2.183038248164375830e+02
1.149958240609414446e+02
1.088171089320234231e+01
1.090362896525936165e+01
7.593497698852094402e+01
4.783054774449962743e+00
5.270564532321035500e+00
6.212711932719712848e+01
1.022172646757761356e+02
1.281358292940268484e+02
2.253412275402439491e+01
2.616036217708291929e+02
2.293776008664908943e+02
1.084051746667566363e+02
1.671657659972281635e+02
3.590485269947240710e+01
5.640544056807374140e+00
7.896311698312462113e+01
1.175164208503175871e+02
4.276829885722347768e+01
6.718580344773144475e+01
1.816977250934631911e+02
3.639343566083527293e+01
3.460618538803037580e+01
1.116496762277307475e+01
2.466830504386361866e+01
9.249722900724552233e+01
5.107444068687273742e+00
6.053074399336247780e+01
6.269570374320704786e+01
1.147079157076969551e+02
3.899154526055517067e+01
1.204294012286449345e+01
6.913183748081501712e+00
5.068938321591631535e+01
7.213019702723031834e+00
1.176353040153191110e+01
8.883099931507299374e+00
5.609310538028831949e+00
1.047520172937952410e+01
5.411769392138129575e+00
5.608872724969694801e+00
1.199081926368136308e+01
1.500403472846240049e+01
1.457343067404824666e+01
9.793693106844267859e+00
1.341333572317347667e+01
8.924955879189740315e+00
1.488668755928133081e+01
2.038273348797537565e+01
1.495237670224188875e+01
1.203228039087743184e+01
1.134115815749072453e+01
5.009965222771064042e+00
1.265855545607303512e+01
8.553784858992759865e+00
8.102840286573766093e+00
8.624480007319434094e+00
9.377471102368302169e+00
1.004534249373717536e+01
9.731301408449375856e+00
9.092020702240603214e+00
7.134723328797443642e+00
8.260181379788440026e+00
8.637716307332453880e+00
8.421981762988139053e+00
9.316393569339568970e+00
9.949091274211175673e+00
5.109407355996057021e+01
6.605256788544028090e+00
5.980132754733302747e+00
6.126792887496377737e+00
6.409366646618972041e+00
5.605932492818690882e+00
4.740780420417056717e+00
7.829389536396159421e+00
5.754363804611155153e+00
5.696317857872255530e+00
8.291480684663847356e+00
9.412472046443102869e+00
9.662116430226959096e+00
6.424647039264393733e+00
8.156597697135852698e+00
5.475264603230043825e+00
5.077204181083534884e+00
5.309859488578029030e+00
1.444545283464605312e+01
1.172778500442903038e+01
7.557996199059614284e+00
8.712570433960140193e+00
1.300363216069609784e+01
7.594859837201965114e+00
7.872203102684636633e+00
9.265994992279910747e+00
1.188418543918051640e+01
1.282793891429347077e+01
1.333557387665947225e+01
2.993540762110244557e+01
1.905607292605074576e+01
4.883631565149045173e+00
1.172012842304369329e+01
1.254851256416636573e+01
1.700011819362243415e+01
5.972917121833186904e+00
5.138352371719652645e+00
9.296567650843231334e+00
9.708068052757127475e+00
1.492059880353418322e+01
1.591751229967316661e+01
8.991145704199132282e+00
1.612657401395149748e+01
7.416714741050872028e+00
1.434164450904675903e+01
2.704121133336359151e+01
3.485710221939496734e+01
3.200972360373140901e+01
7.879973017736800500e+01
7.521835991158089030e+01
2.924640436210092531e+01
8.207955703382678792e+01
8.152967508305484046e+01
1.433243342526830588e+01
5.789756034686790898e+00
9.601954222580239673e+00
1.528480748576666848e+01
1.220330578658308127e+02
7.901944892716589663e+01
6.481543734641746823e+01
5.142103902855728137e+01
1.036454000596404086e+02
5.908820253434323178e+01
2.231172982557832185e+01
9.815178840519894976e+00
7.334592949293641695e+00
9.105243978723726173e+01
1.579245427676233930e+02
1.251570813273768152e+02
1.595482306137542672e+01
5.261781359024806370e+00
3.688715040973212922e+01
2.306978722047349351e+01
1.280701541611685457e+02
1.334985332572155947e+01
3.739221060795539415e+02
6.487594334778735927e+00
2.078983667127753847e+02
4.556489210239613641e+01
7.241762902036998639e+01
1.024215123177723257e+02
4.312063728156805809e+01
3.731557010210794800e+01
5.219844105019321745e+01
1.539555813797506403e+02
6.104854123459324455e+01
7.660151691182149136e+01
5.489022718893051156e+00
7.519529499825931396e+01
7.138948484401417716e+01
3.251724466402658464e+01
1.194586976034359367e+02
9.393474636531183819e+01
1.205450136081907431e+01
7.111857206066801496e+01
3.602777159458121901e+02
5.071522245969877218e+00
1.964864414393714185e+02
1.344488162532859121e+02
5.524090232045697491e+01
3.715309476167899305e+01
3.904755986329492856e+01
1.366140130492087792e+02
1.677767469531020481e+02
6.453276292241397982e+01
8.923432979673127363e+01
1.971920998376961052e+02
5.141193659346612321e+00
2.397348074318249544e+01
5.173042882480672233e+01
1.188640851583141540e+02
1.656144846359364209e+01
3.230361840249671435e+00
8.979917696517111025e+00
7.526384210364614091e+01
7.321169928258227344e+01
5.063004955175880895e+01
6.560674359216238649e+00
6.505172944857861239e+00
4.391350038347437845e+01
2.809381479989057695e+01
1.777404292832859412e+01
5.193437637699930320e+01
7.474111766648905864e+00
8.314962015466573320e+00
5.176396936724292352e+00
5.148905652176448910e+00
5.964246052624644356e+00
5.038332558469300615e+00
7.727484164177563564e+00
5.340379570388352093e+00
5.752760772921445387e+00
1.615317864982790397e+01
7.670866974088684564e+00
5.216161365305196362e+00
6.655589958830701036e+00
6.448758060257079094e+00
6.013513849477662987e+00
5.268699433657835662e+00
1.072311363817964569e+01
5.641784617872587226e+00
1.751852756516012377e+01
1.331662580512010408e+01
1.681611376586625894e+01
2.263156172064237381e+01
6.762091661606238979e+00
8.408005774059210680e+00
7.067681072294422506e+01
3.623649285754517990e+01
3.230433677836843032e+01
1.124516545693336589e+01
5.641218654745276950e+00
5.157326103291536512e+00
1.817940265195658966e+01
2.412918320423870711e+01
3.313267854111278155e+01
3.088562581618387881e+01
2.811973289287171696e+01
2.470205044327089894e+01
1.277484891643965703e+01
1.117117165745271556e+01
1.251790380076030118e+01
5.563052083243785972e+00
1.109177636521325994e+01
4.961638773149639192e+00
5.503548629646662249e+00
1.149634511054615693e+01
1.126130120693528980e+01
3.439549174514677787e+01
6.886169229579027551e+00
1.739204915721652966e+01
2.767470058450810910e+01
6.023367493158105823e+00
1.774905064387285591e+01
6.604471992644604050e+00
4.141058424459221499e+01
4.399453649399331567e+01
3.494216249237759087e+01
3.770842280051972040e+01
2.417184288357786315e+01
2.930278420613549883e+01
1.031869362144313129e+01
3.910486498427061264e+01
6.230281699658664962e+00
5.428526049832314015e+00
5.451123781963367776e+00
6.719280579002205656e+00
7.669461393389175541e+00
5.610094572330325491e+00
5.612791215024346414e+00
6.504368305320372912e+00
4.761152572566367702e+00
9.699109201667914348e+00
7.191367571010987447e+00
8.390786896050164145e+00
4.845750053152257486e+00
5.349949440653403165e+00
9.905617352471882242e+00
8.073576043646806255e+00
4.770284461652725128e+00
4.973569350623180618e+00
5.074319501794123610e+00
6.281035343707880969e+00
4.549239224097723522e+00
5.176132162824842453e+00
4.777727275305823973e+00
4.777249311112552910e+00
5.242225170685371971e+00
5.969551693864495689e+00
6.155747307506350019e+00
4.965601078076336883e+00
1.074064238948992767e+01
5.630551615731296700e+00
6.022476844429400344e+00
1.112010756515835830e+01
5.246835487356115379e+00
4.461157271533627622e+00
6.400089933282229637e+00
5.163151680732724458e+00
5.426002430136519727e+00
8.534807376926629274e+00
5.349797555211636357e+00
1.488483938104204185e+01
4.827957018560084634e+00
5.191598253480998792e+00
6.580088516355714567e+00
1.342168481809141412e+01
1.241596185375373906e+01
2.510076739073230812e+01
2.521774684353835383e+01
1.645992602922171244e+01
5.253029414017737153e+00
7.931320008365905672e+00
1.048914543045341929e+01
1.042637609138703070e+01
5.578537798724768848e+00
1.230613376767568390e+01
5.325505225111959895e+00
6.984428941973234828e+00
3.009996985649667067e+01
6.052199142197395076e+00
5.963118717812212033e+00
2.790739079457551597e+01
1.331339318811003736e+01
8.053517252995000320e+00
5.659599942628847913e+00
4.751435090360488722e+00
5.800954141769744332e+00
4.442392669331017174e+01
5.270677193870827182e+01
3.786569891895956630e+01
6.770713105030596424e+00
5.617832883506059360e+00
2.513843501315308870e+01
1.392077037965296604e+01
1.919149686994963133e+01
6.103416954210424628e+00
5.036421761138066167e+00
3.085730114861013718e+01
5.988017985178556657e+00
1.043660450278618512e+01
4.600316983441373964e+00
1.219644467084105912e+02
4.607078190879455093e+01
1.156039206736640352e+02
2.308473466683806663e+01
1.030567117446034615e+02
9.030293527986829361e+01
5.388939366954761390e+00
1.726831852656950730e+02
4.718979132432325230e+01
6.889544447920754067e+01
1.059804402964872025e+02
1.170268377272178952e+02
1.094208191589561920e+02
8.520958717981709185e+01
5.712017249587189838e+01
1.789681001117017445e+01
7.129491988955905413e+01
2.284996798171435017e+01
1.955286223828480985e+01
1.022441899151371381e+01
7.623220538103110400e+00
8.810140743600973323e+00
7.445861358879205305e+00
2.126565709454472852e+01
1.662861453417934854e+01
6.967421666830365901e+00
1.403632706228078497e+01
5.813461408598661251e+01
8.531960081280242747e+00
5.343333313239507731e+01
1.645480827902251875e+01
1.005416464851774627e+01
1.381175586065904781e+01
1.228025473543995361e+01
3.831350275109445391e+01
4.010936344273934395e+01
1.252982933542553212e+02
8.853413228417777248e+01
1.064985185415325901e+02
7.895498441863849415e+00
1.427927331419763277e+02
1.241367293218675201e+02
8.008560166255317370e+01
9.252134213151943953e+00
1.756088712741175684e+01
2.189082203780739988e+01
1.986122163499256317e+02
1.897357798787128331e+02
1.507420884226092141e+02
9.073101427432236576e+00
8.471465033301425862e+00
8.666818208466999351e+01
6.145485265522737883e+00
8.895161660836189199e+00
3.196352438456911926e+01
3.537453663734843445e+01
8.598680927019692888e+00
2.784414527401594697e+01
3.010276724101640156e+01
5.644520693909311149e+01
3.551816196504179857e+01
6.870287295318829202e+00
1.324378349588538413e+02
1.259221937493329477e+02
3.955985963783109582e+01
3.976622637610025635e+01
3.493001344540368081e+01
3.292688190786950742e+01
9.158635552262082058e+01
9.660300065640720391e+01
1.204884294412780292e+02
1.262732846768628292e+02
1.069619296691768717e+01
1.457898894231151985e+02
1.050485978510904914e+02
4.573738168357410672e+01
5.524105302655391370e+01
1.164687763920192509e+02
7.701850370510872779e+01
8.238635374391941468e+01
6.248624183854277092e+00
1.144641018064421587e+02
5.533842653565297809e+01
4.988837406342075731e+00
7.345117684607481578e+01
8.452807222668046450e+01
5.660074916369433140e+01
7.726288197976818140e+01
5.019274728094972460e+01
4.247341047253253521e+01
1.267204863709403462e+01
1.070345275763950887e+01
6.039149251708608723e+00
7.276566067419266481e+00
8.059121561564985825e+00
8.416210521051991122e+01
6.972113833339730604e+01
7.314441707326433395e+00
7.342415978745163052e+00
1.356570676220684213e+01
9.328495718520693814e+00
1.394780207092749436e+01
1.309732615054144276e+02
2.941350274373706952e+01
2.022807196677077002e+02
7.802875285607273170e+00
9.387830397006162286e+01
7.578720584323224330e+01
2.087931379267422187e+02
6.698149374096408337e+01
1.135409933334864263e+02
1.009926717696526737e+02
4.653391574938244624e+00
1.806908216775278788e+02
1.375368989570265512e+02
2.891123267299566635e+01
1.105715929632792971e+01
2.406748793382459439e+01
1.290031098079658989e+02
2.224350203379064084e+01
5.743981260051779714e+01
1.459936249299693145e+02
7.981230201000447266e+01
8.623560594072829488e+00
8.904771501217555851e+01
5.607751159620652714e+01
2.425401628687601985e+01
1.157947361119932062e+01
5.629461305789373426e+00
1.834400676876303038e+01
2.623195571809570481e+01
1.003109066742435473e+01
9.279489703895123398e+00
8.766906232236641117e+00
8.432236006448540877e+00
6.834749793808812868e+00
5.442573466042842867e+00
2.698618972657155268e+01
5.801278981084832864e+00
5.176604631013693592e+01
1.595840866813215655e+02
1.707986644339368070e+02
3.813479694123026320e+01
2.030617990988272936e+01
1.214693928284106939e+01
1.201332180220503965e+01
1.125552636502997217e+01
6.239222887316532962e+01
5.086636301701059892e+01
5.687450934412755288e+00
1.039507954129678353e+02
1.338634015603216767e+02
3.854612996483727727e+01
2.462374221647529851e+02
4.615941078676134168e+01
8.112962408997285024e+01
3.483002166636353536e+02
8.609357563165108473e+00
5.918021810836954444e+01
6.716947405726099163e+00
8.685928312625456726e+00
1.563426854588584547e+02
4.136097190353260089e+01
4.533728851878952071e+01
7.439861771130780710e+01
2.314926944818843424e+02
2.521094371343522482e+02
3.095761023660312503e+02
3.219349122080932091e+01
1.132956147709965649e+02
5.247332027975218693e+00
1.241482788192288496e+02
1.910894753400121715e+01
1.834444301664595756e+01
2.885629208017373415e+01
8.228565140605800821e+01
7.484593034151978941e+01
1.600786097328484203e+01
1.519779451840693127e+02
1.581705446744965400e+02
1.294477504056101793e+02
4.751764113361164554e+00
4.619284054237872539e+01
9.218400398538710760e+01
5.136165357657122854e+01
6.279817822366995017e+01
6.378859536971551591e+01
1.306911112270183750e+01
4.878609518409312784e+00
9.940336223851996067e+01
1.202246085133593851e+02
4.879149219056461817e+01
7.634156066102459448e+00
2.575948885024996002e+02
3.238989563844003072e+01
2.165856832151679043e+02
6.580841746048785978e+01
1.900602409457937014e+01
7.997782195102053038e+01
3.838444867997677648e+02
2.733763124071845141e+02
2.215070949667208566e+01
6.114664479800570263e+01
5.683611075121752343e+00
1.117640446230905837e+01
5.720344917470081469e+01
1.455965313429350090e+02
1.638886110261906310e+02
1.157810018209634535e+02
5.722440493836729480e+00
1.332513855461874925e+02
3.163367056946789191e+01
8.356078735266987678e+01
7.681178686170166259e+01
7.032569437045304461e+00
1.126705681676860422e+02
7.050839852690803866e+01
4.121304786662646080e+01
7.588856875005429004e+01
4.267442510578501924e+01
2.315717867730925406e+01
1.554560880851049198e+01
7.090745872602937538e+01
1.909422861527039572e+01
7.380870627689164110e+01
8.032210021829003566e+00
7.774959937014811828e+01
1.400535325541144402e+02
3.640918731881506574e+02
2.086596134173675523e+02
2.106786195858534327e+01
5.654067300503995739e+02
2.135973624040893810e+02
6.479513261560020965e+01
8.627930662715355936e+01
1.211903758244555291e+02
5.980366176429666503e+00
2.108076417114839671e+02
5.839553857567325679e+01
1.990781799553141127e+02
7.161344430546638762e+01
6.745554158990803728e+01
4.232106849782522886e+02
3.581906491560270069e+02
5.974123706689564273e+00
5.823155972345387177e+00
1.534666669913225157e+01
5.558662282341469307e+00
1.087082727515327889e+02
3.749562082501999782e+01
3.492126457063301359e+01
6.790863249308124239e+00
1.115336424836002038e+02
1.922836226870940948e+02
1.907281352559812504e+01
2.139875366564699846e+02
1.381442811793688819e+01
4.918671689509689031e+02
5.534861770790590718e+00
5.842229617581566004e+01
2.002062527831633361e+02
1.508536529508286321e+02
3.735367009241143421e+01
1.328498459752431984e+02
9.625875582615174153e+01
8.591251852846896497e+01
2.290317111919298156e+02
1.686664342297523262e+02
1.151708947494587107e+02
9.614574532703986876e+00
8.217643393777140659e+01
2.575047917167398168e+02
7.350736526385676939e+01
5.762106325702613674e+01
1.293531109960821084e+02
1.601040805167535268e+02
6.466988928819271898e+00
1.289611362883065659e+01
2.266013302279090524e+01
4.225107520061663280e+01
6.273964655054168560e+00
2.132810988286478278e+02
2.081665532051732157e+02
3.063426999694361257e+02
1.848454187806533611e+01
9.694855040099710664e+00
6.055215349514705991e+01
2.168826336741780736e+01
2.522793995965960434e+01
2.448264153197041892e+01
2.120764563574406836e+01
5.546009128497118468e+00
1.750830431974833701e+01
1.986019785676155891e+01
1.129829487471922533e+01
5.192075851099565931e+00
2.220692548800112576e+01
4.666569938872812351e+00
4.460861619188963623e+00
1.191295492711947617e+02
1.320803302874658129e+02
1.321164397581956962e+02
5.459657898525448694e+00
1.205523359215585373e+02
1.660931527687256093e+01
2.589583050655822305e+01
3.290094511193998272e+01
2.754085864891939295e+01
9.288992756917874516e+00
7.838854179255631216e+00
7.015092035423140082e+00
9.037345644740049977e+01
7.539484985500126868e+01
4.755350336552296220e+00
2.877427239113114155e+01
2.128762100770837762e+01
1.751522275727260691e+01
8.511900771256435405e+01
3.080292728305446204e+01
2.960241118543513039e+01
2.522748323059209952e+01
2.542281535704020357e+01
2.030706135340415130e+01
1.190837407837376105e+01
7.135337526574752509e+00
8.615807282167967429e+00
5.133820337664543487e+00
7.647418389330225885e+00
1.026550473254415685e+01
5.924013524470956860e+00
1.921856385251474819e+01
1.887018363327445059e+01
1.898572529506941109e+01
1.048070271229937411e+01
1.051840968078912297e+01
5.602321333048756458e+00
2.570574846235812316e+01
1.901260082303704024e+01
1.799980350622876202e+01
1.468336060075388261e+01
1.205494799322025123e+01
1.046014611912386627e+01
7.393995033814742435e+00
9.956197352008141266e+00
2.609201536106522568e+01
2.610063999278469993e+01
6.531175159069934288e+00
2.634159030442252813e+01
3.501415069397911140e+01
2.672178546948177313e+01
3.063899514800984036e+01
2.895052963175976046e+01
2.236893400582815516e+01
2.604519098453310733e+01
2.595735992825720828e+01
2.240903850587910640e+01
1.980343263667923637e+01
5.484867814420083754e+00
1.339807429408004502e+01
2.199214010361248839e+01
2.411113691911626589e+01
2.318963317531010659e+01
1.832681828576503591e+01
2.291739842302443009e+01
2.127398874849476940e+01
2.236515658246832672e+01
2.113997006980612170e+01
2.305236651418201532e+01
6.417046020739371137e+00
2.298891414872106864e+01
2.164133421698654658e+01
1.981098399545401278e+01
2.043062595353130817e+01
1.950651150477154161e+01
1.728085810691720070e+01
1.618418032041319776e+01
7.363081634467443237e+00
7.590960331841773545e+00
1.073823246406640131e+01
6.273060221968299821e+00
1.485731734030818885e+01
1.447855732006010854e+01
1.517600490896992405e+01
1.668682314503240249e+01
1.972888488062989865e+01
1.779686619882767218e+01
1.754219049210334447e+01
1.159116682368343376e+01
1.269708431660510506e+01
1.280641103346112786e+01
8.847074790423178570e+00
1.451849168873360973e+01
1.261194782297705430e+01
1.312261628761294929e+01
1.352648419376700772e+01
1.357596702089329277e+01
1.208338416907524149e+01
1.222213862557635977e+01
1.137084561355360890e+01
1.067826466988952916e+01
1.142956552704864137e+01
4.617044399420421108e+00
1.065199523895971012e+01
1.236186261153554611e+01
1.316753722415340278e+01
1.539304678290366901e+01
1.645637648420455790e+01
1.551153391786913716e+01
1.720280331750395320e+01
1.860018223395368153e+01
1.758804047299186024e+01
1.736137972713801148e+01
5.589439904131939585e+00
1.714496416910337473e+01
1.840276758046403671e+01
1.758091654833757644e+01
1.536562564505525685e+01
1.774045895983642751e+01
1.554531965023076090e+01
1.439124640430660484e+01
1.373483722601729795e+01
1.434884741738803982e+01
1.118497169179358508e+01
1.113494760613991907e+01
1.142483474626794226e+01
1.138844256260817467e+01
1.025115479017167175e+01
7.902124862102297698e+00
1.199440149439741887e+01
1.285437410886406795e+01
1.369028888971520885e+01
1.340278788897000695e+01
1.419606629854635926e+01
1.410015663855489976e+01
1.401001099709214159e+01
1.474473433440471659e+01
1.490478215934339268e+01
1.601906137572806443e+01
1.399160689829395565e+01
1.258035649496450681e+01
1.309151647415671604e+01
9.978950111476766693e+00
1.043043029959619084e+01
8.507514176564482611e+00
7.445479837669694234e+00
6.448340122669785401e+00
1.400304283670980610e+01
1.437880320563221126e+01
1.979957698236643893e+01
1.911966233530145587e+01
1.900953332578490063e+01
9.096312366002148764e+00
1.848665815093366760e+01
1.789457961620815851e+01
1.814755600653450429e+01
1.806168215034113089e+01
1.678258441044852134e+01
1.696386220801171163e+01
1.790057696730448455e+01
1.742951256728561660e+01
1.916798606295071750e+01
1.754126170239214844e+01
1.893629029266767461e+01
1.808027634127435945e+01
1.595224405593632078e+01
1.661601754609880288e+01
1.536102425233754332e+01
2.033740618051897187e+01
1.985437343310914926e+01
1.941495007551550600e+01
2.211331414164951426e+01
1.950161866055076842e+01
1.259154887079739105e+01
1.521483507966411075e+01
1.561074489173235058e+01
1.633408646608319259e+01
1.648159369988334078e+01
1.532478384235528601e+01
1.407812659356345364e+01
1.414228415009431217e+01
1.381458354845894476e+01
1.577649514024221666e+01
1.317744592204799403e+01
1.200753371751576104e+01
1.167662132746399983e+01
9.702238459799598758e+00
7.077379756046463299e+00
9.388740709384922667e+00
1.182056532997682474e+01
1.566643439929068649e+01
1.501705544236822476e+01
1.395914556558925845e+01
1.229164505540689234e+01
8.005609548669221809e+00
7.544174457463114436e+00
1.538636308332723956e+01
2.026771098732251275e+01
1.581706769454947725e+01
1.355240024939012145e+01
1.495967388436329237e+01
1.664123601826548438e+01
1.396415568945876018e+01
1.432888637231596540e+01
1.536112078931277480e+01
1.449456644005938166e+01
1.334752423833404755e+01
1.535204274341780106e+01
1.505877719247518698e+01
1.361113904904474126e+01
9.733677344548429033e+00
1.365308467128257952e+01
8.304440310278840442e+00
1.479212530241943746e+01
1.407571270825927101e+01
1.416410320118373534e+01
1.479267738307076741e+01
6.606150575402115699e+00
4.644182192388954356e+00
4.380254157925738134e+00
1.368604560687437477e+01
1.341750147070287191e+01
1.424865691211666885e+01
1.471167685352462939e+01
1.448514779738578540e+01
1.490097847201518633e+01
1.500362494601583307e+01
9.366547265545865031e+00
1.806295311034762108e+01
1.665083560930180084e+01
9.091381944744586718e+00
1.573845770898249619e+01
1.240621013966058506e+01
1.118474959365409838e+01
1.279376693146969224e+01
9.834315209830846172e+00
1.011311242911185460e+01
1.335758923777907548e+01
1.297157980570945845e+01
1.060203316572817656e+01
1.176582965845308060e+01
6.656660383558484995e+00
4.917261179230443702e+00
2.061741050407667331e+01
7.974539952477433857e+00
1.075167545511531131e+01
6.613840986100044006e+00
1.306173172736087551e+01
2.918916140142603410e+01
3.096093822181052602e+01
1.946254627709123852e+01
1.059255077741944540e+01
1.480220683896721923e+01
1.430618320824553003e+01
1.286498979551168986e+01
8.197137031459790890e+00
6.637402084952219283e+00
9.981966607776382006e+00
7.491757607683059206e+00
8.285633692186902266e+00
6.116469951389259307e+00
7.324033705818358442e+00
6.394056913344686954e+00
8.743030735045774549e+00
7.157405491986889245e+00
1.444072668121644831e+01
7.960832084237130069e+00
1.932319619176578485e+01
1.271194552435870229e+01
1.216480927277403801e+01
1.425507933464504084e+01
5.116306161550964404e+00
1.821531784095713391e+01
2.788662091284258793e+01
2.117625978038051215e+01
1.457170983817368004e+01
2.433944532333211086e+01
2.825911935040553757e+01
1.279149512155822244e+01
1.195331496708110919e+01
7.275356833586126726e+00
1.573612459891874238e+01
1.410524700056865122e+01
1.542925075487113951e+01
1.844794335379834394e+01
7.916927610624451717e+00
5.568857463830886978e+00
5.433242039089353881e+00
1.252581760517468545e+01
8.885818404534033377e+00
5.298649843262775327e+00
8.850860937864613476e+00
4.239911486472106361e+01
7.031998854265546939e+00
1.127071978920387529e+01
6.367460683566623203e+00
5.750911700720540587e+00
2.683948385620080401e+01
1.881381045032280497e+01
2.614870726296673809e+01
8.872497748231793935e+00
2.140132274519411482e+01
3.645042923023400760e+01
1.904287730280923086e+02
6.726094901243304491e+01
7.378111892688057338e+00
7.061967036239481743e+00
2.183714930609543003e+01
5.420824052735045484e+01
1.378047134717153313e+02
3.447307490001149688e+01
3.101787412386215337e+01
4.853509364546181359e+01
1.163255344744647459e+02
1.365290328338153358e+02
3.820703040290953822e+01
4.871183478597296812e+01
1.688683345588023954e+01
2.438212925555441757e+01
4.475695692694699801e+01
3.332017619074406412e+02
1.361982446469192780e+02
6.262414857587468475e+01
2.259982296036467275e+01
5.849739127716262033e+00
4.863123129833184954e+00
4.892138166535824340e+00
4.883936016394315516e+00
4.151768819932020627e+00
5.013676366342853186e+00
4.886909578902407070e+00
7.204496744734177227e+00
8.031623981660612088e+00
6.004347271062647096e+00
6.181397376798935994e+01
2.201985202162622812e+01
4.767091819830969968e+01
8.648085797368540995e+00
8.818975914856427067e+00
2.741567447732280627e+01
2.930029477303667917e+01
1.459902267388076247e+01
1.165827187006451737e+01
1.875367445914777420e+01
1.384153673817441010e+01
4.685352228403684421e+04
4.716825747754964686e+04
3.048816271960761881e+01
1.145032400491775171e+01
2.276178786490944361e+01
4.011679594682497196e+01
1.013237067952776869e+02
1.040408106769286434e+02
3.017411715439495978e+01
7.722925490807625692e+01
2.641954213152597504e+02
1.863589830294744232e+01
8.421085973588196794e+01
1.594659253818602735e+02
9.464493506341330686e+00
1.009339599924679050e+02
5.877795467140663987e+01
5.290364867882807687e+00
8.879535408664015961e+01
2.183758299513061729e+01
5.066879399061064504e+01
5.415069103767539360e+00
2.432552653752393468e+01
6.558003008376239507e+01
1.604843203233924243e+01
4.379005048085396368e+01
8.471374672603150202e+01
2.635544456376378974e+01
7.372947057002720328e+01
7.164149419875087688e+01
1.080146965913323669e+02
1.044821222606581443e+02
5.671873253022488370e+01
1.787286002744488300e+01
9.009990579675793754e+01
2.589825533848793953e+02
1.078275990058955358e+02
1.171511788307826123e+02
1.073935765395542745e+02
5.389064111302747051e+01
7.172384014467273516e+01
7.556019003640820131e+01
1.080640025578774583e+02
6.882943308314938236e+01
1.096947183023079617e+02
5.730739397452256156e+01
1.137467256279565646e+02
5.787839815705466684e+00
8.287046223500546205e+00
6.585857992138558714e+00
5.923764384222526935e+00
4.687202036966473528e+00
4.845722192848478826e+00
5.623829306009824336e+00
5.942390077579873697e+00
5.515945445111316126e+00
4.941918405482699228e+00
4.623427332451271354e+00
5.576371964287645255e+00
6.280107129556534495e+00
6.264086413132190501e+00
5.101827785833565443e+00
5.752172071556190147e+00
6.122392186064582020e+00
7.111141586969983663e+00
1.016598787447742858e+01
8.164475798858877198e+00
6.935117000171504564e+00
6.080026382015138786e+00
4.459355962028223708e+00
1.095474077944314573e+01
9.701891392207874887e+00
6.568603153914790660e+00
5.554812053729551558e+00
5.837019282489879224e+00
6.283134862742284277e+00
8.508161701003720268e+00
5.719497080601652073e+00
7.205924804553969665e+00
6.363348785411102604e+00
9.697879623450399222e+00
1.049299848198211471e+01
7.650614045481507475e+00
1.019204458778274258e+01
5.226719963455142448e+01
1.768042236349943153e+01
5.526113166212014960e+01
4.011002487704737973e+01
6.888400157631888732e+00
6.206040169361209280e+00
1.860028492120641985e+01
1.045359725298228604e+01
1.500426516216956152e+01
1.955834354615137443e+02
1.156728011690208469e+01
1.832309841064407863e+01
6.157473770848310934e+00
2.036296679100628282e+01
1.561991977747752713e+01
4.066854341959126629e+01
6.343630965709659009e+00
1.232191866404064768e+02
2.000422232258494404e+01
6.809787393268894107e+01
1.494523351786261500e+01
1.762690645582774351e+01
1.173937277084448105e+01
1.140733361282069893e+02
1.872524986088622541e+02
2.541897716349462399e+01
7.441267134777548975e+00
6.161026049118537173e+01
1.262910829050306916e+02
7.955094272953965628e+01
1.161836044969669857e+01
1.826042965704071719e+01
4.083258907094401025e+01
3.299211893952445962e+02
9.145838997896828459e+01
1.859108945523357761e+02
3.769516996790520835e+01
4.802358211908153152e+00
7.018176227409174572e+00
6.624636122839955732e+00
7.296824184520978918e+00
8.448436822544197256e+00
7.421427970987369171e+00
8.041617718519921354e+00
6.262433782324385412e+00
8.017829887287367896e+00
7.172545919739285125e+00
6.379249808705123037e+00
4.901997350037486711e+00
5.572431329854629745e+00
1.345919593422574678e+01
7.855363004222161827e+00
1.040305740202766671e+01
1.197151347367212004e+01
5.034935477189761421e+00
6.246013172981394135e+00
6.280051410847977245e+00
4.926083601651217059e+00
1.128230844215952189e+01
1.510814154731719938e+01
1.256053947544995353e+01
5.959639752335488261e+00
5.306221323448252036e+00
5.106352211992929213e+00
1.497605775606110257e+01
1.452594224513920551e+01
7.404337101901642626e+00
5.723908798977289436e+00
5.451430108167768296e+00
1.275274376850548919e+01
1.025674148927703122e+01
5.405139907136019772e+00
5.303131987289887661e+00
6.197323028982375526e+00
6.538340772361170394e+00
2.254216903795096982e+01
2.280487378539665499e+01
2.665630026309339939e+01
2.452017213673038043e+01
2.317408043129660911e+01
1.724218727389514783e+01
1.105335913198887710e+01
2.021464432302205338e+01
4.637841468907235765e+01
2.768531354549240220e+01
7.707642122371773930e+00
1.147937601714910727e+01
7.238045876591965566e+01
5.861552758455120227e+01
5.705269886544326141e+01
4.111733811829286367e+01
2.481834466218652580e+01
5.247148355529327546e+01
7.931773378569401700e+01
1.575396681914783699e+02
1.455641614307963891e+02
8.872260276498749931e+01
6.305765305582833236e+01
1.290018036726015680e+02
1.279842600611634396e+01
2.654353355256802516e+01
1.057460471876926675e+02
2.719080101530537164e+01
1.368699852266947516e+02
5.391984589851890064e+01
1.769855188663741785e+02
1.284807801966863110e+02
1.089585748372789453e+02
1.882220454613284630e+02
5.158368242492707623e+01
1.592225611770295188e+02
2.485407530972718604e+01
4.030260974469399571e+01
4.149025405342995043e+01
4.665657933347807074e+01
4.722755765940515715e+01
1.760478895593606552e+01
3.463814679000212493e+01
1.082303652955703654e+01
3.095268561385662309e+01
1.226875012951890298e+01
8.491364463868617918e+01
1.712443364876046914e+01
6.079218806500493599e+01
4.002129884995980547e+01
4.766346963414161308e+01
1.488219289952755560e+02
3.391767229188170774e+01
8.057183054958657920e+01
2.092019650463778646e+01
2.945517456136339263e+01
2.339133554086846090e+01
2.129373009713038556e+01
8.993203750293177734e+01
8.773926031009627025e+01
3.040197057635773348e+01
1.140350224480773704e+02
2.628726243158437725e+01
9.326292619998115541e+00
1.624289041004541332e+02
2.142137730170700536e+02
8.902461139563908432e+01
1.542783270439877086e+01
3.645387645492985484e+01
8.609517216269635753e+01
1.304485247648597408e+02
6.022064155201734081e+01
5.554725356320219021e+01
2.534305807895162133e+01
5.032980179403409693e+00
5.192735513356456778e+00
4.962950942828257439e+00
7.101469955925589161e+00
5.359482260600748837e+00
5.273985697536938133e+00
8.505889592481064909e+00
5.219679965724711934e+00
4.455123704420713260e+00
5.106065645287061194e+00
6.473628824564525708e+00
5.437475480426893881e+00
7.142048668697741576e+00
6.172969420180750788e+00
8.004449683850589636e+00
6.550830651700860763e+00
4.851096078935631439e+00
4.992891870001455956e+00
6.704535700338910331e+00
5.185303195048711622e+00
5.102297463516785037e+00
7.578570978344887799e+00
4.935014512841279455e+00
7.028222247084949359e+00
6.442738789251868603e+00
5.651474931542281865e+00
5.735923863960428193e+00
5.724149461056845745e+00
3.254180788101265165e+01
7.028589954970268394e+00
1.089151077447376181e+01
1.095681137298334562e+01
9.611486413743605794e+00
7.297137419728656482e+00
6.146939526477770421e+00
5.200714502088727542e+00
5.150889889628209595e+00
7.480532944351851121e+00
5.059001188726861109e+00
5.083720938745927675e+00
5.290391328493424972e+00
7.491609259595596093e+00
6.481895116857923966e+00
5.729559984835632669e+00
5.014861815883636886e+00
5.447138772418170127e+00
5.006655715866401124e+00
9.388767462126304864e+00
7.109244244076627695e+00
1.016208517715948467e+01
1.006722822524044858e+01
8.657199063373186121e+00
1.402176620391826845e+01
1.648664544964758960e+01
1.149777326222400120e+01
1.213253748178843061e+01
1.134240368580693747e+01
2.653315689108186604e+01
7.809489473087461775e+00
8.862537636499851601e+00
8.478659964914292857e+00
6.791235773025942279e+00
1.122271004692032648e+01
5.315990644814301724e+00
6.977562916347898714e+00
8.693686081080198136e+00
1.162596538451009387e+01
1.162436324142507615e+01
1.632805968880167669e+01
7.515489381939837621e+00
8.513107469992275966e+00
6.314930461228236425e+00
6.138760126147881024e+00
5.308041266065416153e+00
9.624294602728525660e+00
9.902014881222385156e+00
7.057692073742733108e+00
6.378898188387259971e+00
7.460891078329947135e+00
8.468466266313930291e+00
1.025193253162085938e+01
1.071104056883986821e+01
7.203140467987351414e+00
7.559405675420995507e+00
6.847333203512431687e+00
9.080917048677838110e+00
6.196493494779661049e+00
6.603351771088227018e+00
8.478715531282521312e+00
7.484463067165643579e+00
1.154160882923483200e+01
1.242502426135304638e+01
6.646339199883024129e+00
1.200930471441183300e+01
7.408636780154427726e+00
4.710198319769432374e+00
6.160987202348442437e+00
6.403202095578214070e+00
7.804241572858997777e+00
8.154481854645219130e+00
5.341029135176050602e+00
7.448971097839858224e+00
6.000358562833087994e+00
9.775987219719588950e+00
7.116484115212061923e+00
6.235449179766461292e+00
5.310220384363904422e+00
7.492710465149012400e+00
7.508641869266527102e+00
5.032031406330795598e+00
7.891006323340841178e+00
7.123417926833199409e+00
8.970840817417728985e+00
6.342315159486851428e+00
7.701621289868200826e+00
1.053647954887065907e+01
6.906257978384005902e+00
9.306458809206208826e+00
1.068320187789471731e+01
6.626306531965632907e+00
8.061511998209676122e+00
6.224396469161018963e+00
7.415663180921020725e+00
8.776803576943271068e+00
6.595766573391543375e+00
7.816974592981967618e+00
8.628817069452543009e+00
7.240840608392914213e+00
6.492604742142777496e+00
8.804883970742217514e+00
7.980868580050499261e+00
6.898967400246483805e+00
8.490412330217189663e+00
6.070765249762137827e+00
5.659584376290339947e+00
4.923575402828688219e+00
4.828133039250822378e+00
6.346985314238900777e+00
5.398703871992812431e+00
6.878749573045150889e+00
6.793886860678370887e+00
7.777967689564658116e+00
7.729581976762280426e+00
6.640891895500969255e+00
5.705024091465811686e+00
6.216045922682061686e+00
8.424005967454991861e+00
8.176510409148404435e+00
7.575834252176790962e+00
9.683692904364244569e+00
1.037872970285057761e+01
8.965369001072726718e+00
6.491104414982874715e+00
4.561054751599090906e+01
1.039935167477272770e+01
4.006653271747135037e+00
8.440594379039932704e+00
7.943810942693684929e+00
6.509228017560597657e+00
5.669100275491793184e+00
6.268349348779449492e+00
5.560874507662136423e+00
5.291144004958092673e+00
4.638964646657069757e+00
5.591489823609294696e+00
5.507157294823626259e+00
5.964728890750301993e+00
5.481941806429142083e+00
4.757792501420825992e+00
5.165722775658764476e+00
4.771209945122036444e+00
5.199047514738043496e+00
5.876553349510838409e+00
5.990395433560914640e+00
5.569069318519010103e+00
6.682811213644058057e+00
5.567967951696519258e+00
5.502610686091239600e+00
5.780704624843639117e+00
5.143829250868056313e+00
5.457466371519027248e+00
4.330006164920905398e+00
5.624821307964563921e+00
4.926845117817074460e+00
4.436693175657584476e+00
5.329499878138235225e+00
5.329499878138235225e+00
5.877368012627096405e+00
5.293088349630061806e+00
5.849486643046800438e+00
5.006523181753927965e+00
5.123242437148766371e+00
5.959791086210453948e+00
5.339468423563053179e+00
5.329048770582374139e+00
4.751643107582678383e+00
5.182992598398792339e+00
5.723044930982145395e+00
5.368340354214669041e+00
4.842722197396824413e+00
5.019263549098589294e+00
5.828085573163755306e+00
6.534198150563796936e+00
5.234000290632323527e+00
5.472403112466055042e+00
7.323263431528590495e+00
5.462891544894716844e+00
5.348975265509172239e+00
4.911060799316008918e+00
5.163632740647909891e+00
5.231801660747791516e+00
9.405292409477377547e+00
5.083293940145201084e+00
5.546604175785547319e+00
5.160027054174889827e+00
5.232653333689374797e+00
5.177297849710613242e+00
6.077204091687026022e+00
5.062115723779127663e+00
6.043596226885361133e+00
5.856118596284316524e+00
5.852243084428575770e+00
5.709669083151347024e+00
5.638996990472921134e+00
5.050246969052992085e+00
1.052612899804370095e+01
5.001186165175885101e+00
5.921959945405744108e+00
4.951902833078719368e+00
5.556058965338591449e+00
5.644821171779303093e+00
5.513355558706627413e+00
5.013389024373457126e+00
8.749629291194349179e+00
8.434139429817260947e+00
9.290487053994427313e+00
6.724259715414488525e+00
6.057978452095206023e+00
5.552443884948503161e+00
9.129259852528585739e+00
9.964630168249723141e+00
6.363474684879912857e+00
8.290805116072089476e+00
5.301409470920719791e+00
1.180804010094894707e+01
9.535699368180166502e+00
1.240098610665414647e+01
6.218365896185373387e+00
1.110044241881647942e+01
1.027371100141527194e+01
9.312635150143325546e+00
8.776672945117665492e+00
5.890680556589870775e+00
1.273799031319851416e+01
7.823542554749786326e+00
1.178625141991429537e+01
6.567775344924578818e+00
8.430080858409926492e+00
3.813076404588541468e+00
7.289146160898625659e+00
9.308273623645300532e+00
8.381130533524045134e+00
6.992155589180383934e+00
5.565830868506582263e+00
5.261858775938236477e+00
6.705899762255213226e+00
8.609085554773342253e+00
7.329459967026047629e+00
8.899485020053411688e+00
5.894596915977519558e+00
5.907483879908972391e+00
5.727376972526267096e+00
6.273924770027470288e+00
1.277927760492987552e+01
7.789554371096500063e+00
5.624003034616363195e+00
7.969790676009385955e+00
2.148594119647530931e+01
4.991056818652320537e+00
5.676538075454065968e+00
6.297710309925793837e+00
1.364550457203670319e+01
7.030579955595221975e+00
5.012447924491007178e+00
5.354250459384852334e+00
4.229222011878291276e+00
4.909398895864727663e+00
6.391458080266812836e+00
5.579974839802478215e+00
6.300613290644351494e+00
4.987229285401018508e+00
4.695814046126564278e+00
1.093708474987275281e+01
1.064465392980972069e+01
6.476578350149111429e+00
1.086269259453295177e+01
5.279074871760625065e+00
1.626542381745489863e+01
6.751433034221956397e+00
5.487808745263592414e+00
6.624498152759749736e+00
5.630850476338014943e+00
6.635284923932796453e+00
5.468999299414617710e+00
5.107653796509817212e+00
6.142655184975017058e+00
4.944663736957714661e+00
6.363137982754001776e+00
1.098736451706930772e+01
6.560401702888615461e+00
5.172229036156945625e+00
5.818087613228249744e+00
6.453752921692523792e+00
5.398028546231897984e+00
5.553723957723246230e+00
6.971977438505711611e+00
5.844931121095399362e+00
5.978871249411607636e+00
5.789078020095885790e+00
6.057400815949581130e+00
5.768385638370306268e+00
5.001356981864513607e+00
5.885984278050337970e+00
4.741199492454015285e+00
7.449298858726114858e+00
5.980537128595734941e+00
6.973501035385446301e+00
6.119525833913773027e+00
6.075807504738615528e+00
5.000137911475202479e+00
5.192620597900590163e+00
5.424775512142511857e+00
5.805241691352105882e+00
4.747492545502920436e+00
5.327240486287479371e+00
4.843025125450025392e+00
4.997557329005818616e+00
6.405947443461029067e+00
9.807167547712301925e+00
5.672455840432920837e+00
4.549959432078868105e+00
5.589736693242524090e+00
4.902128198225403466e+00
5.369827097571851837e+00
5.387276423618642340e+00
5.054534936687075763e+00
6.190974425138491277e+00
4.407336894742124755e+00
5.131482434281308791e+00
5.010798833817731612e+00
5.465981771704637282e+00
4.672147061061139972e+00
5.265064639212270414e+00
5.548755180716531399e+00
4.750917458253252512e+00
5.558907540150783255e+00
6.230663134122595537e+00
5.986583810616304291e+00
5.385731956143145815e+00
5.997998290219904938e+00
5.414140712666867472e+00
5.256755738039294634e+00
5.382789857629918018e+00
5.000152666558183689e+00
5.042210610404540105e+00
5.439028481075174781e+00
5.731601516276068509e+00
5.501425908455762404e+00
4.909664781216663165e+00
5.651730953263043311e+00
5.582131300976032939e+00
6.353640906595533266e+00
6.550566454072233036e+00
6.811899021009310218e+00
5.050623880089418982e+00
5.068414425345989294e+00
5.093772794016174998e+00
6.573381174787333414e+00
1.744552844892748311e+01
5.248748365374106051e+00
5.192646602359037189e+00
4.944699747564177628e+00
4.744509645444797918e+00
5.302102914809245782e+00
4.856864027551238472e+00
4.631231746702017205e+00
5.851826308593353509e+00
5.321644265254960260e+00
5.350065592375135459e+00
4.924045450098510912e+00
6.157988016105099049e+00
5.308092579146689083e+00
5.129707547211717511e+00
6.753154347198574214e+00
6.298615965926146032e+00
5.177958652277874663e+00
5.070164674629903168e+00
6.810866037772368209e+00
6.344648288147133997e+00
5.345112665184307055e+00
5.750469754843890335e+00
5.210729187059642165e+00
5.118216848596361501e+00
6.269018694529400193e+00
5.216938227819008844e+00
5.813601179253867990e+00
5.283771126479150482e+00
5.451362029138472565e+00
6.154393021277089204e+00
5.753731457125469184e+00
7.195549153541819010e+00
9.196732153905163187e+00
8.143528294603118667e+00
2.089051616706977654e+01
7.827155321059679594e+00
5.268190408837067906e+00
5.399340273828395986e+00
7.546672283834939599e+00
8.653908419897810234e+00
6.204791987908817141e+00
1.291883934556720526e+01
6.301727802439728521e+00
5.726963085074926241e+00
5.739558976689481007e+00
6.094349321547589682e+00
5.640616276260342232e+00
4.908687740121198573e+00
5.144516715076280278e+00
6.506070337310367435e+00
5.666432354877660948e+00
6.357280498452665185e+00
5.563366469822667248e+00
4.701909375158716209e+00
5.108753149173442587e+00
7.069597779931056536e+00
6.223130661298836408e+00
6.710579741638398765e+00
5.188399439020978221e+00
5.339172154860388098e+00
4.976923696345455284e+00
7.671174129641025630e+00
7.638295198490450133e+00
7.895672225722988991e+00
7.973485598644789896e+00
7.155892814939723401e+00
6.268967546242103062e+00
2.286246618018596877e+01
4.454639353096819576e+01
5.148848514387766251e+00
1.667143119203917578e+01
1.347192442792149158e+01
5.326383441582357392e+01
6.285671153696690538e+01
3.318069777848293000e+01
7.549315015090917846e+00
4.806054636556729065e+01
1.738942979652766496e+01
9.843289341055734099e+01
5.176573263087845156e+00
2.329258069747253757e+01
2.350359148166254997e+01
3.498793644276268822e+01
2.156546742806401795e+01
5.949803540544428948e+00
7.927803084575871573e+00
9.473804205466894501e+00
5.072732306553963788e+00
7.631101087119546378e+00
5.984790724878535251e+00
1.600916326005140888e+01
1.513594007954765175e+01
6.462351935013862736e+00
5.175072423753343642e+00
4.833738138063351286e+00
5.349532042686838906e+00
5.012646811776702016e+00
5.395691332005186247e+00
5.148873486283702228e+00
5.234300072640566626e+00
4.866596748577483922e+00
5.792078039941911172e+00
7.060278209223567636e+00
7.760342756497552230e+00
6.056572265644518005e+00
8.273977807218594549e+00
5.627884473950709676e+00
5.928837903012516897e+00
4.887202934556974299e+00
5.021467439616767336e+00
1.428363612693165763e+01
5.406617618646068379e+00
4.715103160163445217e+00
5.243459636539483881e+00
5.766976704306896906e+00
6.210375974082377404e+00
6.839049021071556211e+00
5.438575673673108568e+00
5.653221756501234374e+00
6.021420245773622781e+00
6.235368542582259366e+00
4.526596313612484934e+00
9.264218641680114885e+00
6.950629504524105329e+00
5.896058246242870560e+00
5.590798454905250736e+00
5.737191517462063572e+00
6.947830827024779055e+00
5.873646673586620182e+00
5.093957412122650297e+00
5.604572733957441599e+00
5.704103217681768534e+00
4.910533099017239778e+00
5.983676976430445826e+00
5.253563581528711168e+00
4.181797419262108129e+00
5.672856929878328458e+00
6.059065870961050315e+00
7.106869434949421915e+00
6.630378944064326596e+00
1.102522243388823142e+01
2.119474406054444771e+01
9.872848437937195243e+00
5.308735139694210403e+00
7.830449441839013147e+00
7.021793531031946145e+00
9.228970791356140069e+00
2.729052928811825041e+01
1.780085187116928935e+01
9.058552312298598252e+00
2.018824528779640914e+01
8.472408417894708776e+00
1.016062963794032115e+01
3.969261765775065953e+01
5.811658404497927144e+00
4.532799660796288777e+01
5.645935274821827221e+00
5.104559623912455102e+00
4.797910979758748695e+00
6.660583995036398974e+00
5.744404083973384978e+00
5.076564312245279709e+00
5.127461834642752514e+00
5.901386745486060015e+00
5.589712703844092800e+00
5.308138325430885374e+00
5.471230489304987898e+00
5.202150126739839564e+00
6.878262271855636989e+00
1.912030936221598765e+01
5.116871186749249567e+00
9.626617398451701391e+00
6.604540051041929871e+00
4.742650070341096757e+00
6.540344917150617832e+00
5.098843493730344179e+00
9.506726330989888396e+00
4.989928683054788650e+00
6.021836412006599915e+00
5.580158607331142662e+00
6.681832324251198330e+00
5.830892252699244160e+00
5.439317751766041376e+00
5.493297771016300679e+00
6.719957224548156915e+00
6.936727212506979434e+00
5.321891046834023697e+00
5.283774299390080920e+00
1.616067750692108973e+01
1.270680034162579197e+01
5.778502894415566971e+00
2.110024355608513602e+01
5.196439743223765007e+00
6.069726903317563149e+00
5.266888831488500067e+00
6.418064704034605050e+00
7.508125580081372874e+00
6.995497544678860535e+00
1.062536501997573524e+01
6.215096588022318791e+00
4.909797064894478424e+00
8.751959791993359161e+00
6.032114843363824974e+00
5.145853684657287985e+00
4.789580098669621577e+01
8.651888639725124008e+00
1.150426969491305584e+01
4.918933481230041593e+00
6.045563065798645219e+00
5.420797727012191203e+00
8.671055183901071217e+00
1.893749128099432966e+01
9.181344732131357489e+00
7.757079199677396453e+00
7.060628829611910184e+00
5.482162103732565406e+00
5.128021116566257476e+00
7.640239922799093364e+00
5.986312640986048095e+00
4.429872387719318994e+01
7.478776222647727678e+00
6.507217331513247771e+00
6.660852400513880056e+00
7.595061536650528744e+00
1.063133758640273463e+01
7.485240088376614587e+00
8.088449752708411822e+00
7.530990345171284517e+00
8.868953237821907365e+00
1.207066889268239152e+01
1.787627886894223295e+01
4.000365069756114167e+01
9.631834656667274785e+00
9.647909069498370016e+00
7.649072043702066281e+00
9.240741525544752477e+00
1.396124133782805821e+01
8.319572094218028013e+00
6.842942507864541390e+00
7.880037942394001682e+00
5.342218662088666470e+00
5.589630039927190985e+00
5.397725031137325047e+00
1.302699059339406418e+01
4.705338321258483170e+00
5.953049088678251444e+00
5.644115406599004459e+00
1.140215166252587053e+01
5.433887921916172203e+00
4.863691464312996260e+00
1.144104140424420635e+01
6.740333600773412037e+00
5.315661451970122187e+00
5.031969085050306489e+00
6.124538711479986297e+00
4.768607348608439267e+00
6.308948194844464119e+00
5.306279185037111823e+00
8.814874022190005931e+00
2.794323180776985538e+01
7.084048073631908693e+00
4.704423935976938864e+00
5.142284309684225896e+00
1.339859076902640389e+01
5.619917288165512836e+00
1.136665553530810868e+01
7.204860302096506963e+00
5.046687035541624233e+00
1.492863774928845366e+01
1.835854448874187383e+01
5.909064296345674983e+00
6.344622023386601306e+00
6.320036388036196051e+00
5.844004055157090427e+00
1.110687960867462643e+01
5.826474007928550414e+00
5.695591685095115153e+00
6.017046720256181480e+00
5.574406365946147801e+00
5.197143933136801230e+00
5.396776310322351833e+00
4.547536506204119533e+00
5.756418564541506022e+00
5.391062983603007730e+00
1.027575709135750515e+01
6.239485788712872072e+00
9.416603889102201919e+00
9.090392610829699294e+00
3.125927268415253835e+01
9.621919172053678082e+00
9.851010539232015972e+00
1.199712950265625366e+01
2.335681549889242703e+01
7.722047623144479900e+00
1.149585608217350874e+01
7.942076364177392378e+00
1.286088969676204918e+01
5.761304050292046064e+00
5.767543938697687445e+00
7.318894312380033185e+00
1.457530178439423807e+01
1.008698762812590211e+01
9.537940894601060648e+00
6.230120914348827199e+00
5.457426563035760125e+00
5.143204698036210942e+00
8.477841389439289443e+00
6.299408402270567642e+00
7.476644756416892079e+00
1.380442686503105776e+01
4.907387683057520711e+00
6.649046215065341769e+00
8.000702120285412278e+00
1.415885507463487158e+01
1.543481696685331350e+01
6.083149622074505380e+00
1.065618428608400414e+01
1.502024292974428654e+01
7.079133497757857718e+00
2.062422531908810086e+01
1.154565380156263821e+01
8.545580259407612900e+00
2.880969204756148372e+01
1.052214177087411784e+01
6.829355967848816711e+00
1.294799885841525722e+01
1.092019284913667043e+01
1.122489419752322171e+01
8.533954449361669248e+00
2.343590903216928112e+01
4.506671025343507608e+01
7.422311499571654814e+00
2.669400544478838455e+01
1.297526337551824760e+01
3.009310546024708444e+01
8.910862287379249125e+00
5.738985413576403793e+00
1.551327323401560854e+01
5.289555349557902630e+00
5.387606531594132164e+00
9.316016801021781646e+00
1.377867473636405826e+01
1.012684122758715510e+01
1.898273207117818728e+01
5.277325137856771597e+00
5.800952000403214015e+00
7.537103103871294785e+00
6.853737649204098226e+00
3.018823155617624820e+01
5.300403094825734129e+00
4.769920652054769761e+01
5.525327768019701047e+00
5.225879763396851452e+00
4.675388813149606193e+00
3.672416015253218546e+01
1.147750577276920581e+01
1.559692628184608942e+01
8.686583047991760509e+00
1.405464592642518618e+01
9.790726135650162476e+00
1.008539678592945776e+01
1.326868273419200150e+01
2.661428888255408509e+01
2.893458537466672098e+01
5.985868866600578819e+00
6.036478266741248433e+00
3.354872308831971139e+01
2.802231470859499751e+01
2.073699675836804346e+01
5.619463419397860093e+00
4.612032628902995590e+00
4.302207828034011250e+00
2.676791518990330232e+01
1.863760782797232096e+01
9.054968669208735221e+00
8.916705617370066506e+00
5.431130926006638049e+00
6.074670467806970287e+00
2.196313405639605065e+01
4.337556270158876259e+01
5.670745853488043942e+00
1.171816005968466534e+01
9.215693690900275570e+00
5.426976820244112432e+00
1.301939660829309808e+01
4.764763717691279155e+00
9.813446901883594364e+00
1.194100147603673356e+01
9.576441815426576909e+00
1.798896388265044521e+01
4.944605429318079892e+00
9.517719241290683030e+00
6.548787105399024533e+00
1.815508001619469525e+01
5.606268848335832722e+00
1.767005611674744259e+01
7.559877848888316265e+00
1.281208791686878179e+01
5.473309455248897670e+00
2.238221040986231714e+01
2.294837983708842089e+01
1.043443678227198745e+01
6.035618519966845064e+00
5.750426312358481340e+00
4.496740640659535160e+00
3.069758466648958972e+01
5.089326873292186804e+00
4.953220168200714646e+00
2.711980233057179390e+01
5.516677858238449694e+00
7.302377669848543640e+00
1.532905694559374155e+01
7.053660115340595560e+00
1.346158565979985156e+01
5.779915349922376322e+00
2.197365170526154898e+01
1.750163682555821154e+01
7.299767553499041384e+00
2.567400826114524648e+01
6.127576390205006440e+00
2.968628720346972472e+01
1.129408114067532587e+01
4.985879646968450984e+00
5.360311342739371376e+00
4.933489934474624583e+00
5.442434254067715749e+00
5.756315810575113545e+00
6.712799291358364506e+00
1.238559329941641174e+01
3.076572002951358442e+01
8.925488061382866434e+00
7.839946226567606757e+00
7.598650131313720912e+00
5.582401506332261398e+00
1.957749526471880941e+01
8.278455784350834179e+00
1.677559161050792014e+01
6.003278313264790000e+00
7.029867658043931655e+00
6.352128650611620131e+00
2.526497918988854963e+01
1.067163803522603160e+01
8.786878039523802641e+00
7.059146861598703637e+00
1.772743379642118100e+01
9.495178313728327879e+00
2.853792056533991328e+01
9.379331437991044851e+00
1.110194094559961009e+01
7.817363279754773409e+00
1.196605206945457311e+01
9.298848149290433795e+00
2.168019761191458983e+01
2.301837915172216498e+01
1.021450101302237279e+01
5.492129248318335932e+00
5.336470191858231793e+00
6.099784809726841672e+00
1.516657436534382519e+01
5.843329002575105235e+00
6.214904230692934739e+00
7.851259778662865507e+00
5.373746880456183206e+00
9.020731229999956469e+00
2.090366236672007361e+01
1.242239546132177352e+01
4.886013168619903979e+00
5.695473148666855501e+00
6.988183175212250298e+00
6.693792239358850260e+00
6.446622196530526594e+00
1.052728234822981435e+01
4.675606207628068667e+00
6.192553145478098209e+00
6.467662988660584311e+00
8.146356813425091659e+00
1.407830660605265827e+01
1.293706271280242781e+01
8.337076786362175085e+00
1.055931634528887741e+01
5.680031437828489516e+01
1.421472331151853297e+01
1.987761932531160625e+01
8.856364685155890371e+00
1.233892077864031833e+01
7.100942838030750437e+00
5.608551448554260688e+00
4.740224973276862208e+00
1.575546319340461920e+01
8.592172870958702191e+00
4.922941046708086965e+00
5.035663593663382898e+00
1.177967699241056998e+01
4.761833077890648802e+00
2.777679376363249020e+01
2.209999617423040519e+01
1.657133898765647473e+01
1.003772689050061118e+01
1.439294606810741328e+01
9.242519244061401906e+00
5.662917660278437459e+00
1.206471265667710391e+01
5.640132470791646924e+00
6.572163987191854240e+00
5.144245354460859510e+00
4.695317448565608842e+00
6.782427734152956411e+00
5.779515220431735045e+00
8.139286724430611741e+00
5.244664059985168159e+00
4.405325436248245907e+00
5.438201771744929580e+00
5.256362669322125925e+00
5.869332271070595297e+00
5.085538900312719157e+00
5.664281017552390551e+00
4.700201303168809019e+00
4.890754279674275118e+00
1.271348507235865100e+01
6.068480802456481804e+00
5.618657362291273216e+00
5.139089075300582010e+00
5.328077225868280919e+00
5.174391352825224999e+00
5.021581010496470654e+00
6.162356911800317860e+00
5.405650563044806844e+00
5.152181521625802674e+00
1.557442217175817412e+01
6.653458053127988769e+00
4.855535929608784329e+00
5.160521941778732469e+00
5.276020558343086364e+00
5.015982009785018292e+00
7.703343478121760235e+00
5.480656027100825334e+00
5.480804865401263548e+00
6.267002221359306624e+00
5.621243431350896103e+00
4.943663143150232031e+00
5.537338016184487621e+00
5.797630358090991365e+00
6.057024581682815878e+00
5.330332097871360197e+00
1.771591956648158828e+01
5.607456340604784373e+00
4.920273033752044611e+00
6.061664814111410671e+00
5.826147424591850310e+00
5.453856672066724975e+00
6.084141139736610526e+00
1.386212340640241614e+01
9.243454253793874642e+00
2.275394680432677319e+01
5.324013835856293397e+00
5.951774858126256618e+00
5.976084629463512599e+00
5.114265626166902834e+00
5.114714306085240025e+00
1.477346333390038424e+01
5.393128032219779655e+00
1.576176834077096167e+01
5.602796338290392697e+00
5.566297543416133919e+00
4.952283946865124520e+00
1.784203948030343767e+01
4.726678393103844300e+00
5.539766597191214892e+00
6.589107460222495050e+00
5.276184751139751938e+00
5.903823758236463881e+00
7.213877246976715618e+00
5.229251022267228599e+00
6.163242399209504008e+00
5.104358509329957272e+00
5.932232316788729420e+00
5.324458859240634112e+00
2.100694741852102609e+01
1.003108879214484261e+01
5.351139149519053007e+00
2.163040474514277633e+01
8.379997306871281637e+00
5.768909196511375903e+00
6.119856405260961196e+00
5.262944957138961932e+00
4.987685243891991860e+00
2.052317899254142120e+01
7.978138221866663216e+00
5.698940456546804256e+00
5.412214289824696323e+00
5.938470319109010020e+00
3.384155433586541051e+01
4.875971751263826981e+00
5.273560863144581390e+00
1.104550958370362679e+01
5.859326516583215572e+00
5.178019071119567940e+00
5.564160272813028385e+00
5.455994277078312749e+00
8.400605893108290090e+00
5.429530395569181600e+00
5.514278745538653936e+00
6.130543250568877056e+00
5.334297534205609814e+00
6.547069997361914417e+00
6.907515526542205464e+00
5.370469059569108694e+00
1.165140781739168396e+01
6.571942584822937583e+00
8.537190724715003398e+00
6.883144520245089382e+00
5.814893613276263196e+00
5.585655779400468646e+00
5.008249417722759667e+00
5.410293340076314017e+00
1.579065918700780458e+01
6.183922408278491822e+00
4.937867190065484913e+00
5.759643186913471880e+00
3.096895909516791434e+01
7.072529055175317936e+00
5.248770648969298236e+00
5.502900339166254540e+00
5.207885570877008874e+00
4.612193372389955748e+00
9.760588425865078577e+00
5.017568629383412748e+00
5.809070729898764718e+00
6.331386930751603970e+00
5.770901433950185400e+00
5.449391637672772681e+00
6.773087982618737790e+00
1.443651670338763893e+01
1.738950517505264060e+01
5.473893807486123642e+00
5.961335101434269923e+00
5.173506212148645034e+00
5.557053860157140868e+00
2.290376018498002253e+01
9.402853847294110778e+00
5.426436143836054882e+00
8.781667692602255215e+00
5.444691661387172310e+00
1.666739102856672972e+01
5.220795503187636299e+00
4.789930086928447572e+00
5.229595197566948350e+00
1.097734966761869657e+01
4.905669423976365628e+00
4.623551879080941340e+00
5.621687872139845332e+00
9.775927595942752291e+00
1.047677641758810552e+01
1.427571930964286828e+01
5.637324352513547687e+00
5.705678774273930998e+00
8.474643756964878705e+00
6.973099884765413314e+00
1.144817083458343809e+01
6.372631137801972656e+00
1.317907275785097099e+01
7.152015202744540723e+00
5.526359153456044560e+00
5.211965021053838854e+00
6.402646380962514705e+00
5.594859993551865252e+00
5.461593449520823818e+00
5.460243922367274294e+00
1.753864380012938540e+01
5.754492939628595316e+00
4.892946532975496865e+00
1.083366598419015681e+01
1.130208720499496700e+01
2.534231681913925982e+01
6.182105488600015519e+00
5.393166117143097793e+00
1.448042856671407996e+01
1.141839226961690201e+01
5.863781437717242362e+00
8.490908694543371382e+00
6.735531380426862391e+00
1.967494851265608347e+01
2.033464767864873579e+01
5.654134074578061941e+00
6.107906960832363730e+00
5.886512146817218571e+00
5.406594344667244201e+00
5.996610400565875132e+00
5.184383960118002399e+00
5.897119995577048357e+00
2.237122177866141115e+01
2.526049168019112656e+01
8.998455599178553754e+00
6.087876302405309303e+00
1.278082664987382699e+01
1.144009305420126310e+01
1.223622253203078891e+01
1.043027935975948317e+01
5.326608520090350574e+00
3.543946207323530473e+01
5.079125684009006214e+00
2.188250856711317738e+01
5.802661908620454057e+00
5.572831156495603011e+00
6.085229504746350493e+00
3.551477753398411608e+01
1.187729964425954776e+01
1.697043202332377021e+01
3.953697079021129213e+01
2.685568903177669497e+01
7.708624104851162784e+00
5.536708112292152428e+00
8.114743708653175958e+00
6.423831547935914266e+00
1.027656107855291445e+01
5.598871197347270012e+00
5.237089612629336699e+00
7.445814712732023111e+00
5.364432583606802751e+00
5.255014257276408252e+00
2.528070238194344554e+01
2.855481539883142261e+01
1.954874610606635699e+01
5.391714191908951292e+00
5.259656000837150458e+00
1.383556688108685506e+01
2.211547741962501235e+01
5.591040354201338936e+00
7.852198760398389155e+00
6.634504447414472317e+00
6.690253784135094861e+00
7.476603896927042747e+00
5.738068045756833158e+00
3.540928447719019800e+01
5.958730470105609633e+00
2.300239744080984039e+01
4.889838982049496074e+00
5.814707368778565311e+00
5.662103104608128490e+00
1.951377817092674150e+01
6.217934333911491862e+00
1.228965714684784061e+01
1.267074796184361141e+01
5.399972274911603698e+00
9.711516541484916942e+00
5.330179946070211727e+00
4.564756529728229140e+01
6.284181059251229051e+00
6.479298229813283072e+00
6.618754264819050270e+00
8.443613878895739333e+00
4.819752707425392302e+00
7.879150636277020503e+00
8.973025759514266397e+00
8.058965601600647233e+00
4.671315089858001812e+00
5.126591306979725537e+00
1.324261106920409503e+01
2.419826942185103036e+01
7.370708035515989742e+00
3.183531879553184041e+01
5.393459528268315495e+01
3.298948854679146336e+01
1.395424179254039565e+01
1.550508003078407704e+01
2.147296528555175499e+01
4.397757719611752236e+01
8.139703446464423564e+00
1.612915364750497815e+01
8.615306904706924840e+00
7.714364608829370695e+00
1.872970111903073942e+01
5.620756098463994377e+00
5.760600151631785515e+00
6.914565013747416167e+00
1.230528157153431934e+01
2.511599268651781713e+01
9.049964558174313112e+00
6.478647136091382208e+00
6.229872199079789397e+00
1.536284649435807559e+01
5.308632568266665075e+00
1.007267140930060911e+01
1.827493223482493079e+01
8.739758261795744332e+00
1.980549723816412211e+01
1.264994172680089513e+01
7.537624960949818487e+00
7.660886820955443710e+00
1.181563444493016490e+01
1.925325290567945657e+01
5.537108322537638294e+00
5.304542207189880010e+00
5.481295376872054703e+00
1.239179291745728761e+01
5.095588935387937113e+00
1.406066643029793717e+01
6.743333758378939002e+00
1.096456459060917688e+01
1.167702867554578994e+01
9.762934293196106950e+00
6.945578142790945542e+00
9.071459431585132904e+00
5.574257357563834780e+00
5.362897450036104630e+00
1.340691442288603774e+01
5.966026679130477461e+00
2.235356294227960205e+01
1.568643632507519747e+01
6.462566089672957759e+00
5.677487423138027012e+00
2.647245881472174389e+01
5.466622655732853886e+00
5.499832826245010686e+00
5.336656281849698757e+00
7.018365499229947346e+00
2.351332491452028250e+01
6.510639393907638350e+00
1.810167536043918446e+01
2.146751258261631889e+01
7.631124335348165033e+00
5.087189355624400555e+00
4.718395154220732302e+00
4.768811668254578251e+00
6.485311176547251755e+00
3.373534487010616800e+01
6.079197820451239132e+00
6.001234870467454741e+00
4.670607511189776240e+00
1.086436247418278533e+01
5.386645680787961687e+00
4.617258673280380421e+00
1.257242421137078914e+01
5.598794684152221812e+00
3.033268269736031542e+01
5.829560469471936734e+00
1.454902461685939130e+01
2.303283213743435809e+01
2.515588194553019008e+01
1.161599931592004609e+01
8.095673339413993475e+00
6.269183037680529758e+00
6.158192182698670081e+00
5.972341960901560221e+00
6.355223252092949693e+00
8.239557441399675497e+00
2.220569351461547569e+01
8.173906764091180221e+00
5.029699377846204911e+00
5.673156017779907856e+00
1.224478546452891159e+01
6.768806016689576488e+00
7.239493061742301450e+00
5.380610939589688613e+00
5.133840246393092777e+00
8.126900619957572403e+00
5.853238321374027997e+00
6.073575932615701056e+00
4.973490268967578842e+00
5.242771177363391821e+00
5.203866580518330842e+00
5.528815882028092155e+00
5.279002778778357552e+00
5.283342012361334383e+00
9.653233438022958524e+00
9.392556659066809033e+00
1.136043260913498010e+01
1.789778297069875279e+01
5.659391505716758530e+00
3.149279412266020728e+01
5.349515851245125297e+00
4.979593711231903086e+00
5.818590184044611924e+00
5.683167881945376365e+00
5.434932051792971563e+00
6.757568680957171559e+00
6.629577931659018653e+00
5.727422791881243924e+00
5.188763768446809088e+00
4.990324294916182346e+00
4.769865983790553265e+00
9.053271781163907406e+00
5.971951090745909241e+00
1.478045892438072251e+01
5.236845357926625866e+00
4.109982283719953777e+00
6.228865624310980564e+00
5.338946759294620925e+00
5.903437367975754135e+00
2.383257482033366514e+01
4.652606171348221409e+00
5.220350311384095221e+00
1.302679700357853498e+01
7.747873168486846929e+00
2.044056537139061547e+01
6.108969091128150453e+00
9.352308646896299038e+00
9.064357369878305093e+00
9.330797054797374201e+00
1.954716085571375217e+01
2.441296149706152718e+01
5.594621712919175316e+00
6.293302870764346579e+00
5.330407814792069487e+00
4.533138189121833861e+00
5.340375984545742583e+00
5.414983028989272640e+00
3.520456069613410222e+01
1.076384318526963746e+01
3.368211172313072410e+01
4.983996110489028908e+00
5.162479867908361442e+00
5.918734656157617735e+00
5.107867049626939604e+00
5.114158832731853011e+00
2.130833648149202375e+01
5.719495961625989722e+00
9.452104369260968753e+00
5.311962755309767914e+00
7.463166777579914424e+00
5.235305994024580301e+00
5.363851272479119636e+00
6.265928869543797575e+00
5.971605656605995627e+00
5.052202101747807816e+00
9.430717935272761920e+00
5.493436053039504330e+00
7.692367870945675534e+00
5.465452648173876327e+00
5.148669477200612299e+00
5.343598817765039755e+00
2.538240427225982287e+01
5.425740645235073600e+00
8.192919549811071178e+00
5.739102571286965215e+00
5.905768566392499253e+00
1.112949711737195635e+01
7.290376859554562827e+00
5.227016637110803998e+00
1.394341088796658745e+01
4.750866003935906079e+00
2.021238503428631716e+01
5.484259763504232055e+00
6.781710394118847240e+00
5.405073769055760202e+00
4.628936660300311701e+00
4.979014549305821546e+00
1.326058797035983616e+01
5.509050162630173553e+00
5.626070434786490715e+00
5.048661071449140003e+00
8.528335257935779623e+00
6.260019400566930514e+00
5.377595938599997183e+00
5.184780754669310987e+00
6.262375490136761869e+00
6.250789624309734727e+00
5.013903454159611250e+00
6.801146709669390944e+00
1.061373710340911813e+01
6.018458300263271887e+00
5.548799713245013088e+00
5.455331479619132118e+00
5.727078486652634304e+00
5.073638903068326655e+00
6.135130408025974091e+00
6.178515219914199719e+00
1.897392400490996422e+01
2.281111952083598737e+01
6.242624328319524629e+00
4.516743597419070610e+00
9.161950857327923359e+00
6.602274304419728068e+00
4.334965142393738979e+00
4.976580723380862104e+00
5.054753949656856093e+00
5.691977656508607986e+00
5.490550060827942502e+00
4.690530254290088408e+00
5.366032335155372479e+00
4.999549235745193165e+00
6.126762081911042657e+00
5.750025173093595399e+00
5.042380126690623854e+00
7.342300579694391871e+00
9.736917137019224455e+00
4.502099883782641143e+00
5.879031475835434506e+00
5.443040776323645247e+00
6.050020273060224163e+00
5.306486455095618560e+00
5.176590322539909472e+00
5.264271798892980136e+00
1.966197308998535931e+01
5.383730253531306076e+00
5.672378940336039399e+00
5.559337469926052933e+00
1.170066776468950565e+01
9.416691839802423303e+00
4.834296892620467467e+00
5.606003899806436763e+00
4.942011081116255866e+00
2.242212045941031562e+01
6.393320001695350641e+00
1.204552802472266038e+01
5.928711211566612072e+00
5.592126855485571646e+00
4.708626515029990856e+00
4.684805973349390307e+00
4.950541474886687610e+00
4.911280115511590161e+00
5.316533115655391661e+00
6.033037063776989228e+00
6.427479081759988055e+00
1.017482014669606905e+01
4.681213054280211949e+00
4.693636473023549804e+00
4.903807978861580708e+00
5.130913207910159812e+00
4.670422953157483903e+00
5.390428913059327698e+00
5.078327951421006681e+00
6.020033836017600670e+00
6.080998586913843873e+00
5.177865232081228619e+00
1.921163626501804345e+01
4.608169104088356782e+00
4.952816609592948893e+00
5.477902181372940937e+00
4.916757147616469759e+00
5.277687973649529241e+00
5.766910960887677184e+00
4.645374117646808187e+00
7.872392551794705540e+00
5.171122825201852180e+00
5.109205836181287097e+00
7.628545056080931808e+00
3.956136230277321530e+00
5.810699404717190042e+00
4.913164762098140237e+00
5.826884000097213523e+00
5.345472467986988718e+00
5.876412583204229989e+00
3.159169682917697486e+01
7.080346226617479033e+00
6.241955807449438787e+00
5.511370306558468712e+00
5.093801587825859123e+00
1.079834236861603358e+01
4.745056366892408839e+00
8.427178883564016232e+00
8.313944906611268948e+00
5.663889150520592608e+00
4.925306734542631126e+00
5.057073367702592748e+00
5.321222715336316078e+00
5.188488276311504777e+00
5.280727965390941137e+00
1.866586981490627650e+01
5.611420307599302326e+00
5.948970552914588872e+00
4.972955813916628109e+00
5.358739895733928726e+00
5.380654274576241569e+00
6.184697280532737373e+00
5.283308314801955952e+00
5.154383229402554001e+00
4.891633711874566082e+00
1.287610228908971521e+01
5.622574708789716880e+00
5.748418370669527988e+00
5.100176435845200196e+00
8.371535246660680940e+00
4.733843775272439380e+00
4.837438491396421014e+00
5.234786380782060711e+00
5.434545729471656372e+00
4.708072464241040755e+00
5.245599592454589732e+00
5.395402381764063726e+00
5.464512607776281783e+00
5.221388926524365814e+00
5.860170682109675511e+00
9.931094593501430978e+00
9.543711353072971804e+00
5.620416904886074150e+00
5.270811800544262127e+00
5.470124774218735553e+00
4.712485161336611661e+00
5.056880661781530506e+00
5.668032078154914721e+00
5.389326838150414467e+00
5.145437726858485661e+00
2.897898651434956818e+01
5.344206051756745346e+00
4.974820064793252783e+00
5.148506053638612912e+00
5.936140873213066271e+00
6.244705764878908383e+00
7.666709246757576146e+00
6.460275620177491795e+00
5.076459112104935834e+00
7.073167809023497732e+00
6.142793575619956314e+00
6.170901309351567221e+00
4.837969298210465396e+00
5.044646397916389802e+00
1.847137549769858111e+01
9.081172287690851164e+00
8.038615457202924475e+00
5.495947019077890516e+00
6.761062743519640428e+00
5.388919727522696768e+00
6.813906019311067652e+00
3.884768415220619886e+01
4.940649811808493830e+00
5.211333409497235891e+00
5.048601906149587926e+00
2.727458925086850172e+01
7.792004012504582633e+00
3.404701261678746960e+01
1.198532624763487320e+01
3.274037184159530511e+01
6.402733545001001225e+00
4.682635208461863208e+00
7.110239466129971930e+00
9.150947570213004312e+00
6.833448848113832241e+00
4.900280677351751102e+00
5.151364112134428019e+00
5.672033140310317023e+00
4.669338818683844039e+01
2.924828056266260390e+01
2.073209726306770406e+01
5.964390989449444014e+00
1.255847399444810542e+01
1.018356014986163061e+01
5.673483303439151193e+00
5.460653453104247212e+00
5.949953222637821781e+00
6.290048446311155672e+00
4.633033654147099334e+00
3.112785504443777995e+01
2.572683472250310999e+01
7.629988868976318450e+00
1.666906205604942670e+01
2.731822412661033539e+01
2.247204352372763125e+01
1.137938215368451544e+01
7.663824042384292490e+00
6.318603577485500722e+00
1.124310503676970896e+01
9.237076995306637173e+00
9.248176725122263520e+00
9.196795158750115107e+00
9.045090665547919073e+00
5.365347595291872551e+00
1.383926626934952964e+01
1.551495593720124866e+01
4.853610645937434853e+00
6.329574628550600046e+00
5.928939939249243452e+00
8.799339404537770193e+00
6.561302295565973886e+00
2.482154492985046090e+01
7.612616533696999532e+00
8.411782745965915353e+00
5.221102896851021136e+00
6.953867562533322833e+00
6.594923127918862704e+00
6.175586343389586119e+00
5.187121552565683302e+00
4.589606979185198554e+00
1.237935235032650461e+01
7.835512764648295381e+00
7.047863628770167033e+00
5.308973601638163231e+00
6.500106225169539620e+00
5.444753276250637875e+00
1.324464325838430234e+01
9.883106078459604760e+00
8.149552089882048378e+00
1.412753802876366294e+01
7.927791126955322731e+00
6.994678702112054225e+00
6.042102341484398842e+00
5.735140403639114481e+00
5.655589928776037389e+00
6.344647585675970092e+00
5.493436129644509336e+00
5.267357999124794965e+00
6.224405291703188681e+00
7.521502571594520070e+00
6.757051884117023732e+00
1.235874665797694405e+01
1.717814476891989273e+01
1.806006193307982954e+01
8.065060753112032188e+00
9.256690237892273743e+00
3.496332384424692918e+01
5.921457338162839257e+00
5.254814129467925810e+00
5.652254323038994777e+00
5.741124677451804992e+00
5.632817318602930889e+00
4.907547488134857083e+00
1.160137871798303166e+01
1.688400828161287137e+01
8.269032970711723607e+00
1.742757589073921665e+01
4.773524471697010441e+00
4.973609682484727124e+00
1.091802735103431132e+01
9.406419150163383591e+00
1.000756075100476750e+01
2.773014245892281693e+01
6.835936512132541054e+00
2.256738880237693579e+01
4.887855494161817305e+00
6.829765020637381667e+00
3.006133816778448065e+01
6.157238842562470893e+00
5.011763323623267041e+01
1.519581461951179513e+01
1.694783805682807198e+01
2.870649911951966260e+01
3.033041809587043502e+01
5.526782279174027757e+00
3.847938304599862391e+01
4.346032845383646759e+01
2.175347365287100487e+01
4.078805236739487583e+01
1.323948953680030982e+01
3.229540585436024713e+01
5.533547594590177710e+01
8.343622544280179909e+00
9.563220876410197135e+00
1.281204738871273285e+01
6.140081342510210760e+00
5.417586341869949251e+00
1.031658052309371598e+01
7.848234760013414579e+00
1.452001372837727367e+01
2.881057584224734569e+01
4.033966070771863599e+01
7.573938986133136986e+00
7.257738537961931691e+00
2.990333252347321746e+01
6.467008346330495705e+00
4.582481310155029064e+01
5.038994541813831063e+01
4.978547868477832594e+01
9.445582812528522254e+01
1.755768573959632661e+01
4.995320558838855618e+01
8.155071274267785952e+01
3.085278919940977005e+01
5.015873965090335673e+01
5.146790078949332603e+00
1.043015176402096422e+01
4.938799305179866650e+01
3.020495759864214946e+01
2.696685711864509472e+01
1.364886131563231864e+01
1.990029239098584313e+01
2.475333743385952445e+01
2.121221339283132323e+01
4.858652686235236828e+00
2.712092422595512886e+01
1.549453725180102559e+01
7.430649300747890429e+00
3.849088473247473274e+01
1.531715699602284708e+01
6.334024535941625622e+00
4.955283427054517631e+00
6.056980037604384748e+00
1.593557675122789696e+01
1.462171030347206191e+01
2.278798609483660798e+01
4.961491595836538870e+00
5.143342321282371898e+00
5.525594247548883509e+00
5.598737145868745380e+00
5.226927800623742293e+00
4.690481665012034007e+00
5.135609702956056566e+00
1.171586682613918029e+01
6.109137006613696741e+00
1.093992476017565529e+01
3.703122839857235959e+01
5.327912935476133782e+01
9.570643046713412261e+00
4.612005066371398954e+01
2.474048841631368489e+01
2.522870281694301653e+01
1.523299306995985347e+01
7.175232892867708756e+01
1.083136329530396580e+01
3.857610463325504924e+01
5.421750147175374934e+01
4.602671073369887011e+01
4.933206864746540354e+00
1.275823023192742411e+01
3.902706127311364526e+01
2.219529457998796218e+01
4.266085824098115609e+01
2.519627857589068398e+01
1.531916152292412292e+01
2.180512016529527131e+01
3.560884059557466230e+01
1.049495218279675512e+01
5.822890989697193653e+00
2.429846839594787866e+01
5.929232433705882599e+00
1.071426379045225019e+01
7.585837922336651218e+00
2.170487749148872325e+01
2.935305167567456763e+01
2.315669192946472421e+01
2.085695543082846015e+01
5.288876871338484165e+00
9.656839352889925010e+00
5.854320857479704543e+00
2.298251075706452795e+01
9.980879028282103604e+00
6.927608914371662152e+00
6.347251345538357903e+00
7.760275979024791049e+00
6.400568640729846770e+00
5.427705653646026640e+00
8.065404723682352284e+00
5.882419911994163364e+00
1.283613189533658883e+01
1.185700304889040524e+01
5.409394823944464470e+00
2.194499527109721271e+01
1.157549372262770682e+01
5.131205836089441696e+00
5.841501145479995216e+00
7.347316363391030336e+00
4.866265105300647598e+00
1.948740873912735694e+01
5.135031043498629266e+00
1.008636797090405501e+01
5.698173050579892873e+00
8.591686373167235047e+00
5.375467376094321459e+00
9.835186369300934928e+00
1.999966111757461462e+01
9.427445011319449009e+00
1.976492628899106663e+01
5.622136242288500618e+00
6.754755187925398197e+00
6.831974775153145885e+00
1.112832454968530804e+01
7.123571265167548461e+00
2.711169511512298413e+01
6.047487563426539481e+00
3.248692979161489802e+01
5.108449234194375244e+00
1.407515153645367967e+01
1.026033237882131743e+01
5.707094177836489202e+00
5.217187817552090934e+00
7.106935537692636196e+00
5.164924135023696294e+00
5.700911314401890806e+00
5.135645141994157115e+00
5.903720174923035025e+00
5.418528799439718213e+00
6.393707164004289289e+00
4.745351017890307332e+00
6.588968943619062379e+00
5.485770396694104711e+00
5.550563162989701205e+00
4.942004787500096086e+00
1.791436223469415623e+01
5.538205889915396973e+00
6.155734431434380483e+00
4.647651868329197633e+00
5.862701693552928361e+00
5.415085510767774224e+00
5.726725086664881559e+00
4.936527511224060305e+00
1.417393546771765855e+01
5.143956888301538299e+00
2.038038731234759382e+01
5.598297502626586208e+00
5.248568656955155731e+00
2.413458180940188669e+01
5.478994982679643577e+00
6.498629898001315297e+00
5.506485500421864465e+00
5.249931457865067763e+00
5.424548469491614178e+00
5.547427698592643175e+00
1.827039834119932848e+01
5.437867287470139033e+00
5.282836718474290372e+00
1.408473114474420917e+01
5.949465579330194487e+00
7.922207966609025043e+00
7.922207966609025043e+00
6.056621428095604998e+00
5.977407871854799382e+00
6.655665427231727271e+00
6.474903043471538666e+00
5.051945957535328269e+00
5.479024640848784600e+00
5.406702187911438529e+00
5.109801677044043089e+00
5.906616434007860406e+00
4.826773267444973925e+00
1.853605768936992959e+01
4.714283313312587431e+00
5.597143502133072879e+00
8.864571656825837920e+00
5.867654874612731497e+00
6.133943901876409477e+00
5.083370725471472618e+00
6.095293036606695303e+00
6.157399395108717144e+00
4.370577294521249989e+00
4.468366980224828033e+00
4.757342169505125007e+00
1.196786125589136951e+01
6.819984536143793186e+00
5.247977188368396106e+00
5.752427607498691309e+00
5.057615280156357862e+00
4.945723293513492713e+00
5.683682206545670468e+00
5.790380728455857273e+00
5.978027930067042028e+00
5.178624600470905115e+00
6.809267720899067733e+00
4.500603847240258304e+00
5.124397516361799632e+00
5.072908195531395492e+00
4.951057644193521234e+00
5.622602897356088647e+00
4.803889643156292522e+00
5.346768749757472072e+00
5.214225114335278910e+00
8.833565062995312189e+00
2.411049961297600674e+01
7.818308829672819371e+00
7.553260647875879918e+00
5.592812783436597712e+00
1.684833862488211764e+01
4.677001878708935578e+00
5.135671169645884326e+00
5.093834815266592209e+00
5.454410792643924033e+00
5.793698861593562732e+00
1.195669904884280044e+01
5.190819599916043359e+00
1.192116837249943373e+01
6.034912005762870457e+00
5.758124877669535735e+00
5.489684654107864326e+00
5.286150888068172016e+00
5.566837523037208690e+00
4.925919615819984720e+00
2.497746485084961776e+01
2.151613144441823877e+01
1.458204259681137138e+01
5.360804834227963944e+00
5.173007871033282967e+00
5.739489710694297031e+00
5.139109965988566842e+00
2.707678536406895020e+01
5.923937077840234267e+00
2.186762757606945939e+01
5.765457709513507112e+00
7.083544863956202420e+00
1.998395646688269878e+01
1.383317319642626764e+01
5.716599453142042542e+00
2.831931193114120049e+01
5.151191071088540241e+00
6.031341597637028151e+00
1.877863154448605343e+01
1.977860435770534764e+01
8.421908159431902519e+00
7.449977671209653707e+00
3.460934727043178327e+01
5.514175454657544329e+00
1.864810362301610169e+01
7.991202651330515216e+00
7.225059945968508757e+00
4.094867842591902729e+01
2.055976710198568469e+01
8.645603717316516779e+00
2.037877565384915712e+01
9.511011363930512275e+00
5.871967399138262600e+00
2.473650881384455502e+01
5.135419220255220907e+00
1.703533172805277118e+01
9.456600341430288381e+00
6.513717901526749010e+00
1.875776084914917163e+01
2.932376152031805461e+01
7.095220312252861206e+00
1.062698918856804298e+01
5.834641108645366003e+00
6.094727943544003601e+00
1.051728301674440047e+01
7.654963343271328213e+00
1.140738926661482466e+01
6.011330316232073478e+00
6.174920671227668301e+00
1.420190105976206851e+01
5.746289593640245386e+00
5.723175453400877188e+00
4.713420015205080915e+00
5.079035697994102705e+00
5.083199013343405070e+00
6.132518370770380756e+00
5.673945805986041258e+00
2.181266444776126789e+01
5.777853101780997314e+00
1.347441136708440013e+01
9.636621816164693044e+00
2.179117593161998201e+01
6.615290377703880509e+00
2.523165589528543151e+01
1.834692206344447030e+01
5.204634750435529256e+00
6.598704093560304962e+00
1.294791184631323766e+01
1.421513714539882045e+01
8.477896113257498811e+00
8.020179232142762515e+00
1.117613006868053205e+01
2.703985331849151663e+01
5.386881296814317821e+00
5.639279277024821013e+00
8.260568883197830559e+00
3.442616379570741714e+01
3.124133157677665551e+01
6.028906708606631248e+00
1.029417734010718632e+01
6.614558941436364137e+00
3.628039372704841981e+01
6.168242970764948652e+00
1.483044274111111704e+01
5.502330902724651196e+00
8.535873625989255586e+00
1.051069860243764786e+01
6.572545183904558108e+00
6.642656496190216586e+00
2.921819034104961332e+01
8.989921507490402419e+00
1.701097668192749524e+01
6.883264392404956133e+00
1.143602823289636383e+01
9.289733967338372977e+00
4.598766354880784668e+00
1.957333770670178552e+01
8.597907306607337929e+00
1.468341310681700840e+01
7.579678247277576553e+00
1.369491806153321534e+01
7.409909565609108739e+00
6.351399902825069610e+00
5.751890195243055004e+00
9.137035721477964501e+00
1.399775948710680495e+01
4.276177259035512179e+01
1.551167530622840616e+02
1.280900254231814870e+02
1.684067372815514716e+02
1.565801813799742206e+02
1.283766598601943940e+02
1.314312438508190723e+02
9.143088173700301979e+01
1.532523465298893086e+02
1.728710397404302057e+02
1.523429432493508955e+02
1.391482265368463516e+02
4.398992246471013345e+01
1.336503378673705242e+02
1.224709599704894742e+02
1.086551252072437279e+02
1.427085096146361138e+02
5.985845872829740699e+01
1.336268263954627002e+02
1.461143762538199269e+02
1.550246581723240524e+02
6.790464712091765875e+01
1.398540499000490627e+02
1.585419124672550595e+02
1.311928682984653349e+01
9.648779483888439756e+00
1.952973420072900979e+01
9.651101149061931395e+00
5.061355086334450526e+00
6.009576191084152974e+00
2.236425454469305762e+01
2.275891423922624668e+01
5.070723530094649334e+01
5.221916727583755247e+00
2.206180862527892828e+01
5.173530481560054461e+00
3.176780233136638643e+01
5.118181680204055617e+00
6.410762565257153156e+00
7.927085068626572806e+00
6.669218487699761333e+00
9.025696847780334764e+00
5.907241102449247272e+00
7.585958666802977923e+00
5.053898278634685326e+00
1.232458956391436367e+01
5.495264944534601348e+00
5.501292496951514011e+00
5.786700832706533681e+00
1.865019175261204865e+01
1.606157836391509264e+01
1.028497624359418161e+01
6.151450687578388532e+00
5.211453558293140276e+00
6.118352367932177849e+00
6.066761164203217760e+00
5.862688856459231879e+00
6.354098288690666507e+00
3.978773841684400736e+01
5.274858386542943478e+00
4.146686543496297617e+01
1.339574413086939586e+01
5.419277197776559696e+00
6.860390724828094200e+00
6.227639456360948067e+00
9.406491807348157153e+00
5.725711182479177985e+00
5.705863477189234700e+00
7.077350871455507786e+00
5.218131957018201206e+00
1.188524624442265853e+01
5.832613811378621449e+00
6.200098397962235275e+00
4.960556618512172555e+00
5.787326495137696369e+00
7.935294531546287722e+00
5.374894323627851911e+00
5.711944637517895274e+00
5.014451962526125683e+00
