1.339528858796131203e+02
1.339528858796131203e+02
1.327249400545435378e+02
1.327758867236593119e+02
1.357849362637342097e+02
1.357849362637342097e+02
1.583706740161881044e+02
1.364421948490690397e+02
1.487347731210670645e+02
1.517317575161823129e+02
1.329185729137682586e+02
1.505574245206719297e+02
1.551707432477063833e+02
1.475059013651822397e+02
1.280089327245569280e+02
1.340822958281823674e+02
1.353527086513796576e+02
1.355860775791034314e+02
1.424591723378657093e+02
1.625869407181571660e+02
1.350752399471720651e+02
1.380142774197534834e+02
1.387328882673997441e+02
1.584212043356226047e+02
1.353144941160106782e+02
1.604349480101178358e+02
1.551285697558905383e+02
1.347833704601917191e+02
1.208976487989243367e+02
1.267152179337043094e+02
1.544007937501792469e+02
1.468076846066900885e+02
1.627650921114958464e+02
1.640136499597189186e+02
1.321230484291626794e+02
1.342015840516787080e+02
1.532316790479271447e+02
1.363595786396867027e+02
1.346188965642332960e+02
1.201386682508352237e+02
1.373419164079498955e+02
1.505401705127661671e+02
1.318291768668429143e+02
1.355654455502607050e+02
1.343239434745291874e+02
1.325759554481531381e+02
1.472996894770055292e+02
1.540340765925593871e+02
1.299842241602696333e+02
1.609159880717293447e+02
1.335324636059690420e+02
1.547255068360701955e+02
1.470909141689292881e+02
1.641886043707263241e+02
1.341191218413241302e+02
1.387283060491355684e+02
1.409042788577282010e+02
1.302589887105898754e+02
1.318350348015055147e+02
1.371836499429952880e+02
1.371633305336599733e+02
1.342150879858448320e+02
1.303779876795683492e+02
1.377196034687640349e+02
1.440328626128539895e+02
1.366052489856415377e+02
1.383831692666200297e+02
1.364193030958819577e+02
1.337365659938989211e+02
1.386717518973174776e+02
1.387379812423981775e+02
1.333119854106017215e+02
1.307748207622977645e+02
1.342239397809982222e+02
1.325060755921439863e+02
1.313172163066000167e+02
1.303209025783678499e+02
1.368850916093618650e+02
1.364203569461811298e+02
1.365466537596006447e+02
1.361977480050113627e+02
1.349034368637343277e+02
1.308564867302687276e+02
1.356826917999779312e+02
1.357641906342392986e+02
1.432379707307535455e+02
1.273802945919789522e+02
1.336038140380345567e+02
1.328595896681494253e+02
1.348244059341390084e+02
1.376765627415143740e+02
1.611775941603623608e+02
1.412998897898633004e+02
1.341113861723728462e+02
1.299959056037184837e+02
1.375881874706201415e+02
1.359046211285246670e+02
1.331098450704839706e+02
1.420338688823776181e+02
1.372975681911748893e+02
1.589626670301273350e+02
1.364623213737552874e+02
1.316127457777134282e+02
1.311320230005945291e+02
1.416520397883544149e+02
1.340076357763352064e+02
1.573120384611484610e+02
1.672635924358980049e+02
1.374005433327212415e+02
1.346136370771500594e+02
1.347359672409656355e+02
1.280226538439002013e+02
1.404004375442200114e+02
1.355826412448049894e+02
1.406956317849282243e+02
1.349804115083921374e+02
1.691854854347389505e+02
1.426483032187377944e+02
1.453933396107859437e+02
1.356386242769034709e+02
1.366718845578998298e+02
1.361992756764526007e+02
1.352580350312687187e+02
1.363714854512143120e+02
1.355230078226870774e+02
1.354252468332979333e+02
1.281772880177760783e+02
1.395347763006922150e+02
1.258310873362854352e+02
1.301758120045241469e+02
1.357623804367666764e+02
1.384796838039870579e+02
1.459713718466072692e+02
1.338856152759993279e+02
1.481060079394144111e+02
1.285486495111701117e+02
1.360722985270701031e+02
1.580447485162250416e+02
1.392712866458857377e+02
1.606419373716530856e+02
1.407849561393484805e+02
1.374793594435078035e+02
1.349242027906805674e+02
1.369682669395232892e+02
1.352849795695724708e+02
1.320039715884625195e+02
1.418063449941522833e+02
1.349180127760541552e+02
1.318524568203829404e+02
1.346324611739503325e+02
1.354618588660794387e+02
1.332640148027527118e+02
1.329317590351199954e+02
1.345647219008024535e+02
1.287019342931783399e+02
1.325620038917053876e+02
1.290574452792631064e+02
1.505123913124547244e+02
1.433819735289394259e+02
1.574350814938892142e+02
1.346492444277937182e+02
1.337601206486577041e+02
1.352120830885734222e+02
1.368243588604742627e+02
1.367773279316818957e+02
1.440186963355834848e+02
1.431137486286329477e+02
1.436600402836893977e+02
1.417475467014600667e+02
1.595265563817832799e+02
1.375519208270870308e+02
1.435061908401536925e+02
1.427523058866099177e+02
1.344976706741066437e+02
1.349564169637397981e+02
1.343700268264883562e+02
1.309895032288377195e+02
1.334696006962691399e+02
1.396451623877122756e+02
1.570170429944597004e+02
1.525344773281705386e+02
1.406125354452552756e+02
1.328191895242256351e+02
1.381699877152143472e+02
1.284589955416936391e+02
1.364188687947402912e+02
1.391499974601768486e+02
1.318051706689493585e+02
1.361546000012748436e+02
1.310303770603065914e+02
1.352132567802240999e+02
1.352166212047685860e+02
1.300591078372329434e+02
1.358695775755809905e+02
1.334612638814339221e+02
1.327856031113310848e+02
1.333323009936123640e+02
1.447131199922910696e+02
1.539592811732672715e+02
1.550645684540872367e+02
1.398820419843920035e+02
1.314817776793389612e+02
1.558828610336841223e+02
1.613362100947758790e+02
1.398467905522327897e+02
1.358584786448262207e+02
1.449793599605675070e+02
1.341615766574355462e+02
1.338445978472838647e+02
1.312805436591875150e+02
1.353913492070716416e+02
1.315738479290428984e+02
1.372256381242291354e+02
1.584952389110216018e+02
1.551129066227320550e+02
1.564409384894526340e+02
1.457982436239639696e+02
1.329356624248834180e+02
1.563136271821031187e+02
1.359697527466693714e+02
1.361315495571524252e+02
1.519567707092518276e+02
1.338336958152922875e+02
1.366909665203690452e+02
1.587451074354393086e+02
1.564204451341720699e+02
1.570860877139402305e+02
1.531617004192343643e+02
1.524861587728387917e+02
1.525406822821165065e+02
1.393396760160763961e+02
1.576343757705399184e+02
1.538114020628995604e+02
1.403181001011550393e+02
1.420944937112532216e+02
1.361359905910848624e+02
1.581573214784376944e+02
1.352616733732633065e+02
1.580070093067361654e+02
1.579589915751979277e+02
1.374195853997589438e+02
1.336173056963669410e+02
1.314662454339736541e+02
1.358608720391982843e+02
1.375349862378346870e+02
1.574959925119126751e+02
1.596833067519844178e+02
1.374279493660145022e+02
1.525505515638562883e+02
1.573151731141231835e+02
1.365673112192615122e+02
1.321916528959594643e+02
1.383342578674447338e+02
1.367416029386639593e+02
1.408725301366335998e+02
1.669878076894614480e+02
1.295037666198062993e+02
1.348814937975654402e+02
1.577184133904695216e+02
1.533530513025008588e+02
1.474761760329292599e+02
1.523145529008035624e+02
1.429759775119515552e+02
1.538624334979193691e+02
1.611610064083562008e+02
1.324720835296934638e+02
1.306694388559579920e+02
1.326301862569359855e+02
1.351373821683028780e+02
1.564956536424194837e+02
1.537455689747244492e+02
1.324074790047894226e+02
1.323308339125734392e+02
1.362533741702259817e+02
1.557106759815068813e+02
1.264744684504376551e+02
1.302890667937392095e+02
1.567115552065205009e+02
1.348498363949094028e+02
1.344839475435736063e+02
1.394085398694146534e+02
1.359834846013287404e+02
1.338411093808558974e+02
1.372482597975731267e+02
1.307961766099474232e+02
1.664264396110236532e+02
1.551906811840609919e+02
1.416378068673251960e+02
1.419664718167272213e+02
1.583388235195045866e+02
1.353449012819933159e+02
1.386431774434595923e+02
1.370974163210505026e+02
1.352810361868186249e+02
1.598001424796081267e+02
1.377574365201897990e+02
1.578579185026809171e+02
1.625931094802439532e+02
1.321941534695058920e+02
1.590170494007172408e+02
1.373629016736575181e+02
1.374825401374739613e+02
1.339965525890554829e+02
1.498318882048154137e+02
1.249326111837793860e+02
1.361981693352910554e+02
1.568171848093318488e+02
1.337775767354535219e+02
1.344887479418057978e+02
1.361185019222373853e+02
1.360164278123233430e+02
1.378140591716895926e+02
1.554363956657283552e+02
1.351098818179491445e+02
1.332880881642482791e+02
1.476783602816287839e+02
1.327417283294257402e+02
1.588094766284480670e+02
1.352714924156621521e+02
1.438068150633995401e+02
1.349492937851202896e+02
1.552541663521806470e+02
1.372849244070683596e+02
1.589454648547618945e+02
1.342776344819554026e+02
1.590615272819652546e+02
1.537233744416557215e+02
1.613204100575714790e+02
1.569036593318842847e+02
1.612487798936944330e+02
1.264033215537511126e+02
1.558841739832504061e+02
1.584419662268886100e+02
1.379286395627090087e+02
1.341290857720863698e+02
1.312118568084474646e+02
1.614870526836952536e+02
1.346718142508371159e+02
1.364240158777233205e+02
1.579175944669975706e+02
1.372069800813964946e+02
1.413342962824899587e+02
1.439635108969213775e+02
1.339748793575305115e+02
1.346380714446599143e+02
1.495201534446890435e+02
1.472031923883298248e+02
1.335246891585811113e+02
1.433746818752818228e+02
1.371838461043251698e+02
1.713606949805447925e+02
1.620724462360319365e+02
1.582648614929839539e+02
1.388728397842424727e+02
1.352331599962246855e+02
1.636072826801177769e+02
1.323855375605096469e+02
1.276508934320310402e+02
1.601866894667464010e+02
1.528099383272206921e+02
1.561475688191950724e+02
1.351621455521729729e+02
1.552768181282109197e+02
1.362691795039052636e+02
1.611750205323910450e+02
1.492414674246244317e+02
1.317169157704866507e+02
1.285191940252597931e+02
1.551668250759802845e+02
1.550090141402052950e+02
1.301930252341204550e+02
1.576298546640958307e+02
1.572941913004090964e+02
1.303326019184626716e+02
1.616517922965238938e+02
1.496525467590215612e+02
1.329169541023038903e+02
1.384588756012378212e+02
1.555120814993435658e+02
1.337659598644606831e+02
1.347530433360829534e+02
1.597577717711134540e+02
1.343375242346818084e+02
1.390937693920901665e+02
1.326294659444563422e+02
1.383553063559674570e+02
1.579993135185426922e+02
1.517188471979217184e+02
1.582027632564108899e+02
1.299798562710063834e+02
1.353311741513472555e+02
1.586953284287349959e+02
1.338836419386860257e+02
1.280301132402045710e+02
1.337573841668055366e+02
1.382342538087635262e+02
1.319382049330849895e+02
1.322236695341159418e+02
1.509197466037552999e+02
1.569973248385939257e+02
1.531701435427692104e+02
1.552253295257530112e+02
1.593120476652438811e+02
1.439261770209348867e+02
1.644316885232301786e+02
1.345190342547832074e+02
1.563232066748560101e+02
1.376271132687410557e+02
1.348016349580925066e+02
1.279160909228115770e+02
1.592221856463227141e+02
1.606560697653483487e+02
1.381791488873316780e+02
1.590872540742467436e+02
1.290652773222562359e+02
1.546870196184007966e+02
1.586159355824924262e+02
1.512303549978483659e+02
1.597581809059082332e+02
1.382129654222753743e+02
1.251951684812051724e+02
1.356590732502557728e+02
1.380757058374672681e+02
1.585871097904900751e+02
1.602474264871392222e+02
1.325259338880622408e+02
1.580772052534202317e+02
1.321799587453278662e+02
1.577094810932528048e+02
1.590532514896978000e+02
1.507466790661640346e+02
1.549688404955759324e+02
1.557364729411951885e+02
1.582711396183321426e+02
1.586194465216986771e+02
1.563407671695800616e+02
1.338618914813654044e+02
1.580877434302662152e+02
1.593104731826525722e+02
1.333729616129224382e+02
1.349280027487646123e+02
1.442246041906819585e+02
1.399676111402714298e+02
1.358864730691292664e+02
1.361708036536218742e+02
1.353229270565669822e+02
1.583339060289153508e+02
2.059377831628050615e+02
1.596241818603039917e+02
1.568028284809831803e+02
1.605410594211303419e+02
1.658601236683861941e+02
1.564742839410660906e+02
1.594208585657179071e+02
1.602708497111245549e+02
1.569229111957145903e+02
1.593020412236591312e+02
1.549241804512408578e+02
1.354457544914950233e+02
1.571119363302420879e+02
1.590754344442771924e+02
1.559926709972158108e+02
1.537096886803705615e+02
1.563169503308538140e+02
1.549130641042450804e+02
1.619783138123802360e+02
1.590832468685920844e+02
1.501833422718602833e+02
1.590629947405568601e+02
1.674141101240769842e+02
1.573710962495670174e+02
1.593611495080950533e+02
1.566195665719679369e+02
1.602687531839991379e+02
1.571914105707130034e+02
1.515461322846086318e+02
1.556757507477088041e+02
1.328624340869469052e+02
1.556327359517327125e+02
1.329765662256921246e+02
1.356667187198461306e+02
1.557910639296059685e+02
1.574790630078974800e+02
1.652201119386589312e+02
1.610254404104585717e+02
1.530258983931871057e+02
1.409451083154002617e+02
1.564796938192192215e+02
1.508911242750047847e+02
1.374481934171575119e+02
1.363806951720849838e+02
1.354551796378975439e+02
1.576753298507316003e+02
1.479077836662581262e+02
1.365184849873520534e+02
1.315334088945486712e+02
1.397767832318139654e+02
1.364369455718140500e+02
1.589315486321217463e+02
1.575943453953268545e+02
1.562387470819553243e+02
1.582598775136656855e+02
1.592195677614054716e+02
1.578777819364647712e+02
1.366883261855517731e+02
1.383200178194277328e+02
1.591500626252901043e+02
1.553759912423026890e+02
1.539823508096488638e+02
1.574743885453260930e+02
1.554868541728841080e+02
1.553252335669447177e+02
1.333410380010456038e+02
1.544096948140146992e+02
1.549461367924983222e+02
1.515091668163489373e+02
1.426368028916691912e+02
1.364241742291963533e+02
1.579586197601315689e+02
1.577968708016508117e+02
1.584186590545487547e+02
1.597918309385125610e+02
1.343484835856133941e+02
1.343300475808073884e+02
1.371321854143003520e+02
1.557330358144699005e+02
1.348817134806035369e+02
1.348159962291056218e+02
1.382412109256688950e+02
1.331922606253867229e+02
1.292569295521959418e+02
1.270208299270365160e+02
1.571610537802426961e+02
1.291893416571166426e+02
1.567891475484455555e+02
1.368248541925550796e+02
1.631036566653887121e+02
1.592690195635565544e+02
1.562508205533363252e+02
1.362162137842611003e+02
1.500265822560759261e+02
1.569618647382441452e+02
1.589714326393186639e+02
1.336797335097064661e+02
1.385605375384447200e+02
1.312870584848925262e+02
1.366168676749792326e+02
1.466774160396647630e+02
1.338091222443206050e+02
1.642466246572575699e+02
1.545944592844907675e+02
1.393320051219156710e+02
1.320647341352635635e+02
1.444577484459247785e+02
1.447915611793139874e+02
1.410206003268850168e+02
1.546274165593751775e+02
1.334098076497496663e+02
1.298078365610125502e+02
1.314037440782834381e+02
1.570888620175593076e+02
1.358356684804270458e+02
1.600324102986900527e+02
1.384691237514323916e+02
1.256241280921857566e+02
1.508707774256756409e+02
1.603353083136683779e+02
1.229686623097195621e+02
1.454085429277121477e+02
1.581202522381186100e+02
1.559565882103956937e+02
1.381624000715462728e+02
1.558696123393792163e+02
1.372191430991731806e+02
1.285550273088588824e+02
1.548555615547694515e+02
1.564055983541098556e+02
1.280989355014007742e+02
1.385490557945461205e+02
1.583495372589482031e+02
1.566990933095603395e+02
1.570033074010636085e+02
1.587186538223486423e+02
1.552490811623249556e+02
1.566787358140300341e+02
1.250388805958190517e+02
1.581772236236106437e+02
1.345630394071951343e+02
1.332304355087763668e+02
1.360876433593232377e+02
1.567120501814745523e+02
1.307950229587076478e+02
1.552884760144631571e+02
1.566776702088248214e+02
1.554860467798541492e+02
1.498785574291179330e+02
1.248488583984250226e+02
1.348249987554666518e+02
1.393794056508356789e+02
1.569776388985033009e+02
1.600054585590137890e+02
1.576348975702415487e+02
1.585622142573384679e+02
1.555623774476829908e+02
1.424681407261458332e+02
1.555815332850220898e+02
1.560104040532739305e+02
1.611547660555961841e+02
1.358431834269445631e+02
1.485771505351840176e+02
1.362318527073921643e+02
1.385072127845894556e+02
1.408356014357146080e+02
1.469904162277380806e+02
1.426100747379658173e+02
1.426359179257363223e+02
1.551671190043256843e+02
1.510880448581151541e+02
1.363420153920613984e+02
1.570600346623402288e+02
1.361396667389507797e+02
1.515530206834951059e+02
1.338613788610543907e+02
1.376645265283369497e+02
1.493232249153753628e+02
1.413807140405340306e+02
1.364509067375454379e+02
1.550872942063480480e+02
1.691773807616649492e+02
1.322416647195917676e+02
1.536478593728881492e+02
1.416498856610865573e+02
1.694347731445969600e+02
1.356904623977801805e+02
1.600817194030442465e+02
1.373504558344193356e+02
1.369203960037731918e+02
1.537983350266081572e+02
1.438837602968855549e+02
1.332024564387329519e+02
1.379336671206182814e+02
1.348182977716451774e+02
1.473620699467724080e+02
1.533473337617620302e+02
1.363811835955528977e+02
1.374369265301833138e+02
1.322517438154772549e+02
1.408896269400146366e+02
1.468133400414943424e+02
1.508093159790964251e+02
1.323578831977651475e+02
1.409275330118931038e+02
1.428013350993671224e+02
1.506572174928985248e+02
1.278675802876088596e+02
1.602769878423978867e+02
1.214004920887546604e+02
1.328433141231355421e+02
1.524158809596676178e+02
1.314080171394292620e+02
1.345751811901707242e+02
1.392898088765516320e+02
1.542743633865053994e+02
1.508236712399254884e+02
1.572017771486040090e+02
1.540418038352671317e+02
1.417271216618114522e+02
1.418122936893190058e+02
1.621075435807491658e+02
1.342925792646453260e+02
1.559656812651694224e+02
1.352274245799480923e+02
1.384735227624944969e+02
1.352132245632040224e+02
1.622270972945927667e+02
1.506865485963840854e+02
1.458363696181631042e+02
1.613426066991196421e+02
1.442427267680431271e+02
1.512768159707873394e+02
1.507574296654466366e+02
1.587407124397684868e+02
1.454885380340333256e+02
1.446582649160781102e+02
1.326234292944191395e+02
1.528049019763237197e+02
1.569306299309235442e+02
1.584203380510074339e+02
1.617023857214491329e+02
1.602268599217018448e+02
1.515223034739076127e+02
1.524911769754396005e+02
1.308350975672533707e+02
1.385752422559422996e+02
1.389251941793530136e+02
1.524980405095325011e+02
1.480017594793329181e+02
1.532865368781080520e+02
1.322605862956713736e+02
1.360412998105426823e+02
1.371899296899999285e+02
1.483283626553215981e+02
1.587174759876330938e+02
1.330779093117401430e+02
1.334169693471587834e+02
1.389610307206828281e+02
1.300529251412971234e+02
1.387155578967790461e+02
1.364551949243919466e+02
1.474237125134845883e+02
1.379619563575599273e+02
1.304576331003175937e+02
1.359894732784740654e+02
1.335785868247839687e+02
1.484065162296159315e+02
1.424487501157204576e+02
1.383382088220291166e+02
1.315699446279622009e+02
1.437352653899796451e+02
1.264790199140672371e+02
1.416958725330729578e+02
1.571314783274676756e+02
1.573943267362760707e+02
1.351253803550720249e+02
1.485337549536390895e+02
1.224839017137742303e+02
1.318674714613327694e+02
1.380803170384776308e+02
1.487736089233647476e+02
1.475487307650267326e+02
1.333293604969537967e+02
1.324691771312888591e+02
1.586684498909157242e+02
1.573786453666653529e+02
1.348524503673565960e+02
1.325249985287925938e+02
1.343640538103470021e+02
1.500103622843180347e+02
1.339651902968415982e+02
1.335892138975111436e+02
1.330262655394344335e+02
1.601666559665815726e+02
1.536367641334020107e+02
1.291326700069417655e+02
1.556708023093250972e+02
1.445307871328987233e+02
1.357789220851225025e+02
1.606553895101525029e+02
1.608939082107124250e+02
1.572264261550195954e+02
1.525119139987920676e+02
1.454239165172199648e+02
1.517936428137652456e+02
1.361202386630921239e+02
1.341381569154370652e+02
1.476635071040479943e+02
1.399016005981644639e+02
1.552583399781627236e+02
1.490965073534288194e+02
1.387234334177774144e+02
1.515011483968966957e+02
1.359539979764377051e+02
1.413052681526426966e+02
1.413694992935241146e+02
1.342740209017400161e+02
1.399541550280048909e+02
1.382186992768745313e+02
1.346393367382085557e+02
1.228477779048037064e+02
1.532816543629565160e+02
1.360826312778726219e+02
1.373017555138931698e+02
1.365477389481164039e+02
1.330870272882143013e+02
1.403600074908239037e+02
1.327436531952919267e+02
1.384665969334979536e+02
1.497279009323571017e+02
1.711359746072070891e+02
1.501643404032389810e+02
1.555148644240652231e+02
1.432593657184928304e+02
1.316397492480918174e+02
1.258169265023719845e+02
1.351821607947327948e+02
1.319893970578906419e+02
1.572119520819069862e+02
1.738871029058340980e+02
1.326312355395554903e+02
1.319591168245109429e+02
1.372538172005538399e+02
1.315154135858313680e+02
1.375151581695329241e+02
1.259953610043622803e+02
1.348178038677010591e+02
1.265447425382523789e+02
1.503703540557671090e+02
1.505277288410631797e+02
1.554706747225277468e+02
1.495751480717124196e+02
1.356269243920033318e+02
1.267511810401496604e+02
1.544379203877692532e+02
1.522640497401191340e+02
1.348480133051825760e+02
1.338844801399878293e+02
1.265107327967434685e+02
1.359636567626769192e+02
1.311396146542473105e+02
1.490534349517348005e+02
1.504104635544136102e+02
1.364646158141493970e+02
1.565809156001450333e+02
1.533641367694276028e+02
1.510918256619706881e+02
1.427996269600655239e+02
1.491840224434332356e+02
1.337121465341943463e+02
1.461187906826710616e+02
1.454538039034987662e+02
1.582138864087691559e+02
1.574652083922483428e+02
1.506750753180126310e+02
1.545180116649971467e+02
1.525827813502425556e+02
1.548856984843589828e+02
1.496429008580962261e+02
1.535434925041609802e+02
1.391900761221527318e+02
1.539258802922218479e+02
1.542030558886302458e+02
1.628638552044178596e+02
1.355636489651672889e+02
1.360009180846342360e+02
1.380281495628336188e+02
1.364694199755620048e+02
1.406704101736211214e+02
1.508681247245306736e+02
1.407311957720025930e+02
1.519115614055667152e+02
1.633341166545542080e+02
1.359964586385641496e+02
1.384616841186769136e+02
1.399832686285756154e+02
1.493866330095245303e+02
1.332335166647747542e+02
1.435380657068276378e+02
1.317995540248310817e+02
1.510497853037531968e+02
1.510383501452785708e+02
1.671217465603786536e+02
1.579851596791706640e+02
1.654127751697731412e+02
1.624997391147220753e+02
1.692504026875396335e+02
1.509942967139971017e+02
1.406001599491598313e+02
1.356536336339309514e+02
1.537910595574406898e+02
1.544340142878473046e+02
1.355900018813624968e+02
1.444536003365225270e+02
1.494803679258266982e+02
1.418213001952855734e+02
1.478423121393559541e+02
1.320179113262170176e+02
1.435067503022985136e+02
1.409854174552188226e+02
1.382320802787252205e+02
1.555552191620267877e+02
1.231264925500929337e+02
1.321144899991873842e+02
1.556607247735310580e+02
1.285822164341253995e+02
1.561163476465724500e+02
1.562161926754091041e+02
1.364076380036161709e+02
1.350941653602140491e+02
1.370231481313807933e+02
1.361733294320671916e+02
1.360144897931124319e+02
1.582870742163674436e+02
1.495637109298288863e+02
1.647979060353615637e+02
1.515687561049639953e+02
1.597718064523840553e+02
1.572876846018428694e+02
1.472641213108920510e+02
1.513874024127090649e+02
1.283798523735267167e+02
1.553829174900489534e+02
1.316023886041386675e+02
1.415410801233367692e+02
1.361484837715096603e+02
1.354186526679427232e+02
1.721370656871953884e+02
1.555878077513497431e+02
1.554099145270301676e+02
1.332121748385590934e+02
1.533457209920583182e+02
1.309698714997208810e+02
1.538956646392085759e+02
1.446550249417720124e+02
1.489450676271984833e+02
1.441160606836018303e+02
1.570056544064310913e+02
1.356373402436356628e+02
1.313098354121381135e+02
1.427814926163727023e+02
1.369819237569375048e+02
1.307965637159070411e+02
1.362546362338710253e+02
1.357249231079861147e+02
1.280909652607349472e+02
1.371297469495384860e+02
1.440405808103671177e+02
1.568572757129544755e+02
1.326418348768341673e+02
1.431336494067618901e+02
1.530638049883419569e+02
1.352700714635693373e+02
1.600817062252401399e+02
1.389936187468120181e+02
1.483338875399216192e+02
1.551733112741822254e+02
1.508060511258180156e+02
1.368096983046538071e+02
1.494928007751231007e+02
1.487838346224606028e+02
1.481488436823521511e+02
1.536007109179466852e+02
1.553532613601045398e+02
1.503979323972880309e+02
1.342291718269296155e+02
1.515024546443053168e+02
1.331310482172527827e+02
1.519862835950331998e+02
1.384092588988454509e+02
1.300421703182913973e+02
1.405402418087539331e+02
1.461399470182153379e+02
1.524981559393562520e+02
1.443668199813538990e+02
1.540592687737037068e+02
1.643117791848584659e+02
1.344957652232430405e+02
1.405589180657353552e+02
1.500789177118713269e+02
1.420536876483979540e+02
1.366408840690218653e+02
1.322004749306260578e+02
1.554132797432620805e+02
1.357712153844737486e+02
1.563160984466064463e+02
1.522617631441018773e+02
1.497582051072020022e+02
1.359714343053904031e+02
1.498944742184664847e+02
1.367344076395417005e+02
1.522478795694880773e+02
1.345308835369311282e+02
1.546698667177458333e+02
1.604703922604703905e+02
1.593892919515303390e+02
1.522902982354778771e+02
1.353105713748364849e+02
1.364488342701537817e+02
1.544223333738513304e+02
1.475342582018626274e+02
1.649446005368153578e+02
1.479618499153496600e+02
1.542069295936188666e+02
1.370153985612070073e+02
1.484951893084959238e+02
1.528970656411225377e+02
1.406513368225531053e+02
1.348459922686143955e+02
1.524434661692934299e+02
1.317987208270428994e+02
1.340520925618102694e+02
1.510306046376520044e+02
1.327444436427794017e+02
1.388813120871187721e+02
1.358537995587268199e+02
1.540115649161464830e+02
1.521768701280693108e+02
1.390704975035938560e+02
1.384819380100412616e+02
1.384286320929437011e+02
1.557983711666074953e+02
1.526627084595471331e+02
1.533000900682757788e+02
1.366083562544626204e+02
1.377825152800234036e+02
1.356864084253179783e+02
1.522357340685454119e+02
1.322106594310273806e+02
1.292474094315918762e+02
1.523449579791268320e+02
1.338030459267211825e+02
1.433036538366487775e+02
1.338741506179188718e+02
1.529942451210953323e+02
1.504729190618696180e+02
1.317285765350265478e+02
1.335553487810438753e+02
1.371026257185220913e+02
1.543530807496065904e+02
1.354883093009171375e+02
1.337348205427630603e+02
1.506369203168151500e+02
1.623119451140090632e+02
1.544968970399885961e+02
1.487959098356334664e+02
1.374270389255231635e+02
1.356990568365237095e+02
1.522644976322933417e+02
1.554023943234359990e+02
1.547780176734839586e+02
1.353458342374531469e+02
1.555471555103927983e+02
1.551887166464629217e+02
1.568607340037437723e+02
1.578474946344343834e+02
1.599580418484272855e+02
1.538070896326592845e+02
1.577213109097332335e+02
1.530436995624124563e+02
1.509401274361245271e+02
1.562312113829933082e+02
1.511280056031320385e+02
1.535273791947692814e+02
1.522917554303045904e+02
1.471861289478256936e+02
1.536959441867638816e+02
1.535473454715390744e+02
1.491889381455069667e+02
1.506559486001947334e+02
1.548372354797758419e+02
1.516069480981875017e+02
1.512918098249949139e+02
1.540945814320612044e+02
1.504955546348071778e+02
1.511333348031583910e+02
1.525542098973165821e+02
1.370954950540780146e+02
1.361625663565039588e+02
1.529432033718150876e+02
1.527063759996772774e+02
1.526174379997506207e+02
1.523473936975850052e+02
1.554143211317717714e+02
1.467422531975113884e+02
1.338848427467844431e+02
1.580209206877339909e+02
1.318287291010014997e+02
1.337678510917863548e+02
1.544099370184167128e+02
1.359431558803559028e+02
1.358979193237371135e+02
1.366058189697805574e+02
1.320388367223340538e+02
1.357293668525045973e+02
1.385182627126403077e+02
1.355753333268368124e+02
1.483559718165877257e+02
1.346783146350674372e+02
1.552122403651675313e+02
1.567532680848690632e+02
1.355422377807313410e+02
1.347706987967614509e+02
1.558536955012041858e+02
1.538010510469663643e+02
1.573386543212618562e+02
1.547636560599705717e+02
1.572968129101725197e+02
1.381499238245726815e+02
1.588142769042018188e+02
1.618759871506888430e+02
1.547352514908128001e+02
1.339371123407831305e+02
1.553008376327053099e+02
1.639860790311863639e+02
1.540746972635388374e+02
1.560450463671527928e+02
1.645929241636011966e+02
1.510781280581370538e+02
1.605614336334773498e+02
1.602442214347828440e+02
1.562998382361585357e+02
1.500166841610424626e+02
1.522276678483105741e+02
1.543265976537767301e+02
1.338967785368971875e+02
1.547056896694849115e+02
1.381445213997561439e+02
1.559000249548272450e+02
1.561281543744156011e+02
1.462695719672640280e+02
1.368763694228594829e+02
1.555388421281293176e+02
1.560404396362976911e+02
1.416560189006117128e+02
1.582922116515113942e+02
1.576697820322359291e+02
1.574443371875688342e+02
1.396419310675220800e+02
1.366601982075012813e+02
1.542131942879831854e+02
1.563881398567141332e+02
1.564545889899618771e+02
1.465706736001583863e+02
1.539215720708239132e+02
1.560779057594834853e+02
1.442274721773992496e+02
1.542960708188671219e+02
1.314265485398582882e+02
1.348644647874549491e+02
1.677795623068570876e+02
1.569425811977334604e+02
1.345076119042913376e+02
1.387343947775796664e+02
1.379644496133936116e+02
1.391947540139819921e+02
1.530430970610120198e+02
1.606680405267426863e+02
1.607905312488047684e+02
1.584516829680949854e+02
1.642846777676765839e+02
1.576426660319711459e+02
1.358341073875390634e+02
1.360223583468094546e+02
1.345085324235745929e+02
1.556579026345889929e+02
1.393447836103038640e+02
1.619516447494624458e+02
1.376288030453663964e+02
1.596356136341418903e+02
1.572448407550004674e+02
1.572714262620835939e+02
1.523943387592648264e+02
1.350563467973744309e+02
1.592815635972239079e+02
1.389621664087600550e+02
1.339878157087123327e+02
1.378774549226859847e+02
1.450545521657285803e+02
1.556744557470220514e+02
1.562863030453366662e+02
1.537865315878935633e+02
1.534847699228004956e+02
1.606141743612661514e+02
1.533106603357472011e+02
1.556652561291798236e+02
1.549652515028497817e+02
1.581625911333456429e+02
1.557402891637134417e+02
1.568614165641549221e+02
1.601940880675095684e+02
1.376132390056970962e+02
1.547308840198864743e+02
1.553284787941376237e+02
1.477679437390652595e+02
1.602196035736374142e+02
1.338630119516367358e+02
1.527085265612771821e+02
1.504155157623322339e+02
1.373663116817332934e+02
1.489777402428472897e+02
1.542449885757150412e+02
1.583404104827727394e+02
1.563257637640107305e+02
1.545821908076629256e+02
1.351332511793495996e+02
1.628966550142751828e+02
1.300162736736976115e+02
1.553465838787154496e+02
1.625592010968098862e+02
1.578457758698277758e+02
1.543296123568252369e+02
1.469451542817977554e+02
1.466300851407861217e+02
1.502198830420633726e+02
1.537855734770706704e+02
1.380160327598982519e+02
1.392256198691795532e+02
1.363614529966455393e+02
1.372833265084850325e+02
1.578221301872608251e+02
1.598151385779257794e+02
1.588771990741768150e+02
1.451913670991816332e+02
1.495690948945488685e+02
1.586444528722433063e+02
1.461839246227275453e+02
1.559189565532531958e+02
1.639425226044743340e+02
1.682573682884755044e+02
1.536574032891815023e+02
1.565646933669231373e+02
1.763041336721238963e+02
1.604554743432245516e+02
1.553442030994805521e+02
1.530945591798993348e+02
1.566095589147046496e+02
1.563442855404233285e+02
1.591017910060325562e+02
1.543930822200878481e+02
1.621541150024702631e+02
1.513024462851655016e+02
1.533282798190910796e+02
1.526049736205076783e+02
1.549092603671714414e+02
1.582883597881592834e+02
1.394073719696356761e+02
1.563280515121572876e+02
1.395623316081748158e+02
1.559517995409161131e+02
1.590202586543714744e+02
1.582328518705810723e+02
1.563367386759455826e+02
1.498546473128914727e+02
1.541018260935516651e+02
1.561242511304613174e+02
1.558976000426090138e+02
1.558765027679715729e+02
1.580913534822724387e+02
1.522608530670850655e+02
1.549299231716005067e+02
1.582714655461705888e+02
1.351295834374567448e+02
1.598844189662716246e+02
1.603551636053999232e+02
1.360292741213898182e+02
1.534180271592386191e+02
1.336025151979824273e+02
1.329841076421146511e+02
1.551080199204042174e+02
1.548273382245051266e+02
1.527974725890347543e+02
1.591981652367244067e+02
1.537346928092853204e+02
1.345382134158792553e+02
1.559005063572903964e+02
1.572371541658513650e+02
1.519050249313776249e+02
1.548970575493344768e+02
1.393822954292785994e+02
1.563922403981865159e+02
1.526378759447500784e+02
1.513290097587627088e+02
1.516931374705110613e+02
1.526588458441935359e+02
1.142376781805726864e+02
1.567111552393616591e+02
1.345169991261317364e+02
1.532423835653574429e+02
1.397844233412843664e+02
1.411213973751099786e+02
1.391120273632796227e+02
1.538391329037904427e+02
1.377445563241346349e+02
1.576623487406892821e+02
1.538969188399801737e+02
1.552815795811945065e+02
1.399912034796861064e+02
1.558944627055825265e+02
1.608701020516340350e+02
1.439507908690639510e+02
1.480983604892364269e+02
1.395670582837772713e+02
1.543764945909659048e+02
1.442562671478857226e+02
1.503290975130401534e+02
1.343039125162016774e+02
1.596619344359097568e+02
1.454881449776888758e+02
1.557595441315891946e+02
1.514215635355346024e+02
1.572787503216839866e+02
1.547594857450297354e+02
1.435885540385275760e+02
1.548616215718054718e+02
1.362331192521087644e+02
1.566837645954023230e+02
1.559944310983526066e+02
1.553218969926302861e+02
1.567499218437792194e+02
1.357452662273759074e+02
1.551687225682394455e+02
1.572567905387272162e+02
1.574005224508402137e+02
1.566811274757695855e+02
1.557417805391437753e+02
1.631582389535340667e+02
1.408505408952121343e+02
1.562758114892824892e+02
1.580031940762290787e+02
1.216877089654566220e+02
1.370878454503041723e+02
1.592862553331465847e+02
1.577810219125638014e+02
1.362878145832540895e+02
1.555011542385384189e+02
1.598418888163166400e+02
1.378428784805315956e+02
1.378049339222200445e+02
1.322736285647829675e+02
1.358296574040715541e+02
1.278687117074702257e+02
1.541437214770400033e+02
1.327133511849625336e+02
1.338777736232577240e+02
1.267859675658857839e+02
1.245784736289458010e+02
1.586156336794550157e+02
1.372919744885437581e+02
1.603770204244411275e+02
1.433422552831126495e+02
1.407324482897698488e+02
1.471567751800042743e+02
1.272078450541014973e+02
1.122508747832588369e+02
1.292497552304295709e+02
1.509832545617618678e+02
1.336862555856823462e+02
1.374187014924430343e+02
1.637130314514362794e+02
1.589498802407523215e+02
1.338709577286511205e+02
1.364024474685585346e+02
1.342401109195729703e+02
1.357886981753992757e+02
1.369789190167136326e+02
1.316233223373600936e+02
1.361261992769199196e+02
1.540060120189814370e+02
1.417503344857331342e+02
1.446407064516548076e+02
1.348283122926823125e+02
1.353038303328330301e+02
1.347379569684730711e+02
1.330818399236539449e+02
1.691548718620013858e+02
1.395725030086903189e+02
1.353488329928869689e+02
1.333559770571636705e+02
1.583653868160615446e+02
1.547331035309499043e+02
1.340085430924797265e+02
1.367664341151913447e+02
1.363564161917306023e+02
1.330492992318108918e+02
1.357699395644694675e+02
1.330485776424081337e+02
1.576287098008877194e+02
1.342343478485777837e+02
1.386354224379433049e+02
1.323625562101669573e+02
1.388226567326582312e+02
1.339978847847343673e+02
1.360210590939947508e+02
1.367725690236443086e+02
1.343712919160595902e+02
1.323415153083826965e+02
1.452142736400517435e+02
1.391126360805087643e+02
1.372521360669890100e+02
1.537202750520513348e+02
1.359553269202867796e+02
1.327721106170981216e+02
1.348318815796034471e+02
1.323260526192746340e+02
1.621961729732159085e+02
1.409591862222856093e+02
1.224123623702557779e+02
1.517445035645850169e+02
1.319930640656064043e+02
1.347351777405250743e+02
1.429520017995985484e+02
1.395434490571878428e+02
1.323038740450102182e+02
1.386376174698387729e+02
1.618078027997912898e+02
1.351108982438699968e+02
1.378570292478039221e+02
1.681839390537629981e+02
1.374487736555047377e+02
1.366379514224836669e+02
1.437285125984551826e+02
1.626312436429729473e+02
1.503806710570439691e+02
1.347905364771017958e+02
1.636574368003272753e+02
1.338290124187349761e+02
1.375885160680445551e+02
1.600835815588063440e+02
1.358252186379000364e+02
1.380180012476114371e+02
1.571197314858350182e+02
1.659797172280481732e+02
1.419385328443366348e+02
1.363773288233458629e+02
1.635034046331694810e+02
1.383051534602284960e+02
1.357125531086863361e+02
1.430211659320870581e+02
1.358630317878703124e+02
1.632767014919702433e+02
1.658021651743627274e+02
1.645383778478958732e+02
1.380021349270616327e+02
1.374576212191485638e+02
1.587689023279009746e+02
1.618590891515137287e+02
1.360671926250092838e+02
1.353965190786521759e+02
1.381247512408890543e+02
1.574385964926985366e+02
1.375000510311509458e+02
1.354094344143936723e+02
1.627541284326167670e+02
1.354942579573003911e+02
1.527294656724570814e+02
1.344968195365386237e+02
1.338583771986781130e+02
1.618447908302022711e+02
1.320995610717240822e+02
1.341390371899383638e+02
1.572364795979218570e+02
1.374791915394311275e+02
1.373980279813484913e+02
1.325548498884923276e+02
1.552580373594584557e+02
1.243754780991796025e+02
1.338666495241837993e+02
1.556601850222900794e+02
1.361436229609661837e+02
1.477617910494552689e+02
1.358957286154644066e+02
1.347337197718100867e+02
1.604317305362943387e+02
1.610961901932846843e+02
1.386111661711458680e+02
1.636254050906730981e+02
1.601492677102716016e+02
1.628735367159835619e+02
1.390911219855412639e+02
1.625699604390913464e+02
1.382472168447487206e+02
1.362775399024042713e+02
1.342181538718241995e+02
1.334183266583511909e+02
1.372443241472538489e+02
1.378201598524703115e+02
1.327445722758899649e+02
1.342860620418089468e+02
1.379571699721728351e+02
1.373189491454766653e+02
1.425046537586075885e+02
1.350789404410635939e+02
1.553762680317959735e+02
1.356012716349941911e+02
1.416044485695029493e+02
1.358483790549239814e+02
1.415560098521070813e+02
1.546233953248957107e+02
1.345041825322415718e+02
1.291284497102369357e+02
1.355425427117406514e+02
1.405105427146786496e+02
1.363785889298915208e+02
1.392562079325017521e+02
1.474019236284359522e+02
1.340573772252218134e+02
1.315445729803296615e+02
1.391272671907045719e+02
1.349402363290776066e+02
1.381649236503102429e+02
1.645812624924903673e+02
1.598347782617018424e+02
1.377662925567151717e+02
1.286105339986755212e+02
1.593823032765550920e+02
1.295164748782336801e+02
1.348538192014360675e+02
1.637141359987633962e+02
1.287031101179952657e+02
1.618557240578246308e+02
1.652039694897463562e+02
1.634705979414818273e+02
1.327555716654717060e+02
1.385817823660922556e+02
1.385817823660922556e+02
1.346236785814161010e+02
1.397745299498053271e+02
1.544292257716955135e+02
1.683238246290714812e+02
1.449534620044713620e+02
1.383954584639402015e+02
1.326291671122075400e+02
1.420213330336285651e+02
1.351919326648486788e+02
1.354561537927374104e+02
1.382078117694625234e+02
1.338280232066438771e+02
1.369269826486253407e+02
1.412119140607555607e+02
1.371534301584769082e+02
1.284644580581128253e+02
1.312176457687250490e+02
1.598585775210066799e+02
1.345550014523994946e+02
1.356139620142373303e+02
1.295469470030702439e+02
1.625655414125278639e+02
1.457130938556364299e+02
1.382544091182728607e+02
1.358915189069099370e+02
1.320496541467602754e+02
1.437836631287400166e+02
1.393502256291002084e+02
1.314406218694588233e+02
1.379881431998718995e+02
1.360616767979421127e+02
1.318102840520737118e+02
1.349459227247190256e+02
1.347029744841013326e+02
1.356460035415844914e+02
1.619277715171645013e+02
1.588242093397498138e+02
1.388798527047152618e+02
1.355187163215670409e+02
1.349564239180199934e+02
1.599528962288721630e+02
1.574849246620525207e+02
1.375480127192617488e+02
1.556095798536912582e+02
1.363041939907687663e+02
1.404250106219420786e+02
1.324613164288296332e+02
1.308860307398421696e+02
1.382887979667359275e+02
1.367543270187278495e+02
1.455358601540313259e+02
1.364459554731801916e+02
1.360752241091387020e+02
1.600950397296902850e+02
1.401074659626898153e+02
1.363174213010277924e+02
1.340614290720848203e+02
1.424934059302502760e+02
1.645527631621571629e+02
1.385545995129732546e+02
1.631392436160527666e+02
1.629210671072998764e+02
1.341168337100842791e+02
1.632018540956345021e+02
1.382365022606163905e+02
1.392151501912651952e+02
1.347545592002768444e+02
1.358692798520380336e+02
1.411555544910136177e+02
1.425592527752438912e+02
1.377762511085886104e+02
1.348248565359188831e+02
1.376377772340104002e+02
1.420922837249778183e+02
1.378582403928436975e+02
1.367818829467027513e+02
1.586275288592088089e+02
1.601216236549426810e+02
1.343834575602674875e+02
1.368626731355514039e+02
1.612863511556266189e+02
1.293526172215359509e+02
1.460273547754324568e+02
1.312169458337519359e+02
1.418233658451816552e+02
1.572461953782309934e+02
1.358312225228338264e+02
1.382579079784849512e+02
1.368156427890137650e+02
1.358466914576318345e+02
1.441697583424842435e+02
1.361903966966604003e+02
1.369318616440597793e+02
1.376430310675630722e+02
1.442219027816874473e+02
1.392469636905264281e+02
1.385295646995670324e+02
1.352715350380496204e+02
1.349828332235264554e+02
1.340667630915973803e+02
1.370486057186247990e+02
1.375467194822913370e+02
1.283785305851179999e+02
1.389511699672843008e+02
1.354444524109442796e+02
1.333461284472424495e+02
1.303801162185256430e+02
1.228780387405919328e+02
1.329798757105730544e+02
1.573900739267575943e+02
1.364283547187711747e+02
1.354693847255722972e+02
1.387504024328658261e+02
1.363838166976379398e+02
1.361085679040780576e+02
1.412554141184016316e+02
1.426724451666532900e+02
1.398621385003675073e+02
1.388527836607818244e+02
1.349610820676770118e+02
1.356933750866632238e+02
1.344541189771191796e+02
1.422303864977796195e+02
1.392421494360652332e+02
1.363633152690910322e+02
1.324805156132812272e+02
1.294565619490145991e+02
1.374290945331517548e+02
1.391726005890765236e+02
1.337903444189118147e+02
1.367137926629507945e+02
1.553788925444864333e+02
1.380756916913152565e+02
1.362495711298386993e+02
1.410851909547067180e+02
1.324042219060258390e+02
1.373617732111871419e+02
1.378361832940812519e+02
1.361294543665518688e+02
1.314620874558037826e+02
1.317615775135979277e+02
1.310160444707208285e+02
1.342073409936503765e+02
1.576741900169525366e+02
1.339698432965434733e+02
1.319188365242916916e+02
1.301418504490122245e+02
1.357969736906629805e+02
1.466243879787531341e+02
1.371090146280621980e+02
1.346296274167632419e+02
1.299347476675828261e+02
1.352052195339727234e+02
1.415480738802069993e+02
1.363973187034504519e+02
1.375379931061026184e+02
1.342177793694016543e+02
1.276380837216804736e+02
1.373024029949190208e+02
1.309754175602029704e+02
1.346868702868471814e+02
1.460111964272984437e+02
1.395802074614573769e+02
1.283683454622718614e+02
1.612032935026222731e+02
1.553335787166060982e+02
1.299040517784936242e+02
1.356488279414311933e+02
1.345545228230025145e+02
1.309477121255006864e+02
1.357030211477853641e+02
1.289250255775371841e+02
1.607194974742982083e+02
1.307773310372143101e+02
1.268839101574442338e+02
1.354429303959344111e+02
1.319411282119595228e+02
1.297770609519618290e+02
1.367737920288795976e+02
1.256915988780663156e+02
1.353204176467763205e+02
1.384031044497579614e+02
1.347599113037762777e+02
1.343986639088761308e+02
1.356528386816307261e+02
1.577215060891464589e+02
1.373528037415312326e+02
1.372020395093137495e+02
1.341656238641223524e+02
1.628914631180899448e+02
1.616022731793190133e+02
1.351715994541899022e+02
1.623056707133384862e+02
1.332099472495636121e+02
1.439133862095134191e+02
1.335882685836379835e+02
1.601879142612812643e+02
1.343572173397971881e+02
1.347319092859750640e+02
1.351558695845612590e+02
1.435528746169368901e+02
1.421241455369822120e+02
1.396705657444135795e+02
1.551770041621404630e+02
1.333139108011001497e+02
1.315763807471809059e+02
1.313504106265848463e+02
1.366134503078083071e+02
1.366864347668089863e+02
1.387300883934298099e+02
1.389792958228202053e+02
1.360116619024191777e+02
1.546335697226766683e+02
1.730476626909534730e+02
1.349270700004200876e+02
1.339128252365156584e+02
1.432400378386292630e+02
1.573147914105887821e+02
1.581596154380940220e+02
1.500500505916459417e+02
1.327130347159472308e+02
1.307677265392076436e+02
1.325568445167594405e+02
1.414023122040474334e+02
1.285962219682583623e+02
1.348256896902441895e+02
1.252813872197532987e+02
1.326335855190847326e+02
1.522499626637122958e+02
1.443798843116942408e+02
1.360458884813538134e+02
1.355267556117671575e+02
1.368615616915487578e+02
1.491907948575822616e+02
1.326774928035683558e+02
1.588478440054401517e+02
1.346174952717079236e+02
1.349959848542543170e+02
1.364706196950494359e+02
1.505760997274915098e+02
1.607710403514359427e+02
1.594837531954141809e+02
1.373383041446655284e+02
1.362886123643556289e+02
1.351924125825030956e+02
1.373562462113941649e+02
1.328625215765992493e+02
1.372704159773094830e+02
1.366469362403849175e+02
1.362173509401251579e+02
1.620836529372858195e+02
1.626816888030342909e+02
1.407959097806501632e+02
1.377984463668480259e+02
1.382997538818321459e+02
1.588395736807510445e+02
1.366153271281440595e+02
1.337002509186053487e+02
1.422711728473490496e+02
1.604841165891380115e+02
1.375538835166478862e+02
1.341723854260688427e+02
1.366595108761504775e+02
1.349349529989036114e+02
1.406891129885518410e+02
1.327847427852275075e+02
1.341946753510424060e+02
1.474018884231064135e+02
1.328131292987024494e+02
1.377477429200582719e+02
1.371517589496861831e+02
1.324129544224227288e+02
1.351161082929978647e+02
1.382676781627330911e+02
1.518641567543936901e+02
1.330278606239702128e+02
1.327932810327525317e+02
1.426705709164735367e+02
1.378751240363091313e+02
1.284134593473523296e+02
1.358241376785224190e+02
1.334525334059785848e+02
1.363595118780197026e+02
1.357526152579873724e+02
1.374821922066585103e+02
1.332247454609504018e+02
1.355405136417868732e+02
1.365978256087910836e+02
1.384214066706778681e+02
1.382361998266924843e+02
1.329955832015673707e+02
1.298230064976639255e+02
1.356529538043745333e+02
1.372701686966921386e+02
1.372271488590607191e+02
1.330540331837909207e+02
1.393616830844809442e+02
1.314975537753080914e+02
1.343528842013133442e+02
1.387973843338568543e+02
1.379137686294846219e+02
1.435015511996704447e+02
1.368598630207803240e+02
1.358612752101908541e+02
1.389822270122447776e+02
1.370196566823859712e+02
1.402904522202360340e+02
1.418802083166928583e+02
1.405334046291904713e+02
1.307417550960730068e+02
1.336601286883643240e+02
1.335320211366900480e+02
1.392291769405630362e+02
1.404162960078729157e+02
1.343463412803505435e+02
1.383008985581084573e+02
1.349239215195628958e+02
1.379753369515889858e+02
1.386094315439592606e+02
1.601829909606938429e+02
1.346371367009834898e+02
1.341893943477468554e+02
1.231853420076691918e+02
1.334092142652651489e+02
1.372402986314079385e+02
1.513249280457615953e+02
1.214102039643427702e+02
1.377513681838232742e+02
1.278871316474891842e+02
1.374032481893081865e+02
1.358213990243543776e+02
1.593465673355926526e+02
1.636757813545733029e+02
1.396874109434333491e+02
1.630605185549294163e+02
1.464913176490603064e+02
1.386424057327431001e+02
1.602128609115035260e+02
1.366073256666674069e+02
1.333804090182647428e+02
1.293008731469294617e+02
1.335230348573543324e+02
1.368791072391776993e+02
1.402044298540952809e+02
1.332945918642643051e+02
1.281553950835750584e+02
1.433741743729100335e+02
1.383217587187904485e+02
1.612322348212881025e+02
1.344255779606843362e+02
1.544605333628171024e+02
1.314675134543564354e+02
1.437386414309040390e+02
1.449429826385824072e+02
1.355451869621581977e+02
1.466662375333952184e+02
1.312189848412610900e+02
1.885405422081214226e+02
1.826216949908044000e+02
1.159190218194677300e+02
1.826052253624090724e+02
1.318343205471558690e+02
1.509854194875735800e+02
1.223744195887530424e+02
1.481625339143590168e+02
1.367718611796953496e+02
1.690948158584326961e+02
1.872303026411804865e+02
1.767233767925514201e+02
1.441740555384693039e+02
1.772127661754493317e+02
1.852765592662279346e+02
1.844199537361366765e+02
1.841977895192907795e+02
1.879227069179160878e+02
1.811702379480593379e+02
2.120828257722338321e+02
1.417294298338602232e+02
1.341993790568108693e+02
1.725734590507340158e+02
1.310317271180737464e+02
1.298508031951019461e+02
1.546982421863118589e+02
1.734811816537106495e+02
1.802139091795653485e+02
1.687429882485677979e+02
1.765676258266705076e+02
1.791176982392425998e+02
1.808946810587727896e+02
1.240304398001592574e+02
1.853142140633661370e+02
1.707127461961226231e+02
1.674665325988731865e+02
1.437884702257956917e+02
1.362398795045776012e+02
1.693925872796730516e+02
1.235367005452735327e+02
1.609822179101309985e+02
1.685592665306405422e+02
1.167722042621987839e+02
1.847596681065938355e+02
1.709052418717664636e+02
1.798354224398524082e+02
1.763771487905103754e+02
1.690849980747824191e+02
1.592326803422965327e+02
1.806158074559734246e+02
1.766889359358784475e+02
1.869488849843757237e+02
1.861923475412114328e+02
1.946323294193325637e+02
1.371396851659206391e+02
1.353019972052127571e+02
1.411000322705814654e+02
1.513620704826925589e+02
1.607717859639505207e+02
1.172718335453898248e+02
1.785540169033737641e+02
1.821802041277011313e+02
1.597518139899102891e+02
1.789877351917557462e+02
1.154746006064120820e+02
1.687863196155866490e+02
1.333605705858001897e+02
1.894832235178687370e+02
1.835458187217381294e+02
1.863206250396813175e+02
1.719642196793149935e+02
1.330603381166863528e+02
1.825271641652943231e+02
1.774591597536760617e+02
1.689191384932536835e+02
2.030449700625244134e+02
1.881911960919594264e+02
1.820886301480914540e+02
1.747721192569780158e+02
1.562131240315083858e+02
1.985170351198657102e+02
1.728221364103623330e+02
1.828665983967458430e+02
1.599442318620010326e+02
1.492869158358209631e+02
1.872577050814676625e+02
1.607993201615402654e+02
1.403815667431646261e+02
1.785819080875805298e+02
2.189442802500043399e+02
1.512983576765772682e+02
1.608845642406598131e+02
1.699659934789414137e+02
1.894850799788974314e+02
1.993066753338320041e+02
1.985273823500367314e+02
1.991802218922468342e+02
1.653323481922700466e+02
1.699184064822618438e+02
1.973586816638159291e+02
1.979734121979115002e+02
1.969475972643396062e+02
1.970216361877484701e+02
1.736013089736124186e+02
1.970179161086223019e+02
1.960905668720791368e+02
1.556105991760109077e+02
1.940064625187121123e+02
2.122416499254476605e+02
1.947513066762506924e+02
1.960243112165361765e+02
1.978577862417727715e+02
1.962859367361718910e+02
1.970809714499345660e+02
1.987823477218810240e+02
1.966914353064699128e+02
1.960079805789619058e+02
1.936204421611547559e+02
1.820198981811539625e+02
1.898089892258138605e+02
1.762327103160859281e+02
1.841622260687768744e+02
1.736773793442248461e+02
1.206505182581570352e+02
1.686021022911451439e+02
1.648680098113248960e+02
1.841754874714194727e+02
2.055813748880656817e+02
1.428464891450250036e+02
1.415998817339793732e+02
1.800480662853793774e+02
1.167674196423139108e+02
1.804676775363448371e+02
1.821535025592632167e+02
1.902676684152881421e+02
1.088518076572926390e+02
1.231330039375725107e+02
1.853943024907782160e+02
1.794603278113124247e+02
1.826746038341667600e+02
1.741182893474437208e+02
1.691610350814061690e+02
1.647289484517478400e+02
1.953466734034421677e+02
1.207331086074162130e+02
1.507130150620958773e+02
1.345152295605773816e+02
1.768239082729650704e+02
1.804996995094809904e+02
1.508312605135860167e+02
1.377723423699108594e+02
1.547538272245935218e+02
1.834093438464848305e+02
1.699276435457175296e+02
1.836732015294380176e+02
1.604707752716808500e+02
1.830434007636838487e+02
1.908999864566051201e+02
1.885875502650986562e+02
1.599743545344374525e+02
1.142997263568961728e+02
1.540325003495218539e+02
1.168699585391482145e+02
1.862864655461376913e+02
1.821256867115366447e+02
1.361820931640575623e+02
1.616203826290043253e+02
1.782098142440463278e+02
1.870867458270442967e+02
1.950910116757216883e+02
1.510602885644721596e+02
1.837393760796791184e+02
1.835811313492103523e+02
1.846878516118197524e+02
1.721636174552472482e+02
1.115379340242630803e+02
1.503470562699856714e+02
1.502031068986356104e+02
1.790475474365396451e+02
1.814057241710987967e+02
1.864964612078152868e+02
1.888951152163074880e+02
1.365315859018935498e+02
1.153961902766929910e+02
1.524009330442935664e+02
1.575298108466499798e+02
1.866272787779238342e+02
1.813179927067756410e+02
1.770702356120504817e+02
1.685588478744924998e+02
1.758914478892015723e+02
1.560507045361861458e+02
1.508532201102759700e+02
2.182329582297884940e+02
1.418131691983242035e+02
1.908873976496688840e+02
1.270827910252701827e+02
1.302738101744160417e+02
1.357695666336569786e+02
1.852669756342561413e+02
1.910726422877945936e+02
1.323314560798970660e+02
1.388959113948305344e+02
1.604126380053376408e+02
1.852844211839727109e+02
1.400789506589095197e+02
1.513099717864955949e+02
1.517602045789095371e+02
1.759741398621094390e+02
1.878048543414537335e+02
1.867261617578018900e+02
1.769866547585749572e+02
1.410366023525405126e+02
1.972606860408629359e+02
1.166025325054239801e+02
1.721906529926879728e+02
1.745429069532620758e+02
1.641765975762510266e+02
1.753023943126887900e+02
1.644699799506377929e+02
1.940635977760671267e+02
1.227024517123190890e+02
1.782318643755406242e+02
1.088487065037034398e+02
1.982365608499563621e+02
1.909497062392848079e+02
1.899106231139489296e+02
1.861958034504641546e+02
1.401857946696253521e+02
1.565828263738721375e+02
1.852031187488763635e+02
1.866827538614637092e+02
1.506477191664924931e+02
1.839666985145906040e+02
1.418719751687034432e+02
1.872223839081793244e+02
2.032940484715936691e+02
1.592926543277210385e+02
1.823323864482763952e+02
1.490196668166777840e+02
2.067018225461385441e+02
1.574869971905866919e+02
1.558222356336174812e+02
1.341690052428463105e+02
1.880027804897471242e+02
1.884214810826658493e+02
1.878239096097767913e+02
1.870473247594555346e+02
1.606758312420047901e+02
1.700675859672713557e+02
1.188133830572136276e+02
1.877348281694183072e+02
1.979802925309995487e+02
1.779248793857410647e+02
1.779879402352492548e+02
2.095308921684533630e+02
1.682099764181048442e+02
1.803234434691521813e+02
1.801460362549881324e+02
1.483768679726418043e+02
1.946916667163879993e+02
1.812377393897735374e+02
1.831738780335090269e+02
1.846562853989918835e+02
1.381316457851017390e+02
1.848004872629558690e+02
1.737943150090281677e+02
1.687177157009052451e+02
1.826370997671024838e+02
1.846142771704502934e+02
1.416596953163740125e+02
1.233353867489934999e+02
1.697455631405317433e+02
1.252829897381099897e+02
1.929424715338987539e+02
1.919389089950892355e+02
1.882959914449180872e+02
1.939396524713104100e+02
1.712924627869917629e+02
1.813249557134534484e+02
1.947983008674392806e+02
1.896632370813435955e+02
1.840209602155786399e+02
1.554254109069063361e+02
1.789943918485696202e+02
1.850748346083000797e+02
1.303262076562476750e+02
2.220106542932748539e+02
1.757108698622065219e+02
1.650558773049851027e+02
1.775770883671544311e+02
1.800239544018218965e+02
1.795127058041664441e+02
1.848791219268865973e+02
1.218825508831520494e+02
1.678609816662122114e+02
2.183708167735871086e+02
1.785800495858886734e+02
1.784123311743410909e+02
1.985058596215403099e+02
1.639504882918172370e+02
1.794412510997118773e+02
1.853124796083425849e+02
1.824423907859668361e+02
1.774521192032260331e+02
1.964768767061401888e+02
1.414669940980940055e+02
1.793921676572201704e+02
1.781343778377463707e+02
1.450965859838864844e+02
1.856182737913145502e+02
1.715226519622618184e+02
1.936053747932701583e+02
1.679462571984443287e+02
1.591764444061301731e+02
1.308426687879060921e+02
1.873749077608698315e+02
1.914230074539007944e+02
1.885797391353092110e+02
1.821326023271454062e+02
1.638085616804965525e+02
1.660023861972129566e+02
1.803319737174843738e+02
1.416537101356385620e+02
1.874949884569408027e+02
1.712651025599626280e+02
1.565488853304323982e+02
1.458112475589060750e+02
1.948192764518670117e+02
1.392565271115894348e+02
1.583133928429168407e+02
1.423901326055770937e+02
1.665560550103910202e+02
1.477689744138107244e+02
1.650282898654506027e+02
1.885142585129722477e+02
1.875910309454716867e+02
1.355720385386286750e+02
1.866200593729304558e+02
1.625226727192794272e+02
1.451984209432899888e+02
1.939719353399789270e+02
1.852314396660425473e+02
1.778892629867048072e+02
1.797578931268696465e+02
1.454223887172047398e+02
1.864207356447567179e+02
1.597272726363619597e+02
1.404750239423239577e+02
1.884044143096947153e+02
1.396525870233454043e+02
1.688027659858077527e+02
1.406802308252117371e+02
1.831262667957086592e+02
1.560315133550820690e+02
1.841323112309295027e+02
1.909042361594473505e+02
1.865249025024663752e+02
1.818578277037848920e+02
1.749241442102190831e+02
1.400818371962373305e+02
1.370783638107468221e+02
1.843751749543214657e+02
1.880164541747146529e+02
1.753471099428917910e+02
1.757520771708743723e+02
1.160302994196646580e+02
1.879112255445900246e+02
1.499550735278341449e+02
1.860123090689755827e+02
1.534105015143248067e+02
1.719442039075368598e+02
1.766138662869575739e+02
1.768908789239060013e+02
1.828893481712406412e+02
1.466832866617598938e+02
1.767248299089654324e+02
1.817855716731318410e+02
1.842360707675483980e+02
2.053595478363815801e+02
1.781181729212100890e+02
1.704656450390490932e+02
1.320983774522633780e+02
1.727572550434663583e+02
1.774004005046643897e+02
1.627307912871127940e+02
1.246556125551755230e+02
1.827685143469712727e+02
1.599615660356814431e+02
1.738093245354006342e+02
1.647516081567858066e+02
1.913109465734575281e+02
1.593770052541395330e+02
1.537734489262433328e+02
1.906601877334392725e+02
1.914260940023635840e+02
1.902034235654989232e+02
1.714816649947367466e+02
1.540243190985781041e+02
1.847849136094359039e+02
1.456890020487770414e+02
1.558059626105892619e+02
1.568236520765081536e+02
1.500132760448846057e+02
1.462732830579321615e+02
1.544228647518160926e+02
1.565780519796188912e+02
1.532784777900353390e+02
1.824840367079785892e+02
1.861621873080498801e+02
1.862853187502099388e+02
1.559756902624204713e+02
1.925852482355672919e+02
1.441089749674038387e+02
1.980345783437990406e+02
1.423209388147671177e+02
1.912759066966406465e+02
1.403617677196557452e+02
2.051619312285777141e+02
1.705489204333206317e+02
1.807605608945548568e+02
1.809755297686777737e+02
1.821193431607442506e+02
1.709661842608589382e+02
1.116300001472750125e+02
1.829013439433445001e+02
1.156967242438014978e+02
1.863521767682850907e+02
1.858411928433081926e+02
1.657796647523072693e+02
1.409406663641169928e+02
1.845689198442101713e+02
1.766943476078975550e+02
1.904613796609147585e+02
1.316673825457679641e+02
1.808385668577269598e+02
1.522888262263596175e+02
1.529917709972625346e+02
1.820014369532438252e+02
1.961144924999984482e+02
1.701510291253320020e+02
1.863207729332063423e+02
1.613307895275376893e+02
1.712937509697484870e+02
1.881074934262579745e+02
1.360168603806377519e+02
1.511387773134268571e+02
1.886677689939535583e+02
1.884519246590683395e+02
1.754120333547879511e+02
1.856335155857164807e+02
1.821168426195586960e+02
1.462712331441591687e+02
1.772371261417642359e+02
1.824804715446561261e+02
1.742361332800657294e+02
1.551196351751675593e+02
1.579959767899272833e+02
1.821795528642698230e+02
1.402302809605243112e+02
1.538111815004866969e+02
1.881388527496829397e+02
1.807508902492104426e+02
1.524070000292708471e+02
1.505265576567508958e+02
1.557054031169544146e+02
1.830890442168185359e+02
1.717844502449817696e+02
1.325440940782058590e+02
1.619756834113950390e+02
1.900182961072996761e+02
1.534373269476408268e+02
1.737147199587046487e+02
1.338910117865252687e+02
1.831775543188994106e+02
1.503643523365990973e+02
1.653591328995655090e+02
2.139744179383101823e+02
1.542144584167439234e+02
1.678689239742516293e+02
1.819992886507307048e+02
1.179970972610455391e+02
1.490620330351490850e+02
1.780899105126310076e+02
1.709451391420113282e+02
1.607147060016181683e+02
1.785006428702560868e+02
1.775592287927801749e+02
1.538993998398484564e+02
1.800690487279053968e+02
1.460653602029817364e+02
1.191480560106575979e+02
1.503883468674305561e+02
1.822456585386511279e+02
1.549373997358433428e+02
1.570873172767566643e+02
1.848922732494352204e+02
1.778202156077276470e+02
1.540108834837554639e+02
1.446773570666453281e+02
1.674543277806410799e+02
1.315027777650052485e+02
1.618599385075857242e+02
1.523199033698591904e+02
1.792036168166730192e+02
1.666591932919735370e+02
1.197965468568762475e+02
1.769470314596185858e+02
1.678182269884447919e+02
1.511104619683186172e+02
1.856571334785193130e+02
1.780270219709314574e+02
1.861676343875583939e+02
1.671323430008036439e+02
1.345555493700688032e+02
1.834224209262518741e+02
1.085420589406055569e+02
1.792668327971277051e+02
1.666862478656304063e+02
1.705367553097899815e+02
1.560632035941807487e+02
1.544640824538230390e+02
1.769416357971003890e+02
1.901084432556178285e+02
1.675925934857869208e+02
1.366789793315365955e+02
1.136904162187079805e+02
1.748972302636891811e+02
1.833081658507358327e+02
1.842306316781467501e+02
1.702663598816161539e+02
1.672406803331227820e+02
1.851396497226077429e+02
1.862397479159536715e+02
1.330952425633920484e+02
1.852767386557504778e+02
1.563583029496351742e+02
1.524757036259132121e+02
1.796951001132582348e+02
1.533517975417030073e+02
1.327524398849849945e+02
1.819852364945366787e+02
1.775724406397167172e+02
1.208673196507645287e+02
1.757700606919850372e+02
1.352626099393442018e+02
1.788736924250490858e+02
1.643980564115965421e+02
1.230180995912618300e+02
1.832053512361709977e+02
1.814098163545075693e+02
1.526477888509361662e+02
1.608385111023513900e+02
1.671262492224181528e+02
1.843571733570888966e+02
1.109688782996430234e+02
1.228416061653134079e+02
1.188991039175221260e+02
1.807344619767687277e+02
1.828357872201942769e+02
1.909726506711828904e+02
1.919759072422839381e+02
1.431390331723341376e+02
1.692990108958717599e+02
2.022161872150421118e+02
1.719920078368492682e+02
1.918014265856506881e+02
1.857890413150729216e+02
1.332799377789168602e+02
1.387380940137196035e+02
2.053839142104156394e+02
1.813829565686186243e+02
1.731507499710798186e+02
1.795762696168646357e+02
1.691591264677171296e+02
1.636471794363492336e+02
1.492960701776165138e+02
1.492054475475157744e+02
1.847936745092700903e+02
1.201644761389569283e+02
1.853316298684479193e+02
1.275703971804188939e+02
1.848100990120178437e+02
1.818207828935114776e+02
1.767979585995209106e+02
1.299028620109121164e+02
1.696222974751900381e+02
1.688029806789963629e+02
1.846717922579910862e+02
1.564951552745316690e+02
1.544868690819515393e+02
1.843847087389553678e+02
1.857091132694683324e+02
2.015942722270403635e+02
1.722970681311630017e+02
1.651888679399942248e+02
1.456899503476544737e+02
1.153683662685223368e+02
1.881379911775615028e+02
1.069692734942407242e+02
1.687375345354466845e+02
1.378620750012942153e+02
1.792284028343581781e+02
1.781695564748049492e+02
1.851813111661850257e+02
1.708077295614181708e+02
1.659218160935241144e+02
1.601488576180428254e+02
1.769455754344679974e+02
1.448033572064833550e+02
1.759875411713394158e+02
1.086833338034738148e+02
1.558913152130828053e+02
1.814308117396665807e+02
1.893756438313704962e+02
1.835881590313509264e+02
1.839376575941257386e+02
1.550276691494713930e+02
1.681189196966286943e+02
1.985589407335845920e+02
1.879006237266329151e+02
1.844056756990228507e+02
1.702233967151970830e+02
1.738550596573024336e+02
1.484566780957690071e+02
1.880435393382959717e+02
1.873305574419901518e+02
1.555149539906127245e+02
1.868449546299083579e+02
1.162854270637202205e+02
1.874714387109432892e+02
1.699219526340572486e+02
1.794405492602702736e+02
1.570739487160593910e+02
1.163825004102381513e+02
1.881040132881327338e+02
1.347729850113336170e+02
1.808694500999468744e+02
1.805043034445984347e+02
1.755375753278934781e+02
1.711478211047141258e+02
1.982428370562643352e+02
1.198979444584208807e+02
1.104547328548729865e+02
1.553943842506986925e+02
1.625335472848931886e+02
1.495863060537337219e+02
1.779577601060020413e+02
1.787862581839488030e+02
1.897584159905000263e+02
1.216111112887937793e+02
1.122115669098602524e+02
1.167784937615373764e+02
1.595492854521405093e+02
1.816491106341959210e+02
1.519212278477979794e+02
1.736984130422473527e+02
1.907727364023745338e+02
1.777846781874137605e+02
1.755857507252046332e+02
2.124239676766515004e+02
1.780357964617701043e+02
1.630253498497538942e+02
1.560269403445354612e+02
1.319150676284987469e+02
1.971220467946905615e+02
1.810145842354773151e+02
1.498432575224960601e+02
1.421940785878895497e+02
1.395113476936700181e+02
1.705034315395888882e+02
1.902182402093145015e+02
1.348566036671026609e+02
1.603841818338287339e+02
1.910578053773643887e+02
1.901967943666239478e+02
1.731170443726670101e+02
1.385264451885168171e+02
1.838454725690778275e+02
1.330199238570202738e+02
1.654877110254024615e+02
1.999274290035122874e+02
1.445669902711304928e+02
1.401796111704842929e+02
1.146253366992464748e+02
1.445379164904717300e+02
1.709545251068476830e+02
1.935852210072354467e+02
1.681178643259040371e+02
1.831131817030275499e+02
1.586345352573083858e+02
1.759525198538805739e+02
1.757815959124963001e+02
1.956917818418509967e+02
1.546529403558145646e+02
2.156686656214237985e+02
1.846805531243772691e+02
1.797879029857307955e+02
1.585582547800993041e+02
1.334093561303183435e+02
1.935422749571941381e+02
1.313174467898449791e+02
1.951484299272888165e+02
1.530986090517035336e+02
1.117332976792043411e+02
1.136142679383261367e+02
1.794292437772299991e+02
1.898094073284134709e+02
1.730650341932543199e+02
1.924305051305758809e+02
1.858173872342267430e+02
1.447889119810357670e+02
1.933216764177391553e+02
1.790009696462804527e+02
1.789672411599215138e+02
1.620940411686474363e+02
1.178090502337109768e+02
1.813587597022852549e+02
1.207753337376529430e+02
1.585983834860442414e+02
1.756391695015465473e+02
1.795701085977821947e+02
1.810074273472079085e+02
2.229238066925491921e+02
1.639475652529415584e+02
1.741125967441253692e+02
1.780091287061711398e+02
1.554538174374806658e+02
1.721216271127185848e+02
1.128549151651967151e+02
1.568649487202544606e+02
1.841802591677170255e+02
1.847718821858375691e+02
1.751004126493303090e+02
1.164476071834345845e+02
1.383221108313476293e+02
1.840405211055785060e+02
1.579736529392294528e+02
1.563670888625122473e+02
1.755450660328502011e+02
1.747734891938115993e+02
1.451838093613735907e+02
1.227839177015360406e+02
1.762452971451001247e+02
1.172153121929490567e+02
1.283619098894449735e+02
1.679283307191393817e+02
1.439982441293763031e+02
1.665869314774761563e+02
1.822763906858514531e+02
1.705377752840117012e+02
1.682271755518766270e+02
1.716567745330896742e+02
1.867664058500257340e+02
1.917440396486316274e+02
1.244784992734947480e+02
1.746087050565109564e+02
1.812711683967314968e+02
1.531346090295122906e+02
1.477729312600253024e+02
1.866575776452525020e+02
1.799354477985573624e+02
1.449679460539063030e+02
1.780722720295685804e+02
1.663039198265792322e+02
1.584344212586174763e+02
1.323668513908257864e+02
1.476681876304759271e+02
1.721485727813709445e+02
1.771998844967181128e+02
1.799614004258626494e+02
1.849723246869343143e+02
1.740163360430040314e+02
1.845821500424971759e+02
1.803292547465112534e+02
1.815235659588859676e+02
1.873781329115151948e+02
1.754703596227197409e+02
1.893269865225466333e+02
1.821603683382185750e+02
1.827676715456828731e+02
1.540615999938720790e+02
1.124929442094641985e+02
1.113806770945122082e+02
1.213067854906814347e+02
1.844373749029884948e+02
1.204827058626901533e+02
1.872814170379023437e+02
1.831172980441806715e+02
1.511965731999601132e+02
1.779034106728861957e+02
1.871623410355965405e+02
1.764854577211006585e+02
1.759963539598236082e+02
1.765540913878108142e+02
1.890359190937680012e+02
1.866239944303808613e+02
1.856757083450937387e+02
1.868832859719019268e+02
1.848447807037399002e+02
1.687162035885248770e+02
1.845139796049432448e+02
1.388692668267730710e+02
1.279200691963238086e+02
1.811567903880277584e+02
1.819058046549882022e+02
2.015652590471655969e+02
2.011570980432186388e+02
1.687380837516378733e+02
1.861463419111771600e+02
1.667290454840128575e+02
1.867544585966849695e+02
1.490745353080437781e+02
1.880504641484405681e+02
1.869350119455049821e+02
1.778008950236240082e+02
1.423816712979387944e+02
1.491142966053148484e+02
1.422324320010052645e+02
1.678747676155422255e+02
1.729327210007729434e+02
1.825600417383806473e+02
1.855283386565350270e+02
1.842009984005090644e+02
1.857768453391229855e+02
1.704384468341027059e+02
1.633521300049285117e+02
1.659623189942952592e+02
1.806322138913167521e+02
1.839616785783790931e+02
1.840748326476499983e+02
1.865992912470613021e+02
1.465539299484981939e+02
1.303864267410669697e+02
1.869264615817564561e+02
1.880040616517038643e+02
1.832546418470538470e+02
1.898392639189670206e+02
1.474023547030333248e+02
1.557571064106874132e+02
1.878119556164380413e+02
1.424178106373009882e+02
1.835274147889763583e+02
1.740286224025221031e+02
1.759485772947310238e+02
1.845146020218262493e+02
1.858677190068272012e+02
1.848213134105189397e+02
1.787388863476358267e+02
1.196701769409442448e+02
1.864478709347462200e+02
1.236824717433629246e+02
1.475632468192308977e+02
1.736800438803544750e+02
1.584026875558681979e+02
1.769664927963773380e+02
1.414243709457000762e+02
1.586720110580240544e+02
1.512886383331880893e+02
1.855096289555667397e+02
1.871550281521431316e+02
1.858067298249216321e+02
1.804546924380295252e+02
1.734433940373231735e+02
1.864460726556514203e+02
1.867497662904195295e+02
1.866254316324270803e+02
1.886015493455381034e+02
1.864083319737280249e+02
1.651880212226175217e+02
1.878609632475032925e+02
1.781855292466687786e+02
1.737918278429330030e+02
1.576781184410511401e+02
1.804750685417186560e+02
1.463966896627796928e+02
1.944867041282414846e+02
1.579463412801300706e+02
1.333820403425074232e+02
1.353010792476941901e+02
1.453502050762261320e+02
1.491170277562792421e+02
1.486161179615939432e+02
1.273494995048538385e+02
1.812801192601950788e+02
1.870955246676824970e+02
1.875021014232449375e+02
1.875068331714465160e+02
1.800861468862525214e+02
1.670527785600949926e+02
1.597075209838336605e+02
1.871130383412580045e+02
1.874387739359794693e+02
1.874482843048225504e+02
1.800870705504514717e+02
1.860029492264412170e+02
1.764029528317060169e+02
2.032518774750331545e+02
1.791025626785956035e+02
1.667969848794027143e+02
1.899342284317431222e+02
1.694209096901647627e+02
1.931614146988609377e+02
1.455515760368907081e+02
1.394904762587951552e+02
1.873547425710852394e+02
1.873017704151713474e+02
1.412337108193801782e+02
1.844978616244927707e+02
1.856026256009965039e+02
1.498089362130637028e+02
1.870751591606068018e+02
1.811857479538320774e+02
1.905455380588512355e+02
1.768660232885171126e+02
1.125313695356876735e+02
1.866913990932268348e+02
1.865432934033989341e+02
1.868082518837132113e+02
1.869651191710567844e+02
1.978113181517129817e+02
1.872083344240451197e+02
1.881837319823161465e+02
1.860083157947519510e+02
1.868709155094962284e+02
1.886191122091815657e+02
1.868614982553000914e+02
1.870246887107956582e+02
1.443169823180686819e+02
1.718955206710318464e+02
1.915866716203990450e+02
1.870321713771929240e+02
1.433546586149568327e+02
1.660311232963384214e+02
1.991468222047619179e+02
1.475406004207392243e+02
1.656304490837037520e+02
1.673025980633061067e+02
1.568633064807889355e+02
1.474180834607547581e+02
1.107397926342300565e+02
1.813241437982621278e+02
1.052940246008105873e+02
1.468357705209617734e+02
1.151948254001503074e+02
1.670023891282114903e+02
1.791474755347385326e+02
1.831333184484469143e+02
1.679308444892038210e+02
1.606049523049801451e+02
1.765387844529648191e+02
1.477277129977944412e+02
1.598583291723780349e+02
1.381067954230420582e+02
1.483777450596034555e+02
1.463954389883794818e+02
1.468878912904033882e+02
1.397721252219632788e+02
1.657855438906462666e+02
1.497695252490561018e+02
1.879775504241472674e+02
1.545758930967049594e+02
1.526090253222710658e+02
1.849139578571095797e+02
1.859501641155680147e+02
1.808807723745946703e+02
1.700905260661413365e+02
1.955664686227076743e+02
1.348007447418674758e+02
1.806053086100975804e+02
1.351404865792515579e+02
1.665528106171857985e+02
1.340070718299427597e+02
1.766507380940503822e+02
1.677284627815315616e+02
1.770700093183130264e+02
1.823201474065425316e+02
1.659964159436626687e+02
2.164574409340057741e+02
1.948017864328843700e+02
1.857377995229985004e+02
1.786025510343368978e+02
1.325140474038824436e+02
1.885053456099500693e+02
1.500343943506161111e+02
1.803352369255013627e+02
1.106768389916177995e+02
1.896691820035233036e+02
1.295363992885088180e+02
1.723336203320314723e+02
1.470405009664364400e+02
1.801204950020490401e+02
1.127486853620559799e+02
1.797975140648734111e+02
1.734394308113288332e+02
1.499142384738273392e+02
1.121708451958082122e+02
1.518284477776782921e+02
1.808303978821827513e+02
1.422230716349836257e+02
1.566892693736211015e+02
1.755367458044848661e+02
1.387246153403771700e+02
2.016524193109775638e+02
1.869405340335994765e+02
1.413207212001024971e+02
1.379674870050822619e+02
1.785739749899506705e+02
1.355164838187274370e+02
1.754895281314547617e+02
1.174868272771736173e+02
1.496458575873344898e+02
1.831542004222222602e+02
1.998971920955799817e+02
1.976368988916493663e+02
1.377295642378440164e+02
1.376708046210874272e+02
1.645093441545567430e+02
1.709155834488942958e+02
1.746628270482198388e+02
1.385297440358071981e+02
1.797823588301006907e+02
1.814333534525163998e+02
1.508571882553570163e+02
1.792906447336478948e+02
1.328275688821377685e+02
1.466908004456574588e+02
1.785208737365841216e+02
1.859725757483399207e+02
1.373361176846842397e+02
1.930204146264191820e+02
1.850049371465713932e+02
2.056778735488360041e+02
1.833360458471036907e+02
1.374122252556164767e+02
1.790097862057959901e+02
1.190434631630528202e+02
1.426238486457030774e+02
1.790411164564324054e+02
1.821038794084797416e+02
1.826726932916508588e+02
1.424752029813793399e+02
1.721774444098331287e+02
1.584445774278996453e+02
1.730018810226316930e+02
1.400638062019442884e+02
1.863158015088507966e+02
1.796918774127821905e+02
1.875959728178457055e+02
1.816028958632127512e+02
1.832554164353398107e+02
1.617482995028636310e+02
1.683619529011305929e+02
1.852999291721405370e+02
2.034795208933306867e+02
1.762378073151326419e+02
1.880893586420515931e+02
1.331529615684604551e+02
1.836163282113278967e+02
1.577560012896095714e+02
1.772274864374305423e+02
1.720150606664410304e+02
1.824932908334468777e+02
1.828346614508523658e+02
1.247813941892937351e+02
1.652873634852753071e+02
1.192629768345901766e+02
2.060212017052921283e+02
1.581914706654297618e+02
1.441040389783765079e+02
1.671308129892313161e+02
1.594719904152121899e+02
1.567640036191554032e+02
1.120924390695248434e+02
1.739131890725532514e+02
1.523196967091835461e+02
1.574990555081002697e+02
1.471002578639249236e+02
1.855804589207046149e+02
1.381809711942823924e+02
1.814253149876311682e+02
1.853063413504208654e+02
1.670921514093247140e+02
1.791030892126785830e+02
1.909743662418825352e+02
1.828639155439003048e+02
1.529108284613502349e+02
1.675861456516587964e+02
1.829699125457692048e+02
1.537434005417328251e+02
1.847590738996962045e+02
1.617344054095177910e+02
1.160482655692910470e+02
1.721776189049535901e+02
1.834254962369462021e+02
1.308304046757374977e+02
1.409956853259907916e+02
1.881465322843640422e+02
1.898976926971613466e+02
1.576496822284922246e+02
1.829681031118656449e+02
1.426771205433037153e+02
1.776453472886906013e+02
1.808837401143069599e+02
1.344629425754799286e+02
1.794361286779160594e+02
1.588242834556729406e+02
1.846908624683219955e+02
1.938721428064462486e+02
1.768687278492212727e+02
1.561090037751855277e+02
1.573343865036250975e+02
1.650905279697234960e+02
1.569968120873566022e+02
1.517728762474992266e+02
1.583076502326591708e+02
1.575535021814551726e+02
1.605659353833814862e+02
1.608909170567405624e+02
1.538129583978276287e+02
1.594175398536122827e+02
1.574388589648171148e+02
1.570398356479418567e+02
1.496352971392585687e+02
1.291172934215730947e+02
1.559166161620511843e+02
1.803069227843137980e+02
1.735677896005188927e+02
1.805991463416925171e+02
1.800582006306739231e+02
2.200680529763585298e+02
1.857691682023611008e+02
1.772021976154436516e+02
1.657334581727431839e+02
2.046254644190290435e+02
1.750139204789446126e+02
1.496895309187692362e+02
2.043283750776321313e+02
1.544375014938011077e+02
1.546911945733367020e+02
1.150341183439779940e+02
1.791653265993652440e+02
1.484125288450024698e+02
1.279269692564216427e+02
1.528318075756974395e+02
1.543587518400144916e+02
1.572862395644343394e+02
1.780096827094592982e+02
1.709624135646291165e+02
1.685435332181081094e+02
1.690279297498358630e+02
1.823601857816431675e+02
1.857120895015384576e+02
1.532964891156713918e+02
1.786707663208497650e+02
1.828697331136673085e+02
1.684775883756165626e+02
1.711877290977373889e+02
1.561575240215530584e+02
1.796439737234126426e+02
1.820026909872061935e+02
1.885227775030255657e+02
1.685098391290940185e+02
1.858470766844103821e+02
1.879209360734209611e+02
1.520598737853531190e+02
1.840848502993927411e+02
1.827282606667838536e+02
1.971526869423295523e+02
1.721002545146408806e+02
1.675302731211986611e+02
1.507127805161663048e+02
1.879990034438892508e+02
1.715356493044621118e+02
2.066111604598475537e+02
1.510595347272036690e+02
1.654026561178287693e+02
1.670258253860487514e+02
1.733395336836094316e+02
1.833338465304171052e+02
1.864789955882732215e+02
1.938094214672126725e+02
1.826982845170475969e+02
1.766366363279422558e+02
1.666183036875836763e+02
1.676575105741252401e+02
1.914860332990269569e+02
1.394488046718927308e+02
1.833906023403840777e+02
1.984748376694952583e+02
1.140049749372258816e+02
2.046661589146231961e+02
1.710887142706091879e+02
1.259431316370598353e+02
1.882993695085816626e+02
1.511787927790097967e+02
1.680405854470440374e+02
1.516065308686792150e+02
1.691377810483975281e+02
1.861064395000745719e+02
1.514437086192324102e+02
1.385977977052690449e+02
1.286357923963336134e+02
1.781528755135176425e+02
1.793415155524982936e+02
1.966627308248405086e+02
1.859565186374454697e+02
1.676811336412664843e+02
1.644594386304054581e+02
1.737173576461140385e+02
1.716698656883908427e+02
1.688402081040653400e+02
1.050552774077702196e+02
1.515266216635385206e+02
1.425067537585101718e+02
1.680140881507012125e+02
1.615003056479461634e+02
1.629187910836461981e+02
1.762481970239099098e+02
1.720561307924967878e+02
1.427341975985584668e+02
1.461895284535850124e+02
1.834040994078305857e+02
1.517714934052648346e+02
1.364284216484937247e+02
1.467100687881482486e+02
2.077485218917665009e+02
1.418236810336918268e+02
1.873240463735688763e+02
1.862219083107967208e+02
1.848135774010270325e+02
1.842507389031225387e+02
1.268693730461268956e+02
1.803056312965117911e+02
1.850210606965748923e+02
1.391096900171303901e+02
1.190768120039831786e+02
1.190768120039831786e+02
1.654876615659833590e+02
1.891842664365762801e+02
1.535207321411627390e+02
1.581674771381879054e+02
1.949444934789229649e+02
1.689768575099446650e+02
1.499939325979680973e+02
1.756970951248190147e+02
1.870848960163411618e+02
1.804508403280360085e+02
1.829389090403217040e+02
1.867917535803987619e+02
1.838049838913981660e+02
1.163056927803193190e+02
1.813510154151032339e+02
1.552452059765766705e+02
1.569830503264970218e+02
1.829370714813904328e+02
1.204503893167094759e+02
1.871437251981139980e+02
1.841628130743473548e+02
1.869628705347587072e+02
1.703735423938725262e+02
1.810779812906193911e+02
1.770831302463481620e+02
1.855088625255432930e+02
1.565826399780850977e+02
1.366351037820173531e+02
1.782209213926999496e+02
1.875064891570064560e+02
1.331063217418226543e+02
1.594926380699485833e+02
1.182016117208194146e+02
1.822100102478570136e+02
1.742352526360899674e+02
1.547818631084415699e+02
1.886639494449693188e+02
1.859435820430242359e+02
1.793398437722289032e+02
1.333579461461565359e+02
1.781800145157486668e+02
1.422733886629786753e+02
1.496523129860285053e+02
1.748991497959490289e+02
2.091129233002817784e+02
1.706511316679231811e+02
1.226514260953914857e+02
1.822293903862902198e+02
1.911465854405191749e+02
1.665058614698112365e+02
1.875507032701880519e+02
1.802444506863161564e+02
1.617374310984780550e+02
1.459707184730056895e+02
1.220868631430126356e+02
1.848269532090264136e+02
1.853432194150468888e+02
1.473174238758578554e+02
1.773899161329946992e+02
1.480557463276045951e+02
2.020949414932142645e+02
1.882017506763760366e+02
1.865934560487749536e+02
2.017382341456636254e+02
1.830181860899056403e+02
1.285864415770496976e+02
1.987209838385680314e+02
1.650944437163179259e+02
1.686145932352893624e+02
1.652152678780397252e+02
1.686368672686190848e+02
1.797300890775747462e+02
2.076395494229077769e+02
1.854860286750880505e+02
1.734677056610545378e+02
1.844817040999583071e+02
1.970895020118389027e+02
1.500349463468680540e+02
1.561540141609305294e+02
1.274990314719601088e+02
1.692460004061595100e+02
2.149576867394447106e+02
1.738753867830947115e+02
1.379642122644139590e+02
1.460888074077601857e+02
1.337670508582773437e+02
1.191270372420600552e+02
1.494538918924620816e+02
1.274740654047884050e+02
1.840521853121118454e+02
1.797738758661344036e+02
1.581811544866505415e+02
2.059553655522746283e+02
1.542029781108060718e+02
1.775231052033599894e+02
1.520459270198414856e+02
1.262300782839565159e+02
1.868985542092108858e+02
1.875543636427313459e+02
1.887337370720946979e+02
1.822277884835571911e+02
1.725016099536371712e+02
1.771671595625194300e+02
1.159905021869215176e+02
1.764010417716308723e+02
1.754049956961657131e+02
1.821881971167121037e+02
1.811496494798550998e+02
1.531847843956949760e+02
1.731415414553806329e+02
1.445794340120099832e+02
1.999773489356666971e+02
1.592086904154960507e+02
1.804237730507738320e+02
1.685422164420387219e+02
1.854086277906068290e+02
1.842599758370047027e+02
1.758812900396612235e+02
1.739198028138973200e+02
1.405603549146586033e+02
1.716625636595914557e+02
1.173053288305274720e+02
1.651314036789020463e+02
1.514174672278112439e+02
1.922113372349036808e+02
1.448651967033257506e+02
1.823026723532079529e+02
1.531774911307135767e+02
1.798152677223085050e+02
1.390002311427827237e+02
1.396096603551881401e+02
1.311264658732344799e+02
1.662595729123815147e+02
1.159109429384232186e+02
1.569968120873566022e+02
1.742401051715403355e+02
1.719280088147519905e+02
1.204127046524654503e+02
1.612416406251760179e+02
1.680234951975717195e+02
1.468315203131100759e+02
1.860933930490004116e+02
1.145140507371775271e+02
1.384280002970015175e+02
1.372947062597767172e+02
1.828317894874817853e+02
1.539817641106091344e+02
1.593263784079156835e+02
1.687835793030504874e+02
1.660508030608872900e+02
1.464295541956038562e+02
1.837169127096167927e+02
1.851939645469962272e+02
1.801014172306825856e+02
1.401924933691780666e+02
1.764384034383847961e+02
1.858065647843224610e+02
1.857341055110879608e+02
1.797180879451065607e+02
1.828647367278864806e+02
1.656554153134498222e+02
1.412809363827425386e+02
1.892878220705193542e+02
1.519367911553687236e+02
1.922108124964165086e+02
1.461573101256863936e+02
1.807075622646869704e+02
1.782811098607624274e+02
1.698465142013962748e+02
1.823925070092911369e+02
1.273287709642252565e+02
1.615039251632682067e+02
1.609155923053054948e+02
1.423926179294228405e+02
1.539095909665294926e+02
1.739748323168712432e+02
1.392972466241906204e+02
1.829706666179090462e+02
1.689060503391264660e+02
1.510470594489540304e+02
1.428235478914657506e+02
1.854422296266237709e+02
1.772853725090848229e+02
1.573450652753648740e+02
1.816864613719260717e+02
1.633897669352426760e+02
1.581765452192471457e+02
1.864045171370264882e+02
1.726116728525649364e+02
1.878401850097633883e+02
1.756554639798922040e+02
1.902509594019804240e+02
1.484033786224137543e+02
1.918042937402400412e+02
1.743760334248458719e+02
1.646567716084572908e+02
1.667296132639261259e+02
1.847677599198211738e+02
1.856251773141357262e+02
1.586945893211056386e+02
1.825627625099923534e+02
1.888680373953116316e+02
1.844542077734756731e+02
1.242215475936894791e+02
1.723512963554338171e+02
1.918344446663816996e+02
1.441500832164257986e+02
1.484842447849079008e+02
1.568690709925442945e+02
1.864005205438610915e+02
1.806855573005048541e+02
1.395451912212421348e+02
1.877256057549443256e+02
1.563803635803875807e+02
1.776432569382483280e+02
1.671714003856476154e+02
1.958416432027235885e+02
1.477422100071612476e+02
1.938477982553625623e+02
1.731768633979872334e+02
1.800894553263158286e+02
1.743579021383436611e+02
1.857048173438360550e+02
1.855411266695837185e+02
1.856523245537116509e+02
1.550429780557375636e+02
1.765405182506927133e+02
1.466810428944281739e+02
1.491620218220366780e+02
1.806714405826283496e+02
1.768049643993520306e+02
1.621132151151547021e+02
1.505453293715094105e+02
1.714232069010506905e+02
1.794561298010277426e+02
1.540737287825153601e+02
1.777384516750904879e+02
1.844031286582148823e+02
1.886905626668607283e+02
1.427050794465190222e+02
1.688166038083446097e+02
1.781220657295441470e+02
1.792398860892807306e+02
1.457934450175370955e+02
1.823224831519236204e+02
1.862337956535804437e+02
