3.303286285880604964e+02
3.572375632709825481e+02
3.572375632709825481e+02
3.487443430257045520e+02
3.503838685364506773e+02
3.529927303730353287e+02
3.529927303730353287e+02
3.301912396293303686e+02
3.563089582594131457e+02
3.582324486345935952e+02
3.574347570469319635e+02
3.548457506044682077e+02
3.501520468129049277e+02
3.495868792861582506e+02
2.760094135409774996e+00
3.477042802475896792e+02
3.514462549292098288e+02
3.577721462873572023e+02
3.239432358899956625e+02
3.495491214794319035e+02
3.575260401931386696e+02
7.770981841457532679e-01
3.584034280748293781e+02
3.529527224101035472e+02
3.510888970694857676e+02
2.965379355311052567e+00
3.725268990972397276e+00
3.512174472235715825e+02
3.599386921049367629e+02
3.487617076774893690e+02
3.046754816673236999e+00
3.459859228691030353e+02
3.210076758215146810e+02
3.279689801633191450e+02
3.550609135164922350e+02
3.317697817107475089e+02
3.273741301798916083e+02
3.582954555794262319e+02
3.402629348804137521e+02
3.571300868044687604e+02
3.543063358742500100e+02
3.300187251879714836e+02
3.276796333443450067e+02
3.581445929258990759e+02
3.280882522908973442e+02
3.517814151878231996e+02
3.269943671327762331e+02
3.593868022621606997e+02
3.400718217346898200e+02
3.016035844696063339e+00
3.532502860520139620e+02
3.582300240460359646e+02
3.287306030994013781e+02
3.118531074473158355e+02
3.579891752550929596e+02
3.240083523689920639e+02
3.541365145184342964e+02
3.526122385958782957e+02
3.321543062976310239e+02
3.495417644370133416e+02
3.527585569714182157e+02
3.518602203651724949e+02
3.278154647214956299e+02
3.562679598858698000e+02
3.391812402035995433e+02
3.293140370094042169e+02
3.529486872769790580e+02
3.287398322557176016e+02
3.525252050054292567e+02
3.593672421929684901e+02
3.572130220551293291e+02
3.574749367544161487e+02
3.284215655323620808e+02
3.595558552846669045e+02
3.465946677431858802e+02
3.278704948754680117e+02
3.271641219916032242e+02
3.524404839903712059e+02
3.507163104939815526e+02
3.308115915841094079e+02
3.294532292959258939e+02
9.176959509031670237e-01
7.756601375350442584e-01
3.512838867927833348e+02
3.290372757109872737e+02
3.543347108340523732e+02
3.253735158770644489e+02
3.286431947073493234e+02
3.361912550088217131e+02
3.297103690529153823e+02
3.266694532085166429e+02
3.524811591992011586e+02
3.556476588477488576e+02
3.598974970085287168e+02
3.553388837108752796e+02
3.482375899870153830e+02
3.590419007265623463e+02
3.511925635866282391e+02
3.393742855590430736e+02
3.344942322663159757e+02
3.301775706304141522e+02
3.288272232667099502e+02
3.528122085102517644e+02
3.567371756455130480e+02
4.586861965796679153e-02
3.567491600183313949e+02
3.594902780183261370e+02
3.573766154440187961e+02
9.081577623909944941e-02
3.595758186976052002e+02
3.593929070045376193e+02
3.309640259970347529e+02
3.540074778183403623e+02
3.528466951230221298e+02
3.304304628795836720e+02
3.550668796150734465e+02
8.901962505195318842e-01
3.569029515094571821e+02
3.281220723093675247e+02
3.265262429801311441e+02
3.277399003567806517e+02
3.253068033216063668e+02
3.225721019615717751e+02
3.289480913596653977e+02
3.296879418910227173e+02
3.594212218336443811e+02
3.262342394573456090e+02
3.592582975742323015e+02
3.575758220109941590e+02
3.518857656464593333e+02
3.557785965415982901e+02
3.298020812101210026e+02
3.333269841713084816e+02
3.305350085176360153e+02
3.569442842618384475e+02
6.868300203484417610e-01
3.305125772595281433e+02
3.299393363891246054e+02
3.280711483659487158e+02
3.251491879387701260e+02
3.292738735659892200e+02
1.513757264378445599e+00
3.298047116734271071e+02
9.598328125999151528e-01
3.335809110851377000e+02
3.522535216278672010e+02
3.590222881578087026e+02
3.380639586742160532e+02
3.558406030202041279e+02
3.544132943105581717e+02
3.543657034902389000e+02
3.220409992823028347e+02
3.282901110153044328e+02
3.544211302169103419e+02
3.219236290902829296e+02
3.325367157897416632e+02
3.581033968208602687e+02
3.326951040478220989e+02
3.367309501672755232e+02
3.266393512106405979e+02
3.298667578039535329e+02
3.571595015402843387e+02
3.583633967327659775e+02
3.495269520550546076e+02
3.186469242114969802e+02
3.557279656167083886e+02
2.468523075815830303e+00
3.372253711844752644e-01
3.290555612901364952e+02
3.288828898360650896e+02
3.564976367920598932e+02
3.544426926550806343e+02
3.277520014877686094e+02
3.406745889579939330e+02
3.258809750918712780e+02
3.503066418591226352e+02
3.587931546857066678e+02
3.276882899736708055e+02
3.262589381536068913e+02
3.234049991648085438e+02
3.283518438755825173e+02
3.491302409853507811e+02
3.545571343823426673e+02
3.331221869517492564e+02
3.509785841175393557e+02
3.274074031746699802e+02
3.285119538725272150e+02
3.562711769252557588e+02
2.686628272229528047e+00
3.260357041294212195e+02
3.586453865177008424e+02
3.261077562958435578e+02
3.320257755022137758e+02
3.574282839841116015e+02
3.279936487795247899e+02
3.587749764434938129e+02
3.578705541703112090e+02
3.378718904186969780e+02
3.541854745258470984e+02
3.579676706240323938e+02
3.312652937707253500e+02
3.564300313328222387e+02
3.273370716737927637e+02
3.562686213042130703e+02
3.276859014806037180e+02
3.791147323033376093e+00
3.588058461295826760e+02
3.576313067238974668e+02
3.304560409464019131e+02
3.546079291439009467e+02
3.318780802347069425e+02
3.556830236022776717e+02
3.572580227731310174e+02
1.133369536562613272e-01
3.564943770727668948e+02
3.496642365489119015e+02
3.548314993722879080e+02
3.279085108207738131e+02
3.323502775049591378e+02
3.279141560729137836e+02
4.170163555272796252e+00
3.490250196429994958e+02
3.530314422815607713e+02
3.483502189443599946e+02
1.884192139055725246e+00
3.292316815721395642e+02
3.493932959373559584e+02
3.482542008478557705e+02
3.483365076427589884e+02
3.403964123751045463e+02
7.782214052006890537e-01
3.534066180488737245e+02
3.523719761874415326e+02
3.349304615886941860e+02
1.042121829486035267e+00
3.498981994001078419e+02
3.507724501453243420e+02
3.268713479526480228e+02
3.290944386705036209e+02
3.500411960369233952e+02
3.451834619289742818e+02
3.494132619883092730e+02
3.496850902052926813e+02
3.506596503734522230e+02
3.544631676783490661e+02
3.486013822192426233e+02
3.324397471011353673e+02
3.422951535625937254e+02
3.394463121191330401e+02
3.486998694340871907e+02
3.482725552470082562e+02
3.590345448942137523e+02
3.487350942991411102e+02
3.217175291109213617e+02
3.473167011772425212e+02
3.591928420032791678e+02
3.481449734397387488e+02
3.507432295886068232e+02
3.298241246494242205e+02
3.318536050327950306e+02
3.585806566424857920e+02
3.480586846057307184e+02
3.572863854070312755e+02
3.505660641115949261e+02
3.586812848415178223e+02
3.528634633495141770e+02
3.503579185181662865e+02
3.505541528986398703e+02
3.494202768326932755e+02
3.493867389626568070e+02
3.580874603967657777e+02
3.479594804579106722e+02
3.514649205825426748e+02
3.518597119951518835e+02
3.591253069254860293e+02
3.419721621709028341e+02
3.464881490981850334e+02
3.454981033007612155e+02
3.325220729647119242e+02
3.490659836069502262e+02
3.585140430587505307e+02
3.529138781084146217e+02
3.509585767810042398e+02
3.271516484272883076e+02
3.451542210532880972e+02
3.543748678628957123e+02
3.342268057542393649e+02
3.497398607495009060e+02
3.568319177814450995e+02
3.449995213245740615e+02
3.481208724168096182e+02
3.508812482231626859e+02
3.456125212236499920e+02
3.278833122591488518e+02
3.597280732512290342e+02
3.378596225259351513e+02
3.501701923076864205e+02
3.218753546501260985e+02
3.568211331175433543e+02
3.516781783616025336e+02
3.463759198357645346e+02
3.266540982499697634e+02
3.356201502656389266e+02
3.584817706958652366e+02
3.265776826342898289e+02
6.935845759830833179e-01
3.566560982660359969e+02
3.593426344978932434e+02
3.285870200933350702e+02
3.544803378400609972e+02
3.508123000129482421e+02
3.257374021545089136e+02
3.466008694325153101e+02
3.528398686437303695e+02
3.268005527207751584e+02
3.506019050451806720e+02
3.270557199561377502e+02
3.258376835277238115e+02
3.554640521645566196e+02
3.442584175321944713e+02
3.523135939497337858e+02
3.246844554209218927e+02
3.251451984685637058e+02
3.458491234338028448e+02
3.559335900590332358e+02
3.295259048433421185e+02
3.275193279939983313e+02
3.303275941134740492e+02
3.558790149307190518e+02
3.535308925612234248e+02
3.306523988463093815e+02
3.553626474310241861e+02
3.578517520824098028e+02
3.271027627802047846e+02
3.333212195933239173e+02
3.549285431598876244e+02
3.510114218402506481e+02
3.566790101131936126e+02
3.284558728181831952e+02
3.493350064962996839e+02
9.943416666247753000e-01
3.310747560087424972e+02
3.506110533547691830e+02
3.547718424244087032e+02
4.051131538738682814e+00
3.315413718793687394e+02
3.534246672851216999e+02
3.591674866119401486e+02
3.590040926661247909e+02
3.312506553597389711e+02
3.513497050082818873e+02
3.372002746636632082e+02
3.570984973009856276e+02
3.588062829005847334e+02
3.283331914355800336e+02
3.280473693362615677e+02
3.455566054890619512e+02
3.265355965334699704e+02
3.575311144682864892e+02
3.287634296153896116e+02
3.272597047484255768e+02
3.498760164290544026e+02
3.570773493993197008e+02
3.568785998300309643e+02
6.662548684526498066e-01
3.595299469587723138e+02
3.511663986602799241e+02
3.506961345304937367e+02
3.430968790109178030e+02
3.497905359039468181e+02
3.577612335025424386e+02
3.552887747398333431e+02
3.520243537399730940e+02
3.450995206375695830e+02
3.585368595407231282e+02
3.302323008500558217e+02
3.555902143830927002e+02
3.522262391222515703e+02
3.563012386512591547e+02
3.567914364715589954e+02
3.317876901418252373e+02
3.480731793726901060e+02
2.694181106059065467e+00
3.598858072433969824e+02
3.520436741322308194e+02
3.566740715533143771e+02
3.491975334748225350e+02
3.395571334312361955e+02
3.556259776403377941e+02
3.531747062163353803e+02
3.565070583066645895e+02
3.549763287765612176e+02
3.576476518436159040e+02
3.565605260350394587e+02
3.251083812591076594e+02
3.291309942009816609e+02
3.585054463513441760e+02
3.994674366095244622e+00
3.292921443101309364e+02
3.561635601443257428e+02
3.583809684456321065e+02
3.570051038010836919e+02
3.562282987399917715e+02
3.591893774328605105e+02
3.499213242294777615e+02
4.125892811045581254e+00
3.545055822306520668e+02
3.544235545486976093e+02
3.507399250517763676e+02
1.413077107464578708e+00
3.552513308222961541e+02
3.983022727866057267e+00
3.253681147738711275e+02
2.408997727666825739e+00
3.575181199108482133e+02
3.546525159942724486e+02
3.587691141000428843e+02
3.504492036849255214e+02
3.533892182808742746e+02
1.237131309621130271e+00
5.579120094285758974e-02
3.256409152248459122e+02
3.587629208090818338e+02
3.256817357008295630e+02
3.486729221395976630e+00
3.572548101369313827e+02
3.310362855023009843e+02
3.564208349644108011e+02
3.543971171260543542e+02
9.917305669114793165e-01
3.580258366841341626e+02
3.304550561792335088e+02
3.392996750716292809e+02
3.440215704283909304e+02
3.246805457168130147e+02
3.531507171418074336e+02
3.184500454530129421e+00
3.511508776954374245e+00
3.509503843907372698e+02
4.014798542366300182e+00
3.497122662661493564e+02
3.568739116371967839e+02
3.479309034444937652e+02
3.493731291192719937e+02
3.595381129473107080e+02
3.284094004436505543e+02
3.442550904124164504e+02
3.397945326494236156e+02
3.281888393455637924e+02
3.269084682022386801e+02
6.547360673882942628e-01
3.585237030051013676e+02
3.515327846164016137e+02
3.354328385825278360e+02
3.583719621021828630e+02
3.397859465055551027e+02
1.890174732691070503e+00
3.454814097877944619e+02
3.355009774251770978e+02
3.382012342036042583e+02
3.592390415862025179e+02
3.510970592795205221e+02
3.287209803921111302e+02
3.595389708278968328e+02
3.316497542053195957e+02
3.400375062348632582e+02
3.394049389273984616e+02
3.497472207365512418e+02
3.380227951788267546e+02
8.775055615001816633e-01
3.594136443154360450e+02
2.922645221261815323e+02
3.021097636175079515e+02
3.254165101505564621e+02
3.376563957437962245e+02
3.456718730539309377e+02
2.927594603504032875e+02
3.553268053506584465e+02
2.877992278297202802e+02
3.021825096203268686e+02
2.930238251565459677e+02
2.952934884260074000e+02
3.178913312293200875e+02
3.071391638677755509e+02
3.364465303601280652e+02
3.571318121268987511e+02
2.903232890506262152e+02
3.046332576821648672e+02
3.372166187185621880e+02
2.969444521023329457e+02
3.367089916281169621e+02
3.358804008605195577e+02
3.260084440076770420e+02
2.933566537987968559e+02
2.956220368467667186e+02
3.156765537931011067e+02
3.143823537298770816e+02
3.063825356547342267e+02
3.026462891931370223e+02
2.955519528552218844e+02
3.221817761245284828e+02
2.901709188558702408e+02
3.561846663733020932e+02
3.105717598542246947e+02
3.220464703923255456e+02
3.178845213270793693e+02
3.385276616033240771e+02
3.397231458532383499e+02
3.162263047462789132e+02
3.531036632449989838e+02
3.531018166323873970e+02
2.920744309689248439e+02
2.989712729976992591e+02
3.206503067152339099e+02
2.882694089569152993e+02
3.093746300294232014e+02
3.223879609323607269e+02
3.193143814944285168e+02
3.049211233671668424e+02
3.069091540720093576e+02
3.488620557791262513e+02
2.891467609730847812e+02
2.961988914158386592e+02
3.434272665802998290e+02
3.908271409893443238e+00
3.009794208085263563e+02
3.211410955215270633e+02
3.468024658914542329e+02
3.088811780346684372e+02
3.513483841804373355e+02
2.925395095456492527e+02
3.379926959835609068e+02
2.934723477452455427e+02
3.205007222705475556e+02
2.982468624604371712e+02
3.360116455175152055e+02
3.170384427912665615e+02
3.400540883531403438e+02
2.942071924371971363e+02
3.015096245276668583e+02
3.171760225948980860e+02
3.448943162203372594e+02
2.933834363608433478e+02
3.197193022049065689e+02
3.360807968627298123e+02
3.373352219330463981e+02
2.871257837005907732e+02
2.919549865065770291e+02
3.210618897859717435e+02
3.041626388384166830e+02
3.016715466463007829e+02
2.941467818363656761e+02
3.306190599199547364e+02
2.923827035057179842e+02
3.103153510452175396e+02
3.003243272267881139e+02
3.263858940126763741e+02
3.394750338548043374e+02
3.051875181582142318e+02
3.389988536360708054e+02
3.387710168164996958e+02
3.441512036565276844e+02
2.887117045850405361e+02
3.207622694831571266e+02
3.324993532779175212e+02
2.898665991724917603e+02
2.927446285771237626e+02
3.355086875349511502e+02
3.276248949603091205e+02
3.175530432945264465e+02
3.103421116507754505e+02
3.345062779499986618e+02
3.251121788114857054e+02
3.243023338413827901e+02
3.097062485282497164e+02
3.152236010262250261e+02
3.231207987612302759e+02
3.188857489307554260e+02
3.100679644194108278e+02
3.108914037689911538e+02
3.065557304878832383e+02
3.089315842621722936e+02
3.141244412228230658e+02
3.121304391003585579e+02
3.311883711239894978e+02
3.096937907381938544e+02
3.106542509919551094e+02
3.105372958604480687e+02
3.113479765044913279e+02
3.116567350789289321e+02
3.116347477252357407e+02
3.219596662897938018e+02
3.107104314044223088e+02
3.098714926624802501e+02
3.113723488687706435e+02
3.116743264810941128e+02
2.909629811728522100e+02
3.193505078767163923e+02
3.154649088672298944e+02
3.445228576692239812e+02
3.227970543312103473e+02
2.988807794535268272e+02
3.188626841391493372e+02
3.055854014940186971e+02
3.520448710023791250e+02
3.336184896388565448e+02
3.067126383070138331e+02
3.074675567000150522e+02
3.568764850653263920e+02
3.175057467375489182e+02
3.516751283880245182e+02
2.888544928242039305e+02
2.929241282922328082e+02
2.993658352072977777e+02
2.915189703084206485e+02
2.987991064608101510e+02
2.923545666719417113e+02
3.207571474598148029e+02
2.994248838004298818e+02
3.314987737755886315e+02
3.498259740953337769e+02
3.496664870341999176e+02
3.068439374424343669e+02
3.059224659748540489e+02
3.367862352375871069e+02
3.344141903144263210e+02
3.504205662500827430e+02
2.898668328695378023e+02
3.029959588509124728e+02
3.210476020879819998e+02
3.061558192718915166e+02
3.374504059262948772e+02
3.045657299490255809e+02
2.900763952799761682e+02
2.929362329373994953e+02
3.343616413982897484e+02
3.055967268125062901e+02
3.312543372323284530e+02
3.519669197415172448e+02
3.120673457783451568e+02
2.985329805462947661e+02
3.405451094333887454e+02
3.261853859986829320e+02
3.511858027436147154e+02
2.952953305745302828e+02
3.052065567838440074e+02
3.250478408212264867e+02
3.338113995476209652e+02
2.926313269914330704e+02
2.937166321056106426e+02
2.879909810625140381e+02
3.341946833084018067e+02
3.342299191935732097e+02
2.912607560559125659e+02
3.536147250057180713e+02
3.201305817177810695e+02
2.879338573326842834e+02
3.384541900564252046e+02
2.901452952822897942e+02
3.444002998731925231e+02
3.380597915871528585e+02
3.335499647300058541e+02
2.955827174454689157e+02
3.265645045272706284e+02
3.022199545569537804e+02
3.087098111180300180e+02
3.345091396577755631e+02
3.175836303843370843e+02
3.015195414101649476e+02
3.305238710472858656e+02
3.351732451949378628e+02
3.555710417212357584e+02
2.932135941702314881e+02
3.380200536624335541e+02
3.421298242257229845e+02
3.404252862939086981e+02
3.091036655745726875e+02
3.384766409817054296e+02
2.911870848934856326e+02
2.945029811768556556e+02
3.415429033861952348e+02
3.188082356695833823e+02
3.433791737987119177e+02
3.560331961217982553e+02
3.558356316782874842e+02
3.075777975760382219e+02
3.060410768362162912e+02
3.047288602093594250e+02
3.559089739613403367e+02
3.242850638277478765e+02
3.472632295562588638e+02
3.181645627663129403e+02
3.407972952940459663e+02
3.175067171852764432e+02
3.183959719835609121e+02
3.128642902692006373e+02
3.299091512124041401e+02
2.944345187431933937e+02
3.195062492026377754e+02
3.005034302845342609e+02
2.892547049132008965e+02
3.063558867847428360e+02
3.077431093451651236e+02
2.929358627620354127e+02
2.937604126202560337e+02
3.033486014745502644e+02
3.118029964371980896e+02
2.928068891113882160e+02
3.377626184869891404e+02
3.247890347693560784e+02
3.116961757688436592e+02
3.153454822049599215e+02
2.955518977690026077e+02
3.353253135960223972e+02
3.482247553537386580e+02
2.993780906384381524e+02
3.087272919828964177e+02
3.060556851191161627e+02
2.949273435126498271e+02
3.241151521841335921e+02
2.836134262918758697e+00
2.906002030750699987e+02
2.893179687134762048e+02
3.263128383589751706e+02
3.515861935490110568e+02
3.220880694181959143e+02
3.079222320620680193e+02
2.976667658737426905e+02
3.205433323010798858e+02
3.203427658200916994e+02
3.124168282158648253e+02
2.968422984517479790e+02
2.888471525119919079e+02
3.009884638132224381e+02
3.415034506179014215e+02
2.972804068167340574e+02
2.908873219469949163e+02
2.942993716822533656e+02
3.224734599225456009e+02
3.076597638978489613e+02
3.470756065050395591e+02
3.478736614042426822e+02
3.205846201271423297e+02
3.158664798065292985e+02
2.896712494571646630e+02
3.109169909623791455e+02
3.478472702349360475e+02
3.232163298187657006e+02
3.129150950128430964e+02
2.916995335874603938e+02
3.189088949099327124e+02
3.051881463471412417e+02
3.288195130232049905e+02
2.937770386841086747e+02
3.127268576293166120e+02
3.016925940759321634e+02
3.461793628038930137e+02
3.203186854922769271e+02
3.433568087912658484e+02
2.924514264115705373e+02
3.161370415238482678e+02
3.146169955590104905e+02
3.456816165594729569e+02
3.062909173971527821e+02
3.235371203171916363e+02
2.888659783268778369e+02
3.197160722761228158e+02
2.929115644930996609e+02
2.949654972979279250e+02
3.493959360736884037e+02
3.513871231428262263e+02
3.191755363642921566e+02
3.102189883056211670e+02
3.078965957830831144e+02
2.971940715979143306e+02
3.059406598782451852e+02
3.253213742389833101e+02
3.119607701522608068e+02
3.351902866857212757e+02
3.421139889953723241e+02
2.958667510655770911e+02
3.044087539899613262e+02
2.907036725052270185e+02
2.984130597230964668e+02
3.473669783261695443e+02
2.900909604507849622e+02
3.363574661453184831e+02
3.014385729859068306e+02
2.967303722036696740e+02
2.980904851305357965e+02
3.160916809721294953e+02
3.210351416301054996e+02
3.290037393047956584e+02
3.197993405654566459e+02
2.905724007014940753e+02
3.028741364733105570e+02
3.236097266217967103e+02
2.907259706589924804e+02
3.016681972278356625e+02
3.026092419408538490e+02
3.390834481689946642e+02
3.021928467825018743e+02
3.299941390659253102e+02
2.999275448381790738e+02
3.210873819468525880e+02
3.370244159497204919e+02
2.954996101767236496e+02
3.278517116709247148e+02
3.112057087332077572e+02
3.375123789410491213e+02
3.232204142464428287e+02
3.528833264886864072e+02
3.194313287068467844e+02
3.292255540879435216e+02
2.956705729043905535e+02
3.085240563092170305e+02
3.564120808898032919e+02
3.154165584908151914e+02
3.154440937594725938e+02
3.004233061803129203e+02
2.897667648687179280e+02
3.032036142266151728e+02
3.012800137453958769e+02
3.510001993226815671e+02
3.015015219977914285e+02
3.099701581858821555e+02
3.450710622905763785e+02
3.254446590434489508e+02
3.124060738034183942e+02
3.035669283068555728e+02
3.416013828155898295e+02
3.248340956583989509e+02
3.200521209514073462e+02
3.217948287268894774e+02
3.009118158114573589e+02
2.972318578254500494e+02
3.233209299260824992e+02
2.908549717370725034e+02
3.334100877195215844e+02
3.127491333266960396e+02
3.141474893080182369e+02
2.975008962157824612e+02
3.032846987166961981e+02
2.988340361775427141e+02
3.429380082632028461e+02
3.135501489362575285e+02
3.180748282521772694e+02
3.396270573036062501e+02
3.221881735162035625e+02
2.945432551679542712e+02
3.406474593020697057e+02
2.912958355469252183e+02
3.549537155227803851e+02
3.351631190362036250e+02
3.028154101721270308e+02
3.177346784977776224e+02
2.986745911850445054e+02
3.209314698792368858e+02
3.185901324402254318e+02
3.213739155516961432e+02
3.486808179122949127e+02
3.525406703865497775e+02
3.380735252831904631e+02
2.886449652595291582e+02
3.090040706260433581e+02
3.070556070468038001e+02
3.306501762244931228e+02
3.060361720417636207e+02
3.055113155530711992e+02
3.168774376549467320e+02
2.953734351719419919e+02
3.392986668757602047e+02
3.386626776348940666e+02
3.248802513106676315e+02
3.525379941473499912e+02
2.946232722959716739e+02
2.914589370787064126e+02
3.201541752439876518e+02
3.126182677687287992e+02
3.081565261945065686e+02
3.583559871086451381e+02
2.941988370698336439e+02
3.016927099150501022e+02
3.540648192000107883e+02
3.125101944925590374e+02
3.234392628080413488e+02
2.932841742679319168e+02
3.046021848046737546e+02
2.981324129729340484e+02
2.929269620873256486e+02
2.908284591098885130e+02
3.037067353473642015e+02
2.975778575075586332e+02
3.183186757791943364e+02
2.987333073407640995e+02
3.307412715246078392e+02
2.982085217136176425e+02
3.373090885600888100e+02
3.077024507540845661e+02
3.040631048766852587e+02
2.959534440733073666e+02
3.122016057838866914e+02
3.233087776057167844e+02
3.031311888893554283e+02
3.025254187209535530e+02
3.321810186494598724e+02
3.390255610664901269e+02
3.233725939036767159e+02
2.946026211728921567e+02
3.468878466379082965e+02
3.233002723785152170e+02
3.372368749448114613e+02
3.310135025926120420e+02
2.933305327355712393e+02
3.182985000067305350e+02
3.340895253044027413e+02
3.422002738956260259e+02
3.206700760262144740e+02
3.080193166724879461e+02
2.943403462907150470e+02
3.494791479459331072e+02
2.902261861020509173e+02
2.980048663983851611e+02
3.114411905054135445e+02
3.071164123536369743e+02
3.074347983691527588e+02
3.351851304970833212e+02
3.370586286671068592e+02
3.355038083884528533e+02
3.476259506236527841e+02
3.367761042515621739e+02
3.195703279730422537e+02
2.941324966912121681e+02
3.098948416508712285e+02
3.341768204054035323e+02
3.271998816196551729e+02
3.153892084998180394e+02
3.146568458770981920e+02
2.945201649249576121e+02
3.436734996053080522e+02
2.957127068510952199e+02
3.446769755290395665e+02
3.055874967664228734e+02
2.896774399306495411e+02
2.968093182858461319e+02
3.480355723694508470e+02
3.195327131944148960e+02
3.194545560300156808e+02
3.185401575801287208e+02
3.224102787250373012e+02
3.494878044773758461e+02
3.349193835245266655e+02
3.466745343097762770e+02
3.412437663622480954e+02
3.410058004201296740e+02
3.311341271502228665e+02
3.205864586564639467e+02
3.032805139588666634e+02
3.136181194890053803e+02
3.405336851989089837e+02
3.383366144270769382e+02
3.032335341829584650e+02
2.868731377682966013e+02
3.196173871159541591e+02
3.402263460596067830e+02
3.196397189553296698e+02
3.381104841614337033e+02
3.227842011989363868e+02
3.418197932616278081e+02
2.904093428853269643e+02
3.464076055009680317e+02
3.021328666005009609e+02
2.919311389608610625e+02
2.944594346240575078e+02
2.906677248998772711e+02
2.887672417617804399e+02
3.424590860401493728e+02
2.975786055897320921e+02
3.367481347232499616e+02
3.433597966652834543e+02
3.569824685314287080e+02
2.965567768155086128e+02
2.908529204517828362e+02
3.327297250674140514e+02
3.295329643311220025e+02
2.980990392268199116e+02
2.965079128662978860e+02
3.073473878451097789e+02
3.352828910908126545e+02
3.545027257953097433e+02
2.913778081843370842e+02
3.132114709322731301e+02
2.949032222704535116e+02
3.445271164976227851e+02
2.878066783016391810e+02
3.350544976173036957e+02
2.968388890855138698e+02
3.003091746499346755e+02
3.498159497304186516e+02
3.171552377185474825e+02
2.937385864906542565e+02
2.953581568415232255e+02
3.051475364150230689e+02
2.969224650722040906e+02
3.017763097673002903e+02
3.212352030714365014e+02
2.910143125418583736e+02
3.300962194878738956e+02
3.401386939748754799e+02
3.396647886057862706e+02
3.044954841497371376e+02
2.900687382581952534e+02
3.433687097046705503e+02
2.896482284927526507e+02
3.159893956998408839e+02
3.286961281832718669e+02
3.435087530620247662e+02
3.069525539729547177e+02
3.126945577855801730e+02
2.955694467507274794e+02
3.339267815155139942e+02
3.137601906154025073e+02
3.517601082452728747e+02
3.099729936628185101e+02
2.938901980233870290e+02
3.070927319943381235e+02
3.133917598699599125e+02
2.962584043444237523e+02
3.038370867859480313e+02
3.518372946644059880e+02
3.177270826941904716e+02
3.396212459466410110e+02
3.005614969185256200e+02
3.042366471231057972e+02
3.372810833938935957e+02
3.194309457197876441e+02
3.374984189383400235e+02
2.932496192568304423e+02
2.969548916152854758e+02
2.900113761156790133e+02
3.265780697539847779e+02
2.881022451459208469e+02
3.002419005586683056e+02
3.303139652466914526e+02
2.892629104617502662e+02
3.556189887893512491e+02
3.183881453583381358e+02
2.207988656827856833e+00
2.904546549223841225e+02
3.375164852035343301e+02
3.528759349319059311e+02
2.889907441711758906e+02
3.099290109482089974e+02
3.595665974154491664e+02
3.358755994831089424e+02
2.892413111487134643e+02
3.439331305026135510e+02
3.115137622254481471e+02
2.914393972443321559e+02
3.417092432647264673e+02
3.026980669751661708e+02
3.420932170510827746e+02
3.432806774230724614e+02
3.026265814899886664e+02
3.495270791521652995e+02
2.886633808753471726e+02
2.895061867482835964e+02
2.918479354918646891e+02
2.956715746003470713e+02
2.983823321394438040e+02
3.379820097393923106e+02
2.625052148456658241e+00
3.142420456842890530e+02
3.237207007544220687e+02
3.282399692304806536e+02
2.948514313954801764e+02
3.040144484692139599e+02
3.200609968787977664e+02
2.959780716801813014e+02
3.061053597980927066e+02
2.888966293309987918e+02
3.145983552784566086e+02
2.887715871747066103e+02
3.210239802153676010e+02
3.005979961069044748e+02
3.035237319501238744e+02
3.000704400747395084e+02
3.169088957683887884e+02
3.544214356217296427e+02
3.387367235476449991e+02
3.143174856676445188e+02
3.211678864895812353e+02
3.231258440692773206e+02
9.377551610742704824e-01
3.194266517396904987e+02
3.398558662225617013e+02
2.980555814534191086e+02
2.938414575600633043e+02
3.588959263074651176e+02
3.396623616001452319e+02
3.464011697916228627e+02
2.916920310938935472e+02
3.188584313008429376e+02
3.093840612522251945e+02
2.929298514707268737e+02
3.234542998197460975e+02
3.198307128869399776e+02
3.320619098631186716e+02
3.516240017005308687e+02
3.408776010158132976e+02
2.892162110454243589e+02
2.900768402392797043e+02
3.339290347694136472e+02
3.369238779439667155e+02
2.950907000596941998e+02
2.882595090416695029e+02
3.191070427852569082e+02
3.068603168922098803e+02
3.097337050333333082e+02
3.497077816897603952e+02
3.011916258159874360e+02
3.206482804807458820e+02
2.991854169759085380e+02
3.330081137460369973e+02
3.132970609296710904e+02
3.478606612927376318e+02
3.138008446710775274e+02
3.521086713159749024e+02
2.967105077600498362e+02
3.173816404799389375e+02
3.431222962256303504e+02
2.959481544509230844e+02
3.179222272166579160e+02
2.878934210450994442e+02
2.924516586035263117e+02
3.179070778370847279e+02
3.248315695863217343e+02
3.005471731558751571e+02
3.537273164482805328e+02
3.544093288695672186e+02
3.197528640272343523e+02
3.591362712742380268e+02
2.986270223956184964e+02
3.405412443707296575e+02
3.114235731514331178e+02
3.525683743797552552e+02
3.025242749709747727e+02
3.095598363645106019e+02
3.230990977438562481e+02
3.300339789070150118e+02
3.251745740239183533e+02
3.116677257914560641e+02
3.144215440389726837e+02
3.528717913529806083e+02
3.327882055735145741e+02
3.210907542064575182e+02
3.387404697865918024e+02
2.868220405655621335e+02
2.934666624585381669e+02
3.389072499320102452e+02
2.964685601025667552e+02
3.178414012768793668e+02
3.567552902428618040e+02
3.384452270145073953e+02
3.324090025475710490e+02
3.279729913301155761e+02
3.200653203301342273e+02
3.407741806132922306e+02
2.978874866984519372e+02
3.187264826873044399e+02
2.985827551724037789e+02
2.967020890894737022e+02
3.357068584213976692e+02
2.974232972727123752e+02
2.949876379994870490e+02
2.948438481842471788e+02
3.086800081812752978e+02
3.574492858701337923e+02
2.876866292965476077e+02
3.200096189077698909e+02
3.583570559375137350e+02
3.343841097436283007e+02
3.134262681506312447e+02
3.008037790290162548e+02
3.401031960453917122e+02
3.170907730376714539e+02
2.992188196678562235e+02
3.137097465436511925e+02
3.217650286956463219e+02
3.222811009093040866e+02
3.424215574054127273e+02
3.320298449621177497e+02
3.154519893057978379e+02
3.461618394470233397e+02
2.996420650690447474e+02
3.355533554621893018e+02
3.368570040132040617e+02
2.909654566942264751e+02
2.872493281721903031e+02
3.024890061770449279e+02
2.878916768493006657e+02
3.205190915344047653e+02
3.234535357690001547e+02
2.962530288559065070e+02
3.184554324322626826e+02
3.000285783063974918e+02
2.943588634535282722e+02
2.959589414462325863e+02
3.558685653402782236e+02
3.363023338335699464e+02
3.304180190534934241e+02
3.048032982662148243e+02
3.186876259857869513e+02
3.046716801665055527e+02
2.955771767265661651e+02
2.918454022306673323e+02
3.281577781142752315e+02
3.043800044044396600e+02
2.911596157994752616e+02
2.951114093805301195e+02
3.118843172870994636e+02
3.365876973167403889e+02
2.492969270522669145e+00
3.034743603710248294e+02
3.535764546844991969e+02
3.082974724007589771e+02
2.999622147795985825e+02
3.258672013591739187e+02
3.193154626712599793e+02
3.403272294756088741e+02
3.113412696507419355e+02
3.283288375571444249e+02
2.983474861631910358e+02
3.406436101919894668e+02
2.932923292681105067e+02
3.064128007182471265e+02
2.982608049376460144e+02
3.138498536727224746e+02
2.895507800461582519e+02
2.922083058147346151e+02
2.932602351249573758e+02
3.276474073386903569e+02
3.039455565624732003e+02
3.443532938873274816e+02
3.435057423824993634e+02
3.341439535543806869e+02
3.375182641845431704e+02
3.246252446413042207e+02
3.212402084263779329e+02
3.264821858754414734e+02
2.981028943065187491e+02
3.521282111021002379e+02
3.581149337352512703e+02
3.021638287951071788e+02
2.895634017881539535e+02
2.951112364863648736e+02
2.964466317085398828e+02
3.394316624223315557e+02
3.534283524982944300e+02
2.892237546287188934e+02
3.199075564297758092e+02
2.159592735657230034e-02
2.896432293053576927e+02
3.227772169066219021e+02
3.049628797192526690e+02
3.451474860010418979e+02
3.102204733957393614e+02
2.885397098854725186e+02
2.861837324320266589e+02
3.118708621184277945e+02
3.079512207104488652e+02
3.305719507426375685e+02
3.395897985550947169e+02
3.587798966654722790e+02
2.923729829834403517e+02
3.533305189601141478e+02
3.229071407852442235e+02
3.357138651632911319e+02
3.305494877243040719e+02
3.026984565986257394e+02
3.302316331096873796e+02
3.226947110763870796e+02
3.484419751070173561e+02
3.338441640786580251e+02
3.270881443495424605e+02
3.555488238134768153e+02
3.347723612311420425e+02
3.069160679139396279e+02
3.109411698849741015e+02
3.408137169350841305e+02
3.050023535471187870e+02
3.336480505376266024e+02
3.172429132340527644e+02
3.381026518575421846e+02
2.944154536885536118e+02
3.028602266716170561e+02
2.934340732333107553e+02
3.183410387610992984e+02
3.178050104157162536e+02
3.024878231062258465e+02
3.048034732721253022e+02
3.087874614208953403e+02
2.971311870159131558e+02
2.970605624178071480e+02
3.205521096371549561e+02
3.131383370608572250e+02
3.128208950332535210e+02
3.255156985223438824e+02
2.996794075595651066e+02
3.511932691822100878e+02
2.947471475781164827e+02
3.285080084104266120e+02
3.134799666144887738e+02
3.550794094670981735e+02
3.004726526514201623e+02
2.894410288767114707e+02
3.534619718056868578e+02
2.963707264462043440e+02
3.082240141146646124e+02
2.980912225800346960e+02
3.262575770223219820e+02
3.193484612186800291e+02
3.412410876432222722e+02
2.917943490675143607e+02
3.175120796267964920e+02
3.319840642662975938e+02
3.245120762834129664e+02
2.909480484162878611e+02
3.486581844862179764e+02
2.945653103806377544e+02
3.072035565049736761e+02
3.570964584811823102e+02
2.978458670181403249e+02
2.890426906861152361e+02
3.062368814943879443e+02
3.137663071266251222e+02
2.902950009442633927e+02
3.525642935380706149e+02
3.005074448065147976e+02
2.924134665322719684e+02
3.156189759900219087e+02
3.522792545333161343e+02
2.922106986726592481e+02
3.236881148596446565e+02
3.030011296162849135e+02
3.189834835159637692e+02
3.322905488185892295e+02
3.414291519511762658e+02
2.986147603248545579e+02
2.969727474455104925e+02
3.332945031581165836e+02
3.201657431262732416e+02
2.990308765313576487e+02
3.160737123714951053e+02
3.173426911415150471e+02
3.371194044652891080e+02
3.120815309586536159e+02
2.998164109864776492e+02
3.139421306488781624e+02
3.232437521831956246e+02
3.143793405891244106e+02
3.010617588381114160e+02
3.266150721143716282e+02
3.013348819789690651e+02
3.162884997441694281e+02
3.141046545113192110e+02
3.274957569538847224e+02
3.020573541441924590e+02
3.464056542163945664e+02
3.538400320206868628e+02
3.334195217949577454e+02
2.911040349900691808e+02
3.376735669527280379e+02
3.192449879387962710e+02
3.300223196965080206e+02
3.030599076575043114e+02
2.879608167666056033e+02
3.540953187750265556e+02
3.368358588042237329e+02
3.088112315904685374e+02
3.190842656481216864e+02
3.348046818731353369e+02
2.992836305817018570e+02
3.128106156851015953e+02
2.966940635179399237e+02
3.205699138033919553e+02
2.971055021125189910e+02
1.431328161158827106e+00
3.199642828386687938e+02
3.432241758649322492e+02
3.054044971951468028e+02
2.991079061627028750e+02
3.172634078034180902e+02
3.114785586306354048e+02
3.038585006013984753e+02
2.919696077849384892e+02
3.101242922442145300e+02
3.088126217228779637e+02
3.142874471017334486e+02
3.334423821262311094e+02
3.141250977065442385e+02
3.407740375458477047e+02
3.399113628071557969e+02
3.189101809589942036e+02
2.895522623854220683e+02
3.394004211822862658e+02
3.320290357834809356e+02
3.193140031503867817e+02
3.362059210909235958e+02
2.969999579437578063e+02
2.948328431912057113e+02
3.134224584195650323e+02
3.112860642588034921e+02
2.975787365134544871e+02
3.129587812310958270e+02
3.121152103438778909e+02
2.950677967691532899e+02
3.161174408592575560e+02
3.008003918080495964e+02
3.510104042879077042e+02
2.944979079269645581e+02
3.002158834387230399e+02
3.093877977024538950e+02
2.995835051114009957e+02
2.906970573390939876e+02
3.194440479255338801e+02
2.956776220296826523e+02
3.014161251521102827e+02
2.935633848726689621e+02
3.418210996296128314e+02
3.250079272794608869e+02
3.232986946281449718e+02
3.555538075890592609e+02
3.308520668881932352e+02
3.107112126828459395e+02
3.193469533374509410e+02
3.317846523525076350e+02
3.012305623608628480e+02
3.359800229272935894e+02
3.167957161720776185e+02
2.967220126628445769e+02
3.000658532592898950e+02
3.301800412110221714e+02
3.172256275372967025e+02
3.112551929449771819e+02
3.118383306614480830e+02
2.989265620358883098e+02
2.954247703282094335e+02
3.592541033390765506e+02
3.124681382412947528e+02
3.274707062618095961e+02
3.373434673498669554e+02
2.893484664001211968e+02
3.032900448055063407e+02
3.234260083731603004e+02
3.433610308382480980e+02
3.168973851417985657e+02
3.128673688706682583e+02
3.068121173798589894e+02
3.324072319142143215e+02
2.931036806169161082e+02
2.964237607845802245e+02
2.900695654876936942e+02
3.012269734616069172e+02
3.235120491022433953e+02
3.216212571555053046e+02
3.512103335470350203e+02
3.415505416303562924e+02
3.096800554917371642e+02
3.450904216129547990e+02
3.064979209219185350e+02
3.088668731925772590e+02
3.093959099585912895e+02
3.116857732466665425e+02
2.985001620565087705e+02
2.902102837352055644e+02
3.230009833186301762e+02
