7.966345934883580782e+00
5.278463405016138310e+00
5.278463405016138310e+00
5.043353865261673619e+00
8.132494061468280577e+00
7.140037132169371858e+00
7.140037132169371858e+00
7.695386422528295078e+00
6.826966528281345425e+00
1.467655414812927184e+01
9.468659850405410694e+00
7.849924975787187620e+00
8.408419101973182208e+00
9.136617400720224325e+00
8.550583272975101679e+00
1.815295024476312591e+01
1.132782251890786718e+01
1.833447021786463083e+01
1.296351124184716852e+01
1.131209912025725295e+01
8.587942844685944266e+00
1.588576254617785999e+01
1.034022459982917752e+01
1.422067143735268502e+01
1.257349372593021641e+01
1.596956347211938620e+01
1.338288390193439525e+01
1.045034103879656939e+01
1.638814339748802240e+01
1.980580068785766557e+01
7.939058080567840570e+00
1.132484394800866312e+01
1.974119308755409818e+01
7.200223691272316096e+00
1.388425413545627762e+01
2.672848975712265585e+01
3.012058390333843860e+01
1.399805008148625696e+01
1.268264955018770479e+01
8.779702897608704149e+00
1.110283181475550585e+01
1.453558969348205920e+01
1.879546792579160908e+01
1.978043363380633934e+01
1.517138063126668257e+01
1.478379954264090834e+01
1.812140224116164688e+01
1.383045939928583223e+01
1.264103835884477611e+01
8.024052724758837130e+00
1.083957335398097399e+01
6.661188206948737367e+00
1.069660957973130699e+01
2.498191912147191829e+01
1.618116861472459433e+01
9.008302035437452560e+00
1.769277405132557845e+01
9.842388109439594857e+00
1.506595889706383140e+01
1.621412022562759958e+01
1.681880352371845433e+01
1.801674303999543980e+01
8.537892414349398607e+00
1.524024774370369961e+01
1.732096136801544262e+01
1.608411745638343859e+01
1.456015854790112485e+01
1.034772302040764203e+01
1.522870850198522596e+01
1.085275602942303586e+01
1.217092862313431212e+01
2.125142034756290954e+01
1.655755314135253187e+01
9.011483508743410198e+00
1.997732208769720685e+01
1.853307119481035414e+01
2.052941007081833646e+01
2.097638868373353560e+01
1.940702666704901702e+01
1.911985468385562115e+01
1.608625573852194179e+01
2.039469495015023526e+01
1.461188356348081818e+01
1.586396576435983974e+01
5.977883775131235033e+00
6.569582647036108725e+00
1.795347389488819800e+01
1.548961108414387944e+01
1.544019875519598273e+01
1.294092257895501596e+01
1.494397104670994914e+01
1.421969278224230493e+01
2.729048626534306621e+01
1.659215937848438216e+01
1.619229303699992784e+01
5.535649609853344089e+00
1.019148412619188804e+01
3.200883600643062010e+01
1.482017359334522055e+01
1.303024969429181290e+01
1.081941208947167965e+01
2.312513604995474736e+01
9.905385498555252966e+00
1.042385427771893980e+01
1.395988055658127536e+01
8.927020180815228301e+00
8.053907273217461693e+00
1.085710300654693938e+01
1.034202583440552026e+01
1.167065783158734860e+01
7.944739947964762905e+00
9.965464948938926426e+00
8.448319541988080772e+00
1.547460965069432426e+01
1.683201556936661092e+01
1.728138870528789184e+01
1.853052060873909213e+01
8.354141547671162016e+00
1.753635938638466740e+01
1.732469084573910578e+01
1.640958909000611854e+01
1.477385204972067534e+01
1.589032335810668961e+01
1.439534861673869059e+01
1.273650231042861058e+01
1.698657615919784902e+01
1.435242531876094851e+01
9.983893396180846480e+00
7.786340082892712289e+00
8.074482344527332600e+00
1.023503216334579591e+01
8.102339693654156960e+00
8.432740745885807243e+00
1.318201296933403377e+01
9.676028161661278659e+00
1.209269540582861246e+01
8.904921318016684850e+00
1.562621677441622836e+01
9.099486423149137693e+00
1.394235108299820070e+01
1.231688004814301785e+01
1.554193267267561573e+01
6.954594201766149730e+00
7.714242845839484275e+00
1.233115698301310381e+01
1.616909972656151595e+01
1.508023793942842339e+01
9.363993049399311985e+00
1.209619467035678220e+01
8.799342765014536383e+00
1.082536017419874064e+01
8.043856881614114940e+00
1.169057670361742574e+01
1.585455448809469203e+01
1.001892247011619652e+01
1.022425327692679353e+01
9.192515349634456712e+00
1.005965694357517215e+01
1.038088821432961950e+01
1.040076481226960148e+01
1.140407389470933275e+01
1.331020203816972725e+01
1.532398858212598647e+01
1.021670441116385675e+01
1.012603151419521375e+01
8.396307791261721221e+00
6.021908296435522168e+00
6.979650668324090645e+00
8.585995230306753712e+00
6.696457721783678707e+00
9.586014437566696245e+00
1.049455113267955753e+01
1.043465818168844095e+01
1.033904584676025351e+01
1.041295966417691510e+01
5.950516186661815254e+00
5.515785924036910259e+00
5.473963762111218045e+00
6.757310673513566179e+00
1.053138314494744243e+01
1.126071050028171427e+01
8.294130292902949009e+00
9.647592171566820696e+00
1.139208470165059772e+01
1.046761331507474679e+01
8.732361671665156422e+00
7.972826179166625948e+00
7.923666051942040767e+00
6.844631698836355582e+00
6.844294335522253192e+00
9.083506330173030108e+00
8.991652188263829615e+00
6.886716081238263065e+00
6.830853168070132320e+00
5.910579931174551049e+00
5.419047258393621114e+00
6.086479776851612122e+00
7.292455144066314787e+00
5.445650280790226283e+00
7.203416389164111422e+00
6.630997242533663183e+00
1.056565787837753767e+01
5.390461452128389119e+00
6.673291881403621950e+00
7.771037327644416237e+00
7.095242602339105531e+00
8.015930151909632428e+00
8.181337193077824921e+00
7.152765133636380668e+00
4.999559966597836969e+00
7.467920247373121434e+00
8.031745427876735732e+00
8.939791220777911107e+00
7.605328779028889485e+00
7.039147068399976170e+00
6.918489838713812290e+00
7.603115555229401856e+00
8.086334890176495094e+00
7.752535003710131711e+00
7.035268189421602258e+00
8.807015132042629091e+00
8.069233654442712123e+00
8.219514099199081159e+00
6.910036844526884714e+00
1.103518509653255464e+01
7.081766049736415880e+00
8.694222164074547621e+00
1.106494224730672293e+01
1.056483695375423970e+01
1.008511530289865554e+01
1.101937293038936261e+01
9.215411926413628052e+00
9.366570059874286258e+00
7.033762815761381404e+00
7.807339249431873185e+00
1.074503220559834915e+01
5.225953348115520924e+00
8.840014148436353025e+00
9.066771814727715650e+00
1.082219944801029854e+01
1.084829793783490182e+01
1.175248985821464665e+01
9.243101832055526046e+00
1.430581886260792324e+01
5.931993668645660911e+00
2.137490056077114886e+01
1.253739700899263276e+01
1.214533557407589193e+01
1.959836866030044789e+01
1.447953271752316340e+01
1.288964843893753809e+01
1.080976108041036809e+01
8.197929255739826004e+00
8.100108271346959654e+00
2.217592729229732029e+01
6.476053708004002374e+00
6.977612167218700812e+00
6.626228312406578169e+00
1.230104657051240657e+01
1.226525070537324780e+01
9.032784691512963704e+00
9.822230000919310200e+00
9.630884646139993066e+00
1.408080126418455613e+01
1.350208224373959176e+01
7.515319936464552875e+00
1.519856707715073796e+01
1.442325798619882171e+01
1.467790760355717161e+01
1.345301217738651722e+01
1.015505973859215061e+01
1.998440762520353431e+01
1.967179942378315616e+01
1.807555426391100184e+01
9.767171223743673636e+00
1.817112865856458370e+01
1.519890706032700933e+01
1.489243937623382763e+01
1.436001137424151963e+01
1.967871979688443318e+01
1.116901543020244247e+01
1.797587928356172426e+01
1.441695499377223655e+01
1.364953084258796423e+01
1.310196659491978011e+01
2.338823673993134378e+01
1.442610033354158539e+01
1.457093657816349541e+01
1.306169824596533680e+01
1.237284000418335772e+01
9.065377523432106344e+00
1.658516474374804517e+01
1.608361388382928681e+01
1.560981377711874352e+01
1.422864387014679721e+01
7.689945042496786343e+00
1.363192705297927176e+01
2.005685482086304106e+01
1.471811659655310045e+01
1.168820535197667532e+01
2.168821927146328932e+01
1.715964874054307998e+01
2.355583680173407402e+01
2.031655888380023356e+01
6.536897418666658410e+00
1.704665287759009118e+01
7.676229303580503149e+00
2.442321034393692258e+01
1.270357256240194666e+01
1.857297568517603992e+01
2.530958670835024904e+01
2.071477233541634178e+01
1.565805595883537293e+01
9.775616621405264439e+00
1.779655419158526897e+01
2.103943262494182775e+01
6.412275644433282906e+00
8.237787024512686074e+00
1.468489693997008771e+01
1.942400172944122261e+01
1.223631653617860948e+01
1.966186230546312075e+01
1.983740477792886026e+01
1.194831343005528090e+01
1.748779038642664574e+01
1.997145740532117131e+01
1.729118046170268386e+01
7.635793487309232574e+00
1.592471628074794054e+01
1.704820425330211364e+01
2.036803879443491283e+01
1.988436443041139867e+01
1.294555342768289385e+01
2.144819439057665988e+01
2.291038492746556443e+01
1.938895207758396211e+01
1.092173498017791644e+01
1.915976132915304575e+01
1.968314506496874827e+01
2.110528832372932229e+01
1.859981477846485731e+01
1.691943404057460043e+01
1.556906900467411958e+01
1.848048445266815420e+01
2.003416782709074795e+01
2.084596149052426384e+01
2.096708049945649677e+01
1.091858969130334955e+01
1.872043711824023049e+01
1.897113777350396546e+01
2.242367893590247263e+01
2.176683980439227639e+01
2.062265621641673619e+01
9.360490529338788335e+00
1.656580558219342336e+01
1.294842117331528364e+01
1.488249090597707358e+01
1.054859301896533985e+01
1.124313485197147244e+01
2.471728417627286589e+01
1.893508455777788768e+01
1.791614077217107237e+01
1.498303289953498840e+01
1.477734120898446335e+01
1.210589289346518882e+01
1.142406582931428005e+01
1.421026469121185443e+01
1.642290122677640696e+01
6.572417239638483011e+00
1.324685462173728645e+01
1.242687660065733013e+01
1.583607094000361037e+01
1.583245175914582958e+01
1.304248279210488803e+01
1.910921674029297890e+01
1.259196412876365656e+01
4.352402986750836256e+00
1.763108405566984160e+01
1.593649400315946707e+01
1.084856989691865081e+01
1.230287426407230988e+01
1.275018021659570699e+01
1.319827666378303022e+01
1.190141401276652289e+01
8.128456569097558315e+00
5.113996633639819045e+00
5.734370341869094112e+00
1.283299550828557933e+01
1.008397572557653454e+01
9.341663095409261430e+00
8.844081180621843785e+00
1.071908084970582919e+01
9.404495977261053241e+00
1.212597242453018964e+01
1.230925005529303107e+01
1.491147480233980360e+01
1.163267071412684039e+01
1.164482285378074700e+01
1.593828499743507088e+01
8.987527867240350687e+00
1.055247017458095371e+01
9.166688347329998265e+00
8.214993380989241700e+00
1.198008076460630988e+01
1.377285437313474503e+01
1.557708032235280093e+01
1.448043215686756469e+01
4.459597933355125221e+00
6.954180470643212431e+00
6.645559423774725083e+00
7.170185426595914180e+00
6.139904216410347004e+00
1.304762195240900446e+01
1.598255795883250663e+01
1.445724449480175799e+01
7.691024652168187536e+00
7.214886885302119524e+00
8.603215842023651305e+00
5.754400903694580904e+00
5.752326305505925497e+00
9.391517394850863454e+00
8.234406590912904278e+00
9.675065280522538558e+00
6.268781817187402794e+00
9.655185640134789082e+00
9.523401986944241671e+00
1.919139885301927251e+01
7.751917133516624148e+00
1.030128385620823472e+01
8.067204680822404939e+00
9.789176786589580459e+00
9.426302126114837421e+00
8.852100345709317253e+00
1.255692358845597845e+01
1.061418622975226711e+01
1.177493769843881743e+01
1.225339915631564303e+01
1.242565382662538020e+01
9.431345971267189654e+00
8.877287153874220849e+00
7.960456938566313312e+00
8.464349813038797521e+00
8.177904557565961241e+00
6.825426145435705472e+00
6.235462390016081713e+00
9.091495995076170900e+00
1.023566045738053276e+01
1.017052210081774710e+01
7.597255816810260853e+00
9.841538856592316975e+00
9.788314743490486691e+00
1.050159171358881771e+01
8.926382598889068376e+00
9.682123436938612215e+00
9.341022868666172485e+00
9.469900581693268649e+00
9.616372941396848617e+00
1.110675466786866927e+01
1.421106829972349672e+01
1.219755047518414592e+01
9.198012350559320538e+00
1.038203751617402304e+01
1.188951923550196099e+01
9.714459675977712649e+00
1.654595128375675728e+01
1.317312359097549113e+01
1.441182422678516240e+01
1.334753304342206093e+01
1.509323873825974438e+01
1.054841191545697043e+01
6.058477315789819961e+00
5.372916563164330306e+00
7.106299130613585646e+00
2.055292830143912042e+01
1.066770523684585115e+01
9.657549365447060552e+00
5.322536076324332122e+00
7.356398349764812217e+00
1.013099752675466725e+01
3.647973697389898717e+01
1.568449351350871979e+01
5.379237063998335344e+00
8.694143421029265184e+00
1.090233858910999842e+01
1.082715798045009592e+01
2.180618983656303200e+01
1.003789315958234418e+01
7.211920780449595725e+00
1.055467628197171948e+01
7.633956484119551078e+00
1.033417764171996467e+01
1.024603672211076599e+01
1.660787971417632392e+01
1.717014461769926825e+01
8.532969110372786048e+00
8.208165079162004218e+00
7.996325905050230887e+00
8.974183330225310229e+00
1.186282226526954631e+01
1.161057917809417184e+01
6.195206819088883599e+00
1.999876106192987635e+01
1.014317413275625590e+01
1.017771601906667378e+01
1.701275886882949351e+01
9.267964761876282154e+00
9.373187532698802116e+00
1.072123281246070547e+01
8.844585475716248979e+00
8.280900757545428092e+00
7.999917584070374232e+00
1.135977965130748046e+01
9.794697743703203230e+00
9.435275773564697488e+00
7.678275009115887784e+00
2.171909567975708200e+01
1.924415652643576635e+01
1.490285446564233673e+01
2.131350645385538911e+01
1.530121760660538577e+01
6.652965688765778651e+00
6.092353975578979508e+00
1.063315040896017827e+01
2.824612034807735839e+01
1.574230458189925841e+01
1.561351332307834205e+01
2.387016702656135791e+01
1.253909518665850875e+01
1.885445877686828453e+01
1.842861874132304578e+01
1.272591491344219250e+01
4.594222842108091065e+00
2.021093697647965115e+01
1.343438611083354672e+01
2.243667226075934806e+01
1.600038400799276772e+01
2.261801868520298342e+01
1.871367300482967622e+01
1.796037466595714349e+01
1.792609216070503209e+01
1.922307596675625163e+01
1.258316279973071694e+01
8.849896655448294069e+00
1.087872828787860868e+01
1.170236069223369313e+01
2.021833667522343347e+01
3.737631212624729926e+01
2.200619602863753954e+01
7.456614268567230752e+00
1.329050571440031803e+01
2.803020238619697935e+01
9.467714783485947194e+00
9.319828687389103195e+00
1.146984054646245887e+01
9.035113053559571838e+00
2.008151568825000766e+01
1.169150056605194798e+01
2.225918386221528422e+01
8.217286263440914951e+00
4.910964290266400134e+00
7.348758969078295955e+00
2.233916776680531413e+01
2.986115111985964177e+01
1.233212164140554101e+01
1.243174223468300887e+01
1.120337004003273407e+01
1.097339099941594576e+01
8.757536171911752376e+00
7.953655174901308023e+00
6.886505817589694267e+00
5.385984737660990618e+00
4.764523814556237191e+00
8.767341957001180575e+00
1.135612644915323699e+01
1.233388019562114657e+01
1.113323241336346037e+01
1.065415856239168235e+01
1.774577420842291886e+01
1.133569417849734329e+01
8.159337193534417665e+00
2.308129697635148858e+01
1.626602994188527873e+01
1.424747679996970007e+01
1.742409238853635500e+01
1.820046867852999029e+01
1.542458125099528843e+01
1.303796078990399110e+01
1.237016127983861757e+01
1.294640207768041407e+01
1.379323658511049189e+01
1.481824811546695209e+01
7.098782580846370038e+00
1.364372780479254033e+01
1.043847587852227754e+01
9.247609985478341343e+00
9.231255637727729280e+00
1.482093871477495206e+01
1.125817649929887843e+01
2.758273941383999528e+01
1.148279248610717573e+01
1.387981151471090868e+01
2.149183636815483212e+01
2.200943164547626907e+01
1.826252288798058387e+01
1.577363859056437612e+01
1.148435525280572023e+01
2.730159639088767776e+01
2.262385678243959575e+01
2.656552563078449936e+01
1.289000632900219756e+01
2.039690884138390814e+01
1.522814341352343703e+01
1.306233868050128422e+01
1.692956989239054977e+01
1.617188057207426155e+01
1.642968082888798875e+01
1.605764243679918479e+01
1.650287004210907327e+01
1.522750809964815311e+01
1.449583576259379569e+01
2.248734965328119628e+01
1.699058739306368082e+01
1.365548636004906768e+01
2.512222596818516607e+01
2.779533256344823755e+01
1.617479398013683323e+01
1.732337592908456259e+01
1.909304492353130200e+01
2.134308050297764936e+01
2.034270649903123740e+01
8.440103472821773423e+00
9.141472475834758527e+00
1.001006270463561343e+01
9.427306491691327395e+00
6.184882172190959260e+00
2.281052787305270613e+01
8.919411500715636265e+00
1.967236151085687013e+01
1.484086690241446505e+01
1.919714195759875963e+01
2.343339658540114101e+01
2.071233011411454683e+01
2.300461928324881455e+01
8.597033374274371198e+00
3.188813641141322108e+01
2.377673525308748737e+01
2.209461149902042365e+01
1.254050355206729073e+01
6.177926989221934839e+00
3.479783036498326254e+01
2.722864461884874032e+01
1.523443713707328584e+01
1.398026020510841327e+01
2.164593113912055244e+01
9.695266159281503704e+00
1.339495029211163235e+01
1.682049846833589513e+01
2.080411131230766841e+01
2.122743083527075925e+01
1.611475274820023529e+01
1.609355367120799585e+01
1.276937974468629733e+01
2.412415931636652644e+01
1.391470908264093076e+01
2.997713661180389622e+01
1.122828719562197897e+01
2.230665231303306584e+01
1.668726499856914458e+01
3.139998562577658348e+01
2.689815395153971522e+01
1.974721170289916117e+01
1.616989154595599487e+01
1.891567683554327672e+01
1.541558756156990206e+01
1.641869731886872330e+01
1.846169745341501667e+01
2.343868273642844713e+01
1.903332562221931212e+01
1.610495424222348504e+01
1.467960891053719585e+01
2.663738997331875780e+01
1.169684052591620294e+01
2.338394409614583580e+01
3.792937187251238385e+01
2.357953145658452598e+01
1.249375429807786020e+01
4.896920642944235169e+01
1.093130191557544606e+01
4.217641382345163947e+01
2.507476066698872685e+01
1.023989534366829446e+01
2.838015088190371671e+01
1.500283731391667885e+01
1.900803745831023761e+01
2.058629468562571674e+01
1.597442958873086027e+01
1.121314210386143095e+01
1.093273277395813281e+01
2.063542617235118470e+01
1.356359555939765471e+01
1.499484475080670798e+01
2.574034417676437414e+01
2.333583490525032644e+01
1.389483149820101460e+01
1.988083969353504443e+01
1.848967247538277547e+01
1.581039915576844734e+01
1.906868949925262413e+01
1.733863721235325883e+01
1.560587691388345277e+01
1.819330066454560324e+01
1.343065697127915392e+01
2.418566270475222169e+01
1.959145617541384965e+01
1.310205833327004754e+01
1.663420456847225992e+01
1.581528965433602885e+01
2.038014639481238177e+01
1.535441726291627695e+01
2.122316698941235913e+01
1.557223788901978168e+01
2.950282391849875552e+01
2.788136617798813433e+01
3.144864663113924053e+01
2.691938662380715641e+01
5.351996113665106414e+00
1.911770092375136088e+01
3.770424051863652437e+01
1.663121219224580827e+01
1.667891492212032745e+01
3.005305348376622021e+01
1.220179671334286198e+01
1.737628026634536837e+01
9.259644350177266503e+00
1.998960258963042236e+01
1.102955418320566849e+01
1.525965964997807234e+01
1.976927392258894045e+01
1.544990615398084088e+01
6.232970537973256953e+00
1.696562047910021676e+01
2.019207105614533759e+01
1.704554432108795581e+01
2.031672487517513304e+01
1.200411018903625582e+01
2.105522035537634551e+01
8.243410439883996688e+00
7.318719157449785406e+00
1.271513001355057604e+01
1.845981571709901914e+01
1.814222064594404316e+01
2.038593218030763765e+01
6.760179353002691904e+00
1.690204942720325576e+01
1.210446001372637959e+01
2.607901121501013719e+01
2.882066180922244314e+01
2.699513194087116830e+01
2.082180675839014583e+01
2.069782447146975457e+01
1.926365157165567155e+01
2.431468150368617387e+01
2.213802965621674446e+01
3.531844009827744202e+01
1.917537685081580534e+01
2.331177772123718839e+01
1.611570392971378851e+01
3.412525377330806720e+01
6.242384867462877018e+00
1.347341904523712763e+01
1.225033263112599435e+01
1.577248100630243144e+01
2.722268574397703489e+01
1.904947153489352729e+01
1.982153197762465879e+01
7.489347237036290572e+00
1.919100793998660492e+01
2.181872567387084061e+01
2.270432813926819904e+01
1.312808495159608846e+01
1.237382516942066601e+01
1.788733250024574772e+01
1.430114926031888167e+01
1.571721564252797698e+01
6.042987095833621147e+00
1.330976434603894809e+01
1.178703319366732316e+01
1.552062994571454979e+01
1.176258329224250687e+01
1.662238479658037349e+01
2.051063691662787036e+01
1.751630419201836020e+01
1.264326174308254025e+01
2.288228328883691631e+01
2.873762236546592419e+01
1.869194441745571567e+01
1.777199538834896586e+01
1.841311688951254766e+01
2.052244999260291181e+01
2.052036611048278658e+01
1.923828571482258809e+01
2.316481515636820632e+01
1.257816514493725712e+01
1.411615527735523834e+01
1.402159089900300337e+01
9.127737411161746195e+00
2.874648411483689614e+01
1.000823892225226253e+01
1.296746579196117999e+01
1.420055611636733417e+01
2.918354591128733588e+01
3.260851666095133083e+01
1.883299117028488823e+01
1.249463931179748677e+01
1.711942795820767671e+01
1.287642492250899906e+01
1.188412386982751379e+01
2.276203369970840384e+01
1.088132029778038046e+01
2.086748071687354056e+01
1.123732186457960047e+01
1.829417336852583631e+01
1.723687203597197382e+01
6.739037675888486945e+01
1.291174727389907773e+01
1.978743768119478474e+01
3.201090613409199648e+01
1.521605316817903208e+01
3.152848251747538910e+01
1.583834726828382244e+01
5.996917351614205138e+00
1.025612491582524477e+01
8.922925927417594494e+00
2.086681867413762603e+01
1.249202209676419706e+01
6.786928954437575712e+00
1.807666968489395387e+01
8.765942891966084005e+00
7.046243517140057477e+00
6.099688468290296761e+00
6.277293504168196314e+00
7.411144961005736498e+00
6.052871667198115979e+00
6.950866629482077563e+00
7.017505863215760975e+00
7.759120591191951632e+00
1.047169616660667479e+01
8.039869223510466512e+00
1.728913414644017621e+01
1.343102293419598681e+01
2.204704522504784947e+01
7.630483362516349288e+00
5.555161925287149138e+00
6.512997654319266694e+00
1.168631622136797965e+01
5.704398076488076619e+00
6.301787644857265391e+00
2.934595974621769798e+01
1.385823997408034636e+01
1.727992628107329054e+01
7.969187737208916822e+00
2.230034211494625751e+01
1.403682900792303023e+01
2.068280742733110600e+01
8.194885718291722299e+00
5.459988333913349479e+00
2.249858148340096875e+01
5.323584773697920269e+00
7.307081136418070777e+00
8.869018261423210703e+00
1.803877773115154781e+01
9.741313339144159755e+00
7.442851830408741876e+00
2.663286487823885906e+01
8.491934100155926757e+00
9.222084959839271789e+00
8.835594624068702885e+00
1.948114511627845502e+01
1.801953911488991622e+01
2.365332558342055336e+01
1.046220001575905201e+01
1.163186291338688783e+01
9.170199470968753985e+00
9.766047897585691473e+00
2.373613460323937119e+01
1.209216829449077757e+01
1.401430010039433149e+01
9.879382057432758657e+00
9.426206231138664293e+00
1.156420745207149814e+01
1.124466624914524182e+01
9.623074158382506127e+00
1.599351221768386822e+01
1.215855436426967984e+01
1.751894970438249999e+01
9.900743965124952695e+00
2.359965959712392447e+01
9.303819389659000905e+00
9.020415714960032361e+00
3.131360464718857983e+01
1.042162132400093455e+01
1.931379282383923979e+01
1.492439355598678219e+01
9.862464177880982064e+00
1.233133334903908462e+01
1.835333618734405192e+01
1.073846752917487635e+01
2.751707045449780864e+01
2.607016630474348418e+01
1.321316067230355706e+01
5.502286246101444789e+00
1.711775728131474494e+01
1.127204445699181790e+01
1.035638262477991489e+01
1.015936164384915585e+01
1.014305168523994105e+01
1.093328425335526788e+01
1.088427674143416013e+01
7.926018475361158444e+00
1.572431961354785557e+01
1.256411618888592940e+01
2.386803544521080056e+01
2.603039835528772272e+01
8.375515686312150265e+00
6.063642045217479293e+00
1.315596121000017860e+01
5.758650219607535092e+00
5.332198184232498583e+00
1.412739528507399278e+01
5.392483393947872905e+00
5.218658992056141699e+00
9.860923793721916297e+00
7.301510154908865680e+00
1.221176703359301996e+01
5.330715041519190400e+00
1.412424623390602463e+01
1.178958130877032318e+01
7.279561527205525628e+00
9.516618275381190983e+00
7.607777070217268900e+00
2.355491400340513408e+01
9.052655824188478917e+00
1.218238537942360544e+01
1.889531321433499400e+01
1.112677231875668227e+01
9.147915124640627837e+00
1.057035426240214271e+01
1.009386497893781787e+01
7.993345408519417106e+00
3.321375040501567355e+01
8.764332727872833573e+00
1.692992247818031615e+01
9.112640553610155791e+00
6.750813912452430898e+00
5.687681964431132720e+00
5.770893101943619818e+00
7.294936973291244797e+00
1.409733319128452855e+01
1.864322410438358446e+01
1.209462005238442117e+01
3.300902358773054601e+01
8.073867583038822460e+00
1.544216182360323053e+01
9.599740197739871306e+00
9.714095919226290121e+00
1.479581832819141063e+01
1.639799564090403550e+01
1.064708105254114123e+01
1.049464337344351605e+01
3.148035395107184797e+01
1.198792756654948732e+01
6.252459696007313106e+00
9.650890372090200842e+00
3.150438149067786853e+01
1.026132847831789263e+01
3.124238994738881914e+01
9.051097955466724798e+00
8.381430308512241467e+00
1.227642215401308512e+01
1.081421251113684612e+01
1.718585773512893766e+01
2.413507475559720561e+01
1.669028178564865073e+01
1.119054033999228892e+01
9.753454038529302039e+00
8.225075797816360890e+00
6.859167143131532640e+00
6.538591343301843217e+00
5.311539475884313966e+00
5.830699127617299027e+00
7.831467689033742907e+00
6.531322664673179901e+00
1.994841008200600641e+01
9.421437244973500214e+00
1.513245039809479309e+01
1.062896254817831121e+01
1.099083072777980519e+01
8.648792775676961142e+00
8.267726209023940953e+00
8.082838365363906874e+00
1.735050255661496266e+01
6.334822857386234851e+00
5.361034897577618530e+00
5.362709655444745316e+00
1.386260630155771878e+01
1.101985439940399658e+01
1.171170795032151624e+01
4.950931143768477760e+00
4.863264438297757231e+00
5.227123986818228651e+00
5.588453131838805987e+00
1.691794116695134775e+01
1.235875697142976115e+01
2.993033448466855972e+01
1.316427615971476328e+01
1.036228382446299356e+01
8.856071478655875850e+00
1.499067183392156188e+01
1.590179911072419827e+01
4.291329926536193717e+00
1.032445132058184178e+01
1.151378961057630157e+01
1.151818475719339041e+01
9.391403243384571553e+00
6.506997184482469443e+00
8.224188545098794378e+00
6.047809280614545813e+00
9.484470358239233789e+00
1.642143557684052979e+01
1.441718645187335213e+01
1.306794242851501231e+01
2.087798764527000372e+01
1.851531055880253973e+01
1.840545789453824099e+01
1.334021544524751413e+01
9.618938769974846537e+00
9.186840248615341764e+00
5.766923342991089108e+00
1.043800223379897396e+01
1.169575933417040758e+01
1.156855282848750299e+01
2.049648022589820684e+01
1.409545667710525407e+01
7.521745973132755836e+00
2.203831103720055395e+01
1.336289099077389686e+01
2.805352340586178173e+01
1.129382843474673948e+01
1.331794985702802947e+01
1.039213947081185907e+01
9.527479524738259542e+00
1.915746846920476543e+01
1.722178275915353041e+01
7.652175247151246751e+00
6.872776684731605634e+00
2.239184802528658125e+01
1.265607353196310925e+01
8.725970272537480810e+00
5.765924198487050845e+00
1.398282968033754337e+01
5.658180021636275647e+00
1.091012400390533621e+01
8.895046966980860503e+00
1.167940072597085255e+01
1.975497186350821721e+01
2.443093141071363306e+01
3.530263736940050734e+01
3.779507422783511572e+01
1.000256591320543009e+01
1.596944649695748275e+01
8.524471529743005149e+00
1.260053783242858749e+01
1.968158700158081587e+01
1.943872644729055210e+01
2.466543313324087094e+01
3.075099324723320748e+01
2.104399700142629470e+01
2.771281917734561517e+01
2.202502292736787837e+01
1.952474483576677855e+01
8.960044074372353506e+00
1.728769821553427377e+01
2.525083153106978173e+01
2.528029074891656691e+01
2.830396977818185533e+01
1.914285542067999302e+01
1.492742415228855180e+01
1.199593860710505133e+01
1.607388888859905762e+01
1.430415190705173245e+01
1.233427292539289155e+01
1.367819785090793872e+01
1.426321916237786347e+01
2.885646664875809719e+01
2.486037739455646545e+01
1.505648342371175730e+01
1.286395380706824021e+01
9.072336967823442677e+00
1.397604160042917698e+01
2.488440263278046061e+01
1.257584306568053911e+01
3.658596960554774569e+01
2.567288309306436034e+01
1.337002706940366004e+01
1.405112093304141041e+01
2.989898511580258855e+01
9.981443361210439846e+00
9.646519007144645386e+00
1.102977033441542964e+01
1.880255047595765916e+01
1.359948514697340904e+01
2.603417938190572301e+01
2.241860180934639146e+01
1.603415058120985037e+01
1.006741682724703502e+01
1.742212276922442271e+01
1.038419436510818272e+01
1.175404485584088476e+01
1.179407774062345915e+01
1.083817449596590698e+01
2.333890431204283900e+01
1.386677030024349300e+01
1.738280026459872118e+01
1.514692973827615852e+01
1.538259539819965660e+01
4.689291202845488726e+01
1.669998069663143170e+01
8.957000543359949774e+00
1.116543263175623402e+01
2.977659359392176341e+01
3.150623999286979426e+01
8.546887611078513913e+00
1.027538663731148993e+01
1.047094320108073084e+01
3.014877536897940047e+01
2.554322090719486482e+01
7.931973614661462335e+00
1.666959379120607565e+01
9.862150996487285326e+00
1.787583007979038996e+01
2.208231920537168946e+01
2.211841299668805050e+01
2.524825081978148233e+01
1.632595889804568401e+01
1.679505775859126615e+01
2.388579435768379966e+01
8.636547310840306579e+00
2.077181169306773612e+01
2.112550697495203522e+01
1.246464033386499004e+01
9.779347700315362601e+00
2.110562934935850166e+01
3.205943230035100555e+01
2.071756191221435373e+01
1.837978931767114688e+01
1.738945478142898793e+01
1.711620130306232923e+01
1.616569280304890555e+01
1.614501684161539075e+01
2.677279269171150489e+01
2.257063190948217724e+01
7.584578514135337457e+00
2.709293101182279173e+01
1.950295020624279374e+01
1.275558679369638071e+01
1.727903225479584748e+01
2.109228845481050740e+01
1.961581097957029840e+01
2.442412309255617942e+01
8.332966040596705426e+00
2.331750751620808515e+01
1.430002511621335337e+01
2.309725110082949939e+01
3.934173296742277159e+01
5.775210501857119816e+00
2.792123051046527138e+01
1.683533835726475303e+01
6.903115049592623009e+00
1.353687587126674252e+01
1.813996932670423234e+01
3.685331861876817783e+01
2.138205177878488072e+01
2.038942745016984759e+01
2.617458658695219142e+01
1.177254273339203294e+01
2.225252903256088288e+01
1.890005725201067932e+01
2.582502664699692474e+01
2.743917234516007397e+01
2.201133819915433421e+01
1.915660926300852296e+01
2.719626941942928866e+01
2.334951656118673213e+01
1.424791659875084981e+01
1.087296422799517792e+01
1.915116486976837962e+01
1.582961413680378193e+01
3.805091505030422638e+01
3.135403219917529327e+01
9.022907848677707676e+00
2.240721757303921535e+01
1.221636977636231336e+01
1.419913591514370133e+01
2.123032050665512571e+01
1.016485159551333162e+01
2.110143936452923086e+01
1.881930248505398495e+01
8.111367430303101145e+00
2.277051552160398984e+01
2.514260624146911738e+01
1.354379880664825819e+01
3.453714728220254671e+01
1.978221866062952117e+01
3.137775244028392407e+01
4.122344229557405981e+01
2.644045147276992935e+01
4.386360418567978314e+01
1.365592769375230553e+01
2.875885029780705082e+01
2.058777102066576958e+01
2.755791637923297799e+01
1.900680222274532483e+01
1.433794505036029321e+01
1.503258488974244145e+01
1.827564503455215927e+01
1.556403605810285917e+01
2.467430046091257267e+01
1.351593365037792616e+01
1.713544920259313997e+01
2.585508756364131244e+01
1.403467486078118576e+01
2.387743919400249482e+01
7.184947425767723495e+00
1.254800581697823425e+01
3.212760638210543362e+01
1.043409085156992688e+01
8.985651471964796855e+00
1.053064716359047992e+01
3.075852813716623757e+01
1.913286721388405809e+01
1.786710975082366915e+01
3.730515928879231069e+01
1.673172417088077424e+01
7.814537186657235068e+00
4.209414636403463561e+01
1.387664088758954684e+01
1.733381712532398922e+01
1.313059107861638353e+01
1.350350367651175532e+01
1.893064967601798543e+01
1.271131310002029302e+01
1.873294733987058791e+01
1.447107709090369987e+01
1.876744331339218164e+01
1.335933856192124836e+01
2.847784522803501517e+01
2.395078249888634403e+01
1.674837309415321585e+01
1.134361166150976885e+01
2.125200390368770442e+01
3.362489032701624581e+01
1.657977149484848667e+01
1.003932218715924130e+01
7.604999900400271962e+00
4.656643396817753633e+00
9.417645487279838079e+00
1.388874306801507608e+01
1.543771729994636566e+01
1.548085034213709221e+01
1.115651666612059500e+01
1.732094887423312812e+01
1.621798607767704681e+01
1.441042130272444766e+01
1.250986964965147052e+01
9.715966707692141213e+00
2.304338074619688115e+01
8.991660852446333507e+00
1.038112880875748800e+01
8.607008309084763553e+00
1.643002608634525075e+01
9.916774868942429322e+00
9.212748018654394855e+00
1.429199780547120824e+01
1.631889219214629350e+01
1.843802793462384670e+01
3.551726090127409208e+01
9.522433259542884443e+00
1.566423305861127169e+01
7.471694343422137230e+00
1.437219415249229648e+01
3.118687861091440539e+01
2.077223203744538438e+01
3.037191865292902548e+01
1.831856352536249233e+01
1.688866586922109292e+01
1.743272913508036481e+01
1.766003501851904645e+01
2.659981716702178645e+01
1.055195745646811467e+01
1.739464968074415196e+01
1.297092844379454668e+01
1.028578627585274141e+01
9.691616411974043999e+00
9.105306276541721644e+00
9.789804059879719134e+00
1.457812196480349520e+01
2.731731503693542606e+01
1.360921342932692468e+01
1.594635173077839951e+01
2.390721964034947433e+01
3.383946855903414530e+01
7.610291092663086232e+00
1.215651655056900537e+01
1.323565917131169911e+01
2.764823705763490835e+01
1.149080980344212044e+01
2.101371883242966732e+01
1.231250562870512866e+01
7.751135523116802872e+00
1.733647275581110847e+01
4.847124240982327414e+00
1.395564219948503037e+01
1.892736683023213473e+01
2.434711064322311103e+01
3.035566697469410613e+01
9.199148571428601429e+00
9.005191818500122736e+00
3.538569540955487724e+01
3.022615156881051490e+01
9.142551823267840660e+00
8.454934650557872189e+00
1.302488014373132330e+01
3.250210213376774249e+01
3.821287225654367603e+01
2.448074875616575596e+01
1.297589574818451652e+01
1.627330355953390750e+01
1.415757399546093964e+01
1.286761233011539041e+01
1.408760003141928863e+01
1.120855471082890986e+01
6.688574326132853187e+00
6.457984170311450889e+00
8.370899036927188064e+00
8.800602143835648761e+00
2.995312269646577263e+01
1.468099289632269766e+01
1.360762889841326029e+01
8.443900235025594725e+00
9.675884878773473474e+00
6.206292877735772429e+00
1.693739315691004066e+01
9.848772843840096769e+00
5.535126994409930390e+00
7.490747884016071723e+00
5.095393264656227217e+00
5.645496072050085523e+00
7.779546798791955098e+00
1.101683782110843524e+01
8.254972068545265884e+00
1.523933269187105033e+01
7.503271643757842391e+00
7.791180628620568704e+00
3.334438707186718887e+01
2.036444270706568460e+01
1.181893377577113213e+01
6.361305511089272891e+00
3.303377911918320819e+01
1.690407537486489886e+01
6.022427816334555040e+00
5.764334999431877549e+00
6.407423226820474937e+00
8.780836409864019032e+00
1.025769823613586773e+01
6.041287520278864065e+00
1.595070054719221986e+01
1.131759139377365386e+01
7.907795006861390696e+00
1.122450407042513731e+01
1.521147525440542125e+01
8.295616429550877413e+00
5.966578833269319482e+00
7.306426915688777335e+00
7.367125314183120999e+00
2.659454134706204442e+01
7.166974468686357902e+00
1.465183806724994753e+01
3.040048391803474459e+01
8.195411635105916304e+00
7.306350262048148636e+00
4.823050318230989397e+00
5.019196185260818233e+00
7.378331267173177110e+00
5.966829380556101015e+00
1.011027946352663243e+01
1.278141146165613584e+01
9.918178410162939329e+00
9.923601628818552456e+00
1.906309298488273285e+01
1.094319198249239200e+01
1.243718031465181539e+01
2.922421911983556342e+01
5.481176527474601379e+00
8.555096794484274625e+00
1.893515564083732983e+01
7.977052766718297327e+00
8.083493612723659183e+00
9.202382429655262541e+00
8.811687934098175745e+00
6.010263328980980368e+00
6.875359649533107742e+00
8.792460597767830066e+00
9.628294027711442382e+00
9.737202339549755337e+00
8.921872103641907970e+00
7.928822598743819228e+00
2.635526871425340190e+01
8.291012382425217098e+00
2.218018365984461937e+01
8.519352320286214919e+00
9.516278473590126907e+00
5.811755554327628026e+00
5.452834800196772136e+00
9.126301746803632042e+00
7.057946007695567125e+00
8.960388865391136548e+00
1.250240887519739452e+01
8.925233003353101324e+00
5.214055038581464352e+00
6.802991395867049818e+00
9.858784856409966935e+00
2.061632090068092893e+01
1.770276822919779391e+01
1.034938239811206273e+01
8.314075376988931509e+00
8.619407611414290571e+00
8.491027851582719777e+00
6.850141838116546644e+00
1.184113286894237582e+01
6.550057161970556763e+00
1.063298750157458095e+01
6.429908334387353541e+00
7.906333423221000523e+00
5.901549966209259424e+00
5.655924824723919997e+00
2.389600565571500823e+01
2.034188270215400962e+01
6.629433809234532404e+00
7.358587645729886439e+00
6.942687276908359628e+00
6.652638138660318390e+00
7.075171573703073591e+00
7.246894115353767596e+00
8.689850232326303825e+00
1.085720793686311403e+01
8.512471685335823324e+00
1.108172098189426258e+01
6.525369285960478827e+00
1.532960275549029916e+01
7.280788486228179757e+00
2.904571605795467448e+01
7.317723286149756312e+00
6.863285960963652066e+00
7.703683762076988017e+00
5.961941334271108950e+00
7.614495069005204897e+00
2.018648231339648902e+01
9.621630691521152912e+00
1.095171504362560277e+01
7.447015178610878472e+00
1.256727716218160751e+01
9.190100824626199483e+00
8.325319922180121068e+00
7.861348540493409587e+00
6.364905336896304000e+00
7.471055610416197368e+00
1.307217716577949851e+01
