8.623423867494520323e+01
6.195460803424244745e+01
6.195460803424244745e+01
7.756957201037405980e+01
7.440442861465822944e+01
6.382663851907245345e+01
6.382663851907245345e+01
8.449347540703702464e+01
5.769051869019462941e+01
5.729569151638453661e+01
5.869843380727490967e+01
8.767342033818695768e+01
7.334814722338211368e+01
7.302683308316103705e+01
6.244537895626490354e+01
7.377199764585581931e+01
7.764045154610658983e+01
6.120408753027734150e+01
8.535093928358845972e+01
6.127775037156103366e+01
6.208509156878174196e+01
5.523389724181657812e+01
5.983229237190762007e+01
6.406809186751982566e+01
6.426488958742528723e+01
5.159924454064508126e+01
5.854153919339896106e+01
6.533623406382194787e+01
5.916238142471780037e+01
5.993016051051113635e+01
5.985015611263043667e+01
7.358947428420420067e+01
7.221870351050149850e+01
8.077419799372729869e+01
7.824692646190391088e+01
8.037685831544834514e+01
8.252230749649751829e+01
5.959033228501840540e+01
7.443601268172234597e+01
7.586299102859341303e+01
5.859831151747656719e+01
8.640620976675485565e+01
8.240758711181774743e+01
5.816817035696939797e+01
8.151308644333404629e+01
7.676100029389102986e+01
6.964081784167825617e+01
5.964498571901875579e+01
7.489610826624351603e+01
6.537228779557892722e+01
7.020031829773238030e+01
6.097488764549238738e+01
7.757560772526713322e+01
1.093013706836702568e+02
5.788367424750219925e+01
8.181311366343926750e+01
6.238073578508545580e+01
6.515131737661636180e+01
7.752236979196875666e+01
6.669907238783176240e+01
6.181487822957712552e+01
6.375001608150008536e+01
8.119260510809225195e+01
6.427109968458591993e+01
7.323553042684319792e+01
7.690774679664423275e+01
6.321507712835082060e+01
8.088990320399048528e+01
5.807061250401186214e+01
5.971207521107159266e+01
5.826295393312922499e+01
5.639873292340396915e+01
7.998637933354382312e+01
5.988849476724737997e+01
6.045927406008109983e+01
8.089023119133752004e+01
7.844368777323444419e+01
6.412043544022323260e+01
6.249175362900164998e+01
8.355178045663380715e+01
7.972559051483293047e+01
6.719430008455927350e+01
5.767451070924208523e+01
5.625672076171880320e+01
7.989691293751495493e+01
5.547060593340572154e+01
9.760034650347746776e+01
4.975613101230935342e+01
7.359945360590529617e+01
7.935421805481014701e+01
7.997426257203129296e+01
5.825648008650524190e+01
6.360590279574543615e+01
5.307814168809488820e+01
5.888124351654397515e+01
6.122844348423115690e+01
6.467635187682964215e+01
6.174200996350356263e+01
7.890773012825469834e+01
8.084552768075703000e+01
8.300506313823196081e+01
7.933064895217241030e+01
4.460748509128473671e+01
5.524171759431919071e+01
5.930722978874528906e+01
5.870124921670407758e+01
6.997413988239806315e+01
4.587235991742964814e+01
5.990902734446257227e+01
6.199448104077512767e+01
5.377201381783612533e+01
7.719145062826706294e+01
6.250765846653978031e+01
6.600415121845554722e+01
9.091923705773766073e+01
6.067253138393581935e+01
5.602678907206794889e+01
5.604739209462734095e+01
7.759487800729719709e+01
8.008295108485387459e+01
8.059790565593004885e+01
8.045729308123171108e+01
9.398444390249156299e+01
7.998683805517794099e+01
7.911294079213980979e+01
6.058069583708107331e+01
8.358111172072744921e+01
5.460935284305399762e+01
6.373348105147072573e+01
4.709272159281469783e+01
8.026751422813279646e+01
7.922628773011228986e+01
7.806733270947771075e+01
8.183948773268714660e+01
6.135723007878240765e+01
6.117261983764679911e+01
8.172923299113736562e+01
7.854299647421277086e+01
7.798290166951450431e+01
8.116379857212908178e+01
7.580519197209231663e+01
5.791255539807511354e+01
7.839343867426617862e+01
6.392967749837031022e+01
7.573956118658229286e+01
6.857027396511982431e+01
5.688637666672056525e+01
9.613998033918490194e+01
5.869554933448615941e+01
5.966236729061937183e+01
6.732769663484438638e+01
7.780429779379116439e+01
8.097377907717589096e+01
5.746670873792049150e+01
8.358816125447700074e+01
7.324285840627752009e+01
5.658630827188950718e+01
8.196085519421363585e+01
8.953722910333870288e+01
7.637064193553219127e+01
7.877083541872778483e+01
6.632139217606656700e+01
6.594259907895538220e+01
6.466124499367188605e+01
8.404285405904452944e+01
5.736314586071434007e+01
5.744474913364015123e+01
5.826076160897412848e+01
8.048317193873482722e+01
7.647762141892097532e+01
5.984437176712894058e+01
8.432848601390310250e+01
8.301739765318981767e+01
6.524653945127180066e+01
8.469981077343476272e+01
5.276189454094899389e+01
5.685734824690641176e+01
8.254570156101772227e+01
8.085233509363071391e+01
8.597508441708427540e+01
9.179242450218856675e+01
7.270713233690405275e+01
6.073362629483637676e+01
8.123864061708593454e+01
5.339212410015561971e+01
7.927735403658293478e+01
8.559561804883777825e+01
6.002709720963643747e+01
5.616065705318332135e+01
8.565283811254674617e+01
5.779699459770425563e+01
7.964522452166724520e+01
8.122092219090697540e+01
8.688704876461514459e+01
8.330814319032535309e+01
5.552021496026450365e+01
6.715478986850756371e+01
7.247604625466482275e+01
8.144302790136075032e+01
5.682514505072722955e+01
8.023504913909711433e+01
5.752633370840473503e+01
7.747360332777725489e+01
6.866000571943925479e+01
7.711265324794366904e+01
6.271193339619507157e+01
6.733414174737400515e+01
6.063026760927645853e+01
8.204693325507209067e+01
7.096036259749287467e+01
8.308967177419934558e+01
6.727983022658803236e+01
6.098290630012822788e+01
5.867215633851573386e+01
5.883973789515178510e+01
8.409433262968694578e+01
5.598379747924787608e+01
8.386527295178127872e+01
7.783480953248795231e+01
7.989611940205152507e+01
5.745605852956455095e+01
7.478956654050851682e+01
8.048593749678330767e+01
9.107364576026259329e+01
6.867200068930969792e+01
7.773256074286661033e+01
6.660705899867990354e+01
5.125877926145080465e+01
5.960062077079921039e+01
5.735924460153742643e+01
7.069113258385341680e+01
9.864464468293817845e+01
7.745827684450452466e+01
6.701947371387534247e+01
5.946207918619558797e+01
7.350849667673929844e+01
6.372401811529493898e+01
8.347505591692936378e+01
7.844835119957102165e+01
7.287534312790934621e+01
7.824733175432787391e+01
7.330697509193271344e+01
6.950128754176284929e+01
6.497646596596322865e+01
6.408020457235713252e+01
7.089675012428048717e+01
7.766854682432310142e+01
7.318651692253207841e+01
7.520527376470104741e+01
7.349889186124852358e+01
7.337386823764323651e+01
5.823471246769275922e+01
7.691255243865160196e+01
7.894939582693088198e+01
6.516143242021529147e+01
5.355147613586056821e+01
7.354548391335312374e+01
7.264203489247127266e+01
8.116778104495642765e+01
7.597796285987375597e+01
6.027321065945666589e+01
7.151731172240639012e+01
6.373703915473821979e+01
6.791025491138856296e+01
6.212093445247076318e+01
8.913250387912239603e+01
7.156024373405487893e+01
6.107480730941507119e+01
7.694678222260941425e+01
6.278539337316718871e+01
6.085720433907534499e+01
7.247933894564253876e+01
6.405244284983727709e+01
7.272523596357228826e+01
5.218160937284649492e+01
6.107609117440501478e+01
6.836829922804288628e+01
7.550434274750404029e+01
7.349269391238971139e+01
7.033803082858921130e+01
6.286116763654192852e+01
6.602799509169916803e+01
7.425667170230018144e+01
8.009972976493185115e+01
6.658670795721543811e+01
8.514486648117151901e+01
6.589212557353754107e+01
7.703609017334086673e+01
6.080584024570806889e+01
6.043260951629194011e+01
6.345447800647436054e+01
7.443112763278602984e+01
7.182443105970604336e+01
8.261580419477871828e+01
5.668916907040764386e+01
7.837301675200714612e+01
6.374814716590434927e+01
7.726955462189171442e+01
5.470135504144866445e+01
6.400519625066493745e+01
5.399689579186279076e+01
7.915475999586149669e+01
6.522909597736236265e+01
5.873758496697367804e+01
8.197323948258046755e+01
5.839780704791699151e+01
6.475717991949746022e+01
5.149912605203304139e+01
8.022257789870090505e+01
6.153656921740651597e+01
6.218079052686708508e+01
8.460346358732414274e+01
5.975824772271702301e+01
6.272478850608996481e+01
8.253699870137079131e+01
6.183463451432565705e+01
7.974715379221557043e+01
7.720288845067415195e+01
6.043586002844809713e+01
6.232126614046579505e+01
6.472470229065406500e+01
7.312319084231212685e+01
8.192180614560707852e+01
7.280603737778136519e+01
5.579492188646386097e+01
8.082315736867026601e+01
8.082697859345573477e+01
8.456911836998895637e+01
5.909488841788744651e+01
6.386669931407114120e+01
8.376285461450113701e+01
5.644172255891447065e+01
5.812298123040867637e+01
8.168402870527444293e+01
7.738197754734207479e+01
6.379603575263455184e+01
7.604031994195131006e+01
6.283565624270373462e+01
8.604393182858463263e+01
7.759288130466981670e+01
5.745506612849617767e+01
8.740840514052983679e+01
6.386700143881854075e+01
5.748884519537189419e+01
5.787188138076238175e+01
7.715025283807685241e+01
8.357173702373644630e+01
6.717045550076103666e+01
6.009648084700322102e+01
7.704988113876819966e+01
6.569606848517722142e+01
7.375811924359345539e+01
5.794525188480467648e+01
5.849551338619448160e+01
8.007766489010678868e+01
8.098121644095353133e+01
7.203871852964718414e+01
8.169078603249518267e+01
5.890594749319436829e+01
8.165691608747422947e+01
8.283154115603706202e+01
6.113389830034821415e+01
5.245643305661037914e+01
5.735448401217994530e+01
5.761738093285870832e+01
6.044590053510841443e+01
6.345004036221584443e+01
6.287952907967878247e+01
7.883559618699599980e+01
7.553923000632759965e+01
6.063579142609952299e+01
5.543017219370000959e+01
6.182139906011310870e+01
6.173162503152150293e+01
5.805611620395003314e+01
6.152107540118018392e+01
6.051468827077026447e+01
4.992184568293660618e+01
5.904228545487132607e+01
5.853134168584733743e+01
7.302519785338905933e+01
7.545767356975005669e+01
6.554328081478413992e+01
5.558543658839574420e+01
5.343320972746735009e+01
5.737737201416498323e+01
6.200801823325920026e+01
6.000785505955398236e+01
6.377542885289996377e+01
6.170238064039677539e+01
6.762561593121981218e+01
5.289434128250308476e+01
5.938039935473968711e+01
5.328695930107175371e+01
7.857252774877365198e+01
8.285036850393971974e+01
5.198166186820630941e+01
6.535265564794477200e+01
8.200276144660050193e+01
4.667627467598758528e+01
6.012280857416663338e+01
8.148462850805843516e+01
5.060398872589436081e+01
5.294971505155816516e+01
5.781849753152807381e+01
5.528516628874234584e+01
5.443530420908707868e+01
7.187861245455812309e+01
6.176454106393085652e+01
5.497828052061834114e+01
5.219014464303385381e+01
6.372070743455358155e+01
8.213205886709953063e+01
5.170922280456927211e+01
4.970431049035056503e+01
5.253011939231276983e+01
5.329112471036498988e+01
5.761179528547073403e+01
5.329300053153026084e+01
5.570995453176583823e+01
6.501261216712620694e+01
7.815121201365732873e+01
6.597542931172523595e+01
7.220705303353888382e+01
5.412701569531601820e+01
5.187927956261015794e+01
7.787929089154086171e+01
5.771674008405250333e+01
8.807570604102630796e+01
5.272948513941319248e+01
5.635478471324340433e+01
7.555066926589583431e+01
7.217341004814248606e+01
6.954678370930942322e+01
9.148359284394472013e+01
5.595771967725463725e+01
5.118587966163428149e+01
5.848283388732348698e+01
7.412292292286913664e+01
6.253902283432275055e+01
8.436453990309625794e+01
6.113816201552853613e+01
7.379889792387943714e+01
8.779513436859816977e+01
5.889685312995337085e+01
7.953581013546684630e+01
8.033080903357159741e+01
7.446019360189953318e+01
8.056276880292990938e+01
8.051451627536563649e+01
4.893592624796173851e+01
5.999607247022856882e+01
7.312525616073807555e+01
7.359355324681637001e+01
6.257563540391556245e+01
7.794153012310756878e+01
5.757841333084707003e+01
7.302036777281101365e+01
4.792231023048984895e+01
7.385748515589740748e+01
5.878874651504787607e+01
4.598385674575505533e+01
8.557060342318136748e+01
5.835080328412539785e+01
6.778885272876419776e+01
7.579245482472120443e+01
7.411589250161652842e+01
6.991792701732097726e+01
7.413293317952630446e+01
6.338209008282701973e+01
6.031332439559241010e+01
7.834575327844086701e+01
7.435926405458369004e+01
5.083815862532075158e+01
3.459459917246368832e+01
9.867811200450647391e+01
6.958961666023508030e+01
5.821136678439285106e+01
7.489765755886186582e+01
6.473999754108844229e+01
7.341606378760796758e+01
7.004216230164692547e+01
9.804677294603105508e+01
1.135270711815962414e+02
1.041738777211039348e+02
6.156981041063712468e+01
7.871263363629427090e+01
7.018934559785159877e+01
1.140646814873113755e+02
6.703314990167912413e+01
1.171828178215971690e+02
1.187558764442890720e+02
5.212389919270546557e+01
6.734815087600154015e+01
6.632597717870521592e+01
7.011666426783146733e+01
7.798139104662793386e+01
7.246915474596838180e+01
7.207717239765365491e+01
7.707352080912382064e+01
1.033345422529765898e+02
7.240410576602464232e+01
8.697266531556677194e+01
6.191998510841414571e+01
7.609840747671833583e+01
7.849586974270910389e+01
1.019774925642881271e+02
1.114595940482612946e+02
6.576032782416911004e+01
9.389108210352924289e+01
8.973693067812139645e+01
7.218981133986719101e+01
6.801445700026557972e+01
7.981280775140844241e+01
7.680318547940920837e+01
7.108045769833445604e+01
7.403228343909771070e+01
7.304667380743720173e+01
7.351608153711639204e+01
6.894891104785193647e+01
9.995488694316225065e+01
7.479061355245860909e+01
8.887675001394885044e+01
8.161963694787817758e+01
5.232124765381314546e+01
6.787786580895286193e+01
5.327401931540712354e+01
1.019710706988461055e+02
7.412803198823114315e+01
9.563759254908481466e+01
6.810765907841620503e+01
5.345421391251651499e+01
3.956797242979544649e+01
1.246561161312949793e+02
6.581059154985393889e+01
4.733613206994058231e+01
6.776087794085573535e+01
9.340554005736522925e+01
8.051254174837123401e+01
7.953236166008299790e+01
7.457901348237513162e+01
1.000239979769443153e+02
7.058552484181804232e+01
6.221501397478478879e+01
1.107526486828138985e+02
1.116316192638665257e+02
6.668478904527022166e+01
4.315849120954960227e+01
1.145038984445619263e+02
7.516313798958566395e+01
6.082988217325534208e+01
4.410968277869985599e+01
7.420331596671842078e+01
8.677395897036272743e+01
6.579352009013389591e+01
7.351180298809291003e+01
6.755234943072129283e+01
4.564970982420983603e+01
7.364658807964879372e+01
9.616559606021377249e+01
9.536975417636718078e+01
1.029604695950727233e+02
7.518080102096168105e+01
5.244957751391748957e+01
7.910327192062428026e+01
6.972362678972719152e+01
6.993665358514792274e+01
4.849638497141052085e+01
7.779094759873682108e+01
7.129982227905352943e+01
1.018675808299551875e+02
1.083730769416483923e+02
1.117814775681350596e+02
1.163602717827091908e+02
1.005796827688052417e+02
9.626155627876927667e+01
7.387317501542544562e+01
7.389456429611132648e+01
9.914759354744643360e+01
9.986201592132145777e+01
6.304403689413668843e+01
9.839386055071715020e+01
5.945997084856031734e+01
9.991448766118220703e+01
7.563872708869175199e+01
1.142974334628600417e+02
9.860933864447690667e+01
9.897830611355003327e+01
1.010931399878986241e+02
9.971266348354781428e+01
9.821077115421704207e+01
1.090449148981449525e+02
9.588139598325624036e+01
1.009658968907495193e+02
9.990102908506948154e+01
9.943627367392362260e+01
7.995375715169389252e+01
8.604019868399430493e+01
7.475674636326799316e+01
1.027212248037045015e+02
7.161212219347068242e+01
7.463545987055510977e+01
1.140390609840788585e+02
7.349190235554195283e+01
4.627492192025662376e+01
7.276478163942680055e+01
5.009113763117692031e+01
7.211899355386768207e+01
4.376106217281014921e+01
7.383589805044452703e+01
9.561029049933831914e+01
6.811615305089280525e+01
7.911714296612782960e+01
6.979552806921333286e+01
8.083986025343814674e+01
6.696883003653303490e+01
6.885524860190076879e+01
7.654271875456512930e+01
6.479758958821778947e+01
1.143341543083972169e+02
9.351102008261747756e+01
7.225977226827941990e+01
6.911416129304998890e+01
7.423375443550406771e+01
4.371128399193603542e+01
8.101267316210582692e+01
6.349610920174761475e+01
6.388550823348751351e+01
7.625431202468972458e+01
7.884253666503342117e+01
7.831491760129708268e+01
9.985932925796986126e+01
8.794518243641915944e+01
7.774000550197742143e+01
6.854613713988895540e+01
5.715630730993412101e+01
7.413801035591113475e+01
5.328858879040964780e+01
9.513303618468761158e+01
8.870986897262605453e+01
7.118176433131498015e+01
9.351420054989829111e+01
7.351211917069286983e+01
5.656512231528058265e+01
6.269824798512841113e+01
7.452243347296752063e+01
1.151651535373606521e+02
1.077963265663264139e+02
7.074174335597149366e+01
7.096054227426260752e+01
6.291702882304036137e+01
9.929954138835704214e+01
9.971724516776117753e+01
7.035175068835737022e+01
9.871488861919023350e+01
9.155737346547090283e+01
7.234335651918671317e+01
4.020684711020824409e+01
7.825738399411369528e+01
8.009848302169028500e+01
1.206201876444510930e+02
7.761153286618498726e+01
6.923980802190246209e+01
7.677476122296135941e+01
7.242298389234493072e+01
7.150298721087871456e+01
3.723925644721825989e+01
7.404735333784491047e+01
6.274170701426721308e+01
7.164794487676309132e+01
6.460476408545720517e+01
4.467727874748850070e+01
8.232338824572640590e+01
9.433646616884479386e+01
1.014485929118860241e+02
1.027583429695183526e+02
8.713331992090385825e+01
1.029406906947306339e+02
8.235958501685514932e+01
8.304258691962107264e+01
7.946613291607928886e+01
9.624695208316452977e+01
9.087030728083296083e+01
4.217052551240123393e+01
4.925402389797647373e+01
7.086789143964531945e+01
6.684358638029857502e+01
6.736946482092172062e+01
4.651207907866778157e+01
6.516499960713716177e+01
9.207565816422525984e+01
7.147360106470816277e+01
1.137185367854218896e+02
7.981109348186789987e+01
5.862586690130179079e+01
7.366890960267127753e+01
9.092928589057891031e+01
8.749855031325277821e+01
1.107559261085874169e+02
7.305913217228795986e+01
7.694590997530887932e+01
7.099687320069116936e+01
9.896048322906834471e+01
8.233108708689258037e+01
8.100589500431934198e+01
6.699547766263766846e+01
8.778392923965820671e+01
7.480917594303402041e+01
9.872144720483886715e+01
1.079038276658940703e+02
8.879647475142742508e+01
7.032084684008270870e+01
7.246668710608761899e+01
1.132760283183827710e+02
9.489940740467558555e+01
1.016161739023345234e+02
6.707820957116197746e+01
1.074947508961946028e+02
7.422399395737387806e+01
3.428048510331271359e+01
5.565459599743416419e+01
7.665726029357070104e+01
7.500275980500784101e+01
7.039044555655807756e+01
9.334477985201689876e+01
2.826340917292155197e+01
9.878652329648417663e+01
6.361164108377253257e+01
9.097851550754857897e+01
1.178605481473883145e+02
9.633294596619140293e+01
6.720311040367947442e+01
7.605492632055822355e+01
6.961940294338556612e+01
4.453137699286536844e+01
6.897950082455513154e+01
6.909134586483058627e+01
7.320406906770787714e+01
8.006489556556483933e+01
7.007987627543782594e+01
9.231796436829434072e+01
9.349694368254108667e+01
7.735026295080238867e+01
7.333296609227171814e+01
7.284776826717624942e+01
9.506361287997286524e+01
9.104144432208948956e+01
5.838305107834463570e+01
9.733151207310619668e+01
7.776770646235017637e+01
7.669768708495460885e+01
6.558594023484246804e+01
7.507432445385187236e+01
7.413464508355120586e+01
8.656680793407653596e+01
6.823930068448221675e+01
4.220163320029111986e+01
6.268214745784332109e+01
9.399356864477739748e+01
7.556899746194967804e+01
1.239239795812620741e+02
6.403801875958261292e+01
6.557220194081217812e+01
6.662507567462446900e+01
7.442899798109164067e+01
5.852234088315318417e+01
7.812808199412151566e+01
7.272524699118029901e+01
9.203769173115686897e+01
9.276962441154790895e+01
9.159038199094108279e+01
6.998512908106181385e+01
7.186874233087668529e+01
7.284482129955918595e+01
9.464904987349710552e+01
1.065498720281122615e+02
7.758491561965719541e+01
7.920511411574024407e+01
5.184774792869479398e+01
1.161863703857714398e+02
6.727753213250723263e+01
7.590784285916653573e+01
8.208274186784460369e+01
6.326886824905403017e+01
9.778875840981304179e+01
7.238953985036943095e+01
1.054087298723380002e+02
6.870898938884209883e+01
6.339850444827042253e+01
7.640460837333171185e+01
7.177592751709018160e+01
7.455157790301242926e+01
7.891761448442719029e+01
7.867915689761208853e+01
8.241753764238377755e+01
6.836802030112096418e+01
7.405010514130557908e+01
7.791625475932495704e+01
7.473483077424836551e+01
7.494022346130357448e+01
4.654642310638994473e+01
7.368536750916945266e+01
1.013950034625333814e+02
6.917578081858253825e+01
7.104979205805170750e+01
1.001325767816588694e+02
7.145336745208061302e+01
5.483411003739533385e+01
9.776734273556769494e+01
1.020788145892299212e+02
4.764848862939613383e+01
4.649871733286380504e+01
6.738074331483076662e+01
9.912240040203485592e+01
7.962540470309677687e+01
8.677766965872795879e+01
5.951502526799557558e+01
7.016883541986615569e+01
1.047864687883606081e+02
6.804440934010793285e+01
7.025714049976072317e+01
1.041506589297765828e+02
8.374450763210022330e+01
4.380676315525769127e+01
7.765725577161613558e+01
5.897631726679632180e+01
3.393085814825692381e+01
9.836216299284804165e+01
6.892072957072973338e+01
9.943467458455349117e+01
1.037794053824304399e+02
4.696953789609982266e+01
7.754014970398206685e+01
4.542817253158454349e+01
9.568447643997637897e+01
6.441131223735159494e+01
7.321242940095960705e+01
4.718702796396372179e+01
1.048472423397439428e+02
9.682626788824677533e+01
9.565104734970142886e+01
6.704778936902025066e+01
6.499032083140289728e+01
7.554117991305895430e+01
9.182430028724489546e+01
8.345377836458261811e+01
8.481733415010363331e+01
5.274939507884460710e+01
6.735767191889281946e+01
6.767487797163252594e+01
4.240936736678029462e+01
7.884283076222874342e+01
5.769593016198184898e+01
1.002491090774499582e+02
5.475319394059143718e+01
1.142442750430498108e+02
6.607144532161863992e+01
3.758233829869335096e+01
7.645189697578373966e+01
7.604841833051619915e+01
9.434270652026816606e+01
5.152593224356559887e+01
2.966731893123117914e+01
6.646742471319372214e+01
8.792681524312199315e+01
1.154835533960278156e+02
5.096251389563824574e+01
6.226676275921637682e+01
7.317778894171730997e+01
7.120740876758031845e+01
7.131435032120893425e+01
1.032268673087852449e+02
1.028534185174387403e+02
6.420750032115944350e+01
4.870464904101781656e+01
7.705941717032317229e+01
7.203382224642544429e+01
6.878921692648087571e+01
6.139910273300001364e+01
8.213269192485580561e+01
7.851771621731883499e+01
8.671736972681850375e+01
8.081086324963041534e+01
9.647722188350839190e+01
7.325730274798601727e+01
3.978147781667930616e+01
3.996551586607677109e+01
6.596564891107679784e+01
8.941288074623409443e+01
6.929167054468516085e+01
6.662076172150734976e+01
7.840754506757946274e+01
7.469968249102251434e+01
6.981718612758027120e+01
7.769383430236879917e+01
6.441540479526359775e+01
7.624348277762199189e+01
9.962549160570395657e+01
6.818682631736396615e+01
6.911510815269400609e+01
7.539874624851158558e+01
6.972263288153273209e+01
7.765888392613818780e+01
6.815181216753902049e+01
6.964035094557465300e+01
5.041595356870302425e+01
7.379203902322883835e+01
4.948087361293073627e+01
7.586329635286648454e+01
1.025303476415271859e+02
7.177352950889061844e+01
1.107793461044030749e+02
9.992170488094593850e+01
7.083310200330367934e+01
9.301437417589201573e+01
6.784869752411881905e+01
7.487985959441400041e+01
1.103496098011264337e+02
9.221560716140773195e+01
6.882227201687655338e+01
5.922786359433525405e+01
7.407674554012814383e+01
7.001135298231716320e+01
6.927244344812201859e+01
7.077769667958244781e+01
6.979561473374678826e+01
3.880278403464012627e+01
1.131315937126059055e+02
5.197343786446143810e+01
4.214540885531158665e+01
6.030915122128538286e+01
6.886574687238461934e+01
8.354001759133083738e+01
4.893508742927374300e+01
7.380276262315088331e+01
5.066843400111385876e+01
7.310927361704509053e+01
6.439347453825712364e+01
8.674076681278855006e+01
7.743026584721283712e+01
7.681440412431572895e+01
9.306839766297629524e+01
7.013400758878549368e+01
6.200588432070610878e+01
9.196207693877538247e+01
9.942623945855446266e+01
7.035702392511485925e+01
6.174033453421483841e+01
7.666320254496569930e+01
8.014904813110530313e+01
1.093603640374377761e+02
5.264255201957740127e+01
9.169311036670769965e+01
8.592175359451135819e+01
7.579098310671616900e+01
1.051111898086853103e+02
5.963977231945801094e+01
6.481053632103368045e+01
6.882270763051870688e+01
7.709258319521528335e+01
7.456817201655448457e+01
6.918999984194448416e+01
6.813272316855950805e+01
7.041406334351233909e+01
9.431106305017804914e+01
1.096338520963148682e+02
7.325491739635755550e+01
1.190450995334692408e+02
7.610316933079310786e+01
7.983137373306392703e+01
5.073079927268746303e+01
8.139773422956879756e+01
7.451631308016865773e+01
7.239287565348872988e+01
7.927866617504297153e+01
6.540133692625879291e+01
1.008233002488828873e+02
6.761294313743540840e+01
9.911449228001569622e+01
7.711596932586211040e+01
8.678697984130380405e+01
6.984172852784175234e+01
7.892435847975764318e+01
7.563235216791323978e+01
7.761482986404492124e+01
6.182109290658747369e+01
8.942691132159504264e+01
9.129108669226751260e+01
7.648038923965786751e+01
8.442049876039823175e+01
7.099127318781118845e+01
7.483238711753618588e+01
7.708792866953825751e+01
9.557025198359879425e+01
7.416401246045028017e+01
1.222054508263325090e+02
6.396753604806769999e+01
7.496063500721551520e+01
9.852242057120493257e+01
7.144696681887309353e+01
6.991228917026948864e+01
7.738143871996904011e+01
7.908708111490265935e+01
7.784567509685292919e+01
7.170735415917006605e+01
5.601157210916167628e+01
7.236497513017125982e+01
7.518142318396958501e+01
3.666035288834225980e+01
9.624516726736045769e+01
6.925395625391143994e+01
7.597865841418013133e+01
8.961660919331799846e+01
8.022412584017169479e+01
7.452818366213199397e+01
7.830091982406868567e+01
1.069528669505933465e+02
6.948322778111969455e+01
6.712998960791198044e+01
6.962389463238505982e+01
7.872506082786333081e+01
7.309052057579292239e+01
9.180389236230431038e+01
6.571056771633912774e+01
7.485120912442640417e+01
7.351970583044325736e+01
7.500382307571020135e+01
6.319752949771877581e+01
6.168600219179780453e+01
4.844978876586068850e+01
4.595663728518485414e+01
9.385146653085011792e+01
6.020834378851608903e+01
1.097176578649051777e+02
1.175676021448902304e+02
7.655368192773215696e+01
1.186847904248946577e+02
6.851100963861320281e+01
7.831777313609910607e+01
8.184463072981051823e+01
7.666822107805229791e+01
7.550885438780210279e+01
6.924948068656109967e+01
9.861559579027549205e+01
7.763137381102815482e+01
8.031825797889602825e+01
5.378717240320433746e+01
5.614028151987382387e+01
6.973354850005988226e+01
1.002341191672712029e+02
9.647719541668023169e+01
6.870162377640490092e+01
3.902611886623348170e+01
8.717875179886576120e+01
5.414522436052832433e+01
8.002880935023587483e+01
1.024949196389682129e+02
8.620712520749509622e+01
7.290247461472073098e+01
5.084784174913180976e+01
6.631480903421022788e+01
4.047434105114149361e+01
4.100252251783983581e+01
9.949117173773525735e+01
8.613960546235924198e+01
7.753644842621207545e+01
7.695290441546049465e+01
7.508655325906940448e+01
9.496328483294247746e+01
9.934585316689559420e+01
9.426597030772360597e+01
6.657698953191443536e+01
1.043599393775484003e+02
7.512794930288367823e+01
1.005826516545636480e+02
3.646882687278106516e+01
6.612277184858758972e+01
7.375005073378372344e+01
6.570408150762604294e+01
1.085353092113131623e+02
6.857927615853974146e+01
9.077528858412087231e+01
7.858876591239413756e+01
7.395495572774605364e+01
5.755915318080377574e+01
7.425520598457951849e+01
7.584572438973185626e+01
1.055003320789675314e+02
9.605663992741379786e+01
4.166138519961798892e+01
7.642063118911605102e+01
7.773563153370866985e+01
1.229166073829408248e+02
4.899505883137670992e+01
1.109978122453997287e+02
1.001375752717336809e+02
7.807119705690648459e+01
7.281054758943216143e+01
8.487460728375123153e+01
4.315298682497030569e+01
9.087076137145568566e+01
7.087261500649947266e+01
6.871485083784808978e+01
7.660430367588396905e+01
8.003103537783042043e+01
4.762702461851282720e+01
1.151605819024564994e+02
7.156659760806070381e+01
1.054617941409528328e+02
7.799107809060529917e+01
7.768190260654249357e+01
5.892197129802399758e+01
6.587550155362910687e+01
1.186443872414659069e+02
3.787951339980367038e+01
7.555473794276798571e+01
7.937250855994798826e+01
9.905140122060142005e+01
7.153851746406519396e+01
9.185790178261918015e+01
6.161068272789850653e+01
9.640593343368688295e+01
7.001679201753869108e+01
7.768964417834341418e+01
7.041511228865593353e+01
4.738803793669693221e+01
1.051499979689010900e+02
9.721520015980283347e+01
6.719010075665316606e+01
3.914936424816183091e+01
5.712765033823022520e+01
6.686056956552222630e+01
6.892621555040497583e+01
7.185574772076866168e+01
7.152289880421112400e+01
8.273217447751191855e+01
1.102063187268318245e+02
7.583582689786076969e+01
5.074532920454967666e+01
1.002359290494344464e+02
7.920790762418022268e+01
8.714177461799556568e+01
6.428076167612499603e+01
1.057540182159844449e+02
9.508408298197278441e+01
3.846123630731447918e+01
7.213552219118136577e+01
7.605918136754675629e+01
7.621678881575813591e+01
7.442715618578708359e+01
1.123258859532569574e+02
7.016530025766356005e+01
6.980602941579999765e+01
8.970378527032548277e+01
1.231626550276762657e+02
7.486795866652667542e+01
6.833707320083385639e+01
6.884167265211898723e+01
6.896244393779880966e+01
3.971054614109378633e+01
7.628117530250295886e+01
7.414733665804898521e+01
9.283360615658719439e+01
1.006294654804486868e+02
7.619919696355282213e+01
7.294474046625305164e+01
6.754408175221959709e+01
5.988430868305923127e+01
7.333084058847535402e+01
7.266865603623853076e+01
7.603267019435764951e+01
6.674821773581695084e+01
1.126623283218464024e+02
6.083234074548703774e+01
7.512157818054519964e+01
7.494105514557844572e+01
9.939826516411581281e+01
8.321573886183703905e+01
7.288531200834069068e+01
6.636585737151030173e+01
4.305567383379356983e+01
4.999163430224065507e+01
9.706748654993450032e+01
6.819563485076577081e+01
4.738629049011512251e+01
7.016727693435201729e+01
7.204002411073288670e+01
3.898559966198111937e+01
5.772349357369817113e+01
5.688444930522067011e+01
7.060416671903863062e+01
6.455125189033334721e+01
7.526597797052087913e+01
6.868335194758535067e+01
7.322693271814800653e+01
5.381866130178453744e+01
9.837375363514568960e+01
5.888092878618900272e+01
7.199802962999206102e+01
6.856158596039564657e+01
6.546457694346268852e+01
6.571897786797794083e+01
4.759959092786057511e+01
7.665663137428045104e+01
7.824524645696493508e+01
8.083359261741257740e+01
8.174352020086499238e+01
8.474699354956815966e+01
5.543081232935111302e+01
5.818646263787716322e+01
1.044662544997563884e+02
6.278573811625570045e+01
6.063470284755710793e+01
6.795146311496704072e+01
7.511333742081667708e+01
6.814125348644364522e+01
7.081344273289811042e+01
7.606711196539318109e+01
7.850989689255557380e+01
7.303057710317862927e+01
6.692382061999202847e+01
7.417639721595517699e+01
5.154520059238010532e+01
8.101049649069925351e+01
5.375508799038006202e+01
1.047791703615333034e+02
6.466407594848826079e+01
1.169908045671558199e+02
7.072590302309639299e+01
5.387465799502024311e+01
9.467577356086819407e+01
6.049560612510148871e+01
6.963665352247966212e+01
5.174427134560043839e+01
7.940331036701819301e+01
6.209540109732196811e+01
6.767562215402266190e+01
7.344169198646275731e+01
7.284918252298491836e+01
7.351752090873426937e+01
7.411975543030020219e+01
3.963943910254432978e+01
6.589752668375972178e+01
9.019198375202627460e+01
4.845820257301124201e+01
1.106219290253781224e+02
4.251873590632395405e+01
1.028856745807992183e+02
2.908759723710069167e+01
9.318276892587391558e+01
7.254475608590843194e+01
9.183075440323723626e+01
5.981930942550273755e+01
6.526882005841424927e+01
5.877674913143264490e+01
7.986306485057841087e+01
7.702067683356872863e+01
8.458417414239004017e+01
6.356585662123369218e+01
6.677637345755334763e+01
7.256503480577147513e+01
8.397817333700821507e+01
7.039331717353140050e+01
7.905288441785617692e+01
7.245936279277719905e+01
9.959039738804399633e+01
7.487534847871712884e+01
6.878514771570723951e+01
6.496806748609913029e+01
6.670430225732178542e+01
4.083573579344198379e+01
6.363745247954891937e+01
7.472792604276874329e+01
8.374132637585341854e+01
7.254330302452763135e+01
5.205384704809961960e+01
7.219631930477584092e+01
7.531617015804658877e+01
1.053840965370677765e+02
7.267085084483247215e+01
1.011196154766393533e+02
7.449920920613463693e+01
7.164343163411410842e+01
4.660074436325868419e+01
7.880716401708816932e+01
9.054303416292762563e+01
9.920401007979376118e+01
9.711835796029832579e+01
6.683898090844192552e+01
4.492990380064747313e+01
3.742361776720902355e+01
7.200863792170829925e+01
6.470415424151640593e+01
6.352622459634726226e+01
7.184630676500992763e+01
7.063044354476477338e+01
7.448132463582879836e+01
7.258573894109126456e+01
1.183646236847734912e+02
4.341514223875103795e+01
7.815169566912105381e+01
7.413875871396341211e+01
7.051112676630167186e+01
8.945478047630562912e+01
7.063017355749965986e+01
7.273321861092199470e+01
6.959708971481093442e+01
7.254498637323702326e+01
7.767982701732684347e+01
5.010021829954216344e+01
5.619834454039878580e+01
9.742141535891063597e+01
9.945073152659948335e+01
9.650063849752861245e+01
7.145097199650932396e+01
6.636746124887396547e+01
4.841621601273734399e+01
8.720131014575342476e+01
6.869302401088306453e+01
8.694534938749461617e+01
6.743965464674658961e+01
6.832793061255192413e+01
4.735901404672181059e+01
7.606385557878438419e+01
3.182689194305100955e+01
1.040882684051607612e+02
1.066530041752423728e+02
6.509245650561587127e+01
3.953955111367317699e+01
6.468842942977290988e+01
1.035724636133593179e+02
5.436358152881800265e+01
6.462312382302643243e+01
7.648443086194444618e+01
1.071025914578802656e+02
6.935089142291312214e+01
6.876726938926962873e+01
8.177375539167059060e+01
7.672312307989993485e+01
7.247314004454010217e+01
7.760905464010497212e+01
9.035669564466164161e+01
7.530765337930215253e+01
7.946143369232507325e+01
8.360452783558726253e+01
7.538169474825637906e+01
8.176453581468466325e+01
9.450135862404219722e+01
7.291346708144131128e+01
8.721898183829547690e+01
8.205264888442596316e+01
1.164188257158534583e+02
6.939895207642153707e+01
9.527796549970742035e+01
6.541021182809352297e+01
4.196557861794121891e+01
7.024439365292977300e+01
5.996125492062931528e+01
5.452269971233429402e+01
6.350691570927752849e+01
7.212479349238847703e+01
7.480834821851830441e+01
5.456901218800522457e+01
7.629671954108738419e+01
7.527002576370834674e+01
7.441131933218666461e+01
1.097540290373122076e+02
6.404756912803686930e+01
4.116235893210303942e+01
6.499375013134191192e+01
6.562164301773493946e+01
8.160676172708889453e+01
7.086483845155466099e+01
7.458426294603735585e+01
8.219251472168879502e+01
7.273495410300205322e+01
7.446683532127468652e+01
9.610196369369137415e+01
4.913729010563623234e+01
6.564759363167632955e+01
1.129927988696880732e+02
1.088278861060336737e+02
6.788878310513538850e+01
9.709502533922430700e+01
3.651410227456858593e+01
7.603877964542635937e+01
6.182010568469997480e+01
4.667416958730190402e+01
7.762817343665132341e+01
6.294789770220945968e+01
6.811712459419452159e+01
6.820720272983074040e+01
6.978171298347963614e+01
6.624263127581311039e+01
7.547239189117927083e+01
6.473127288043721705e+01
6.887810513795554357e+01
7.170085469782097221e+01
7.030229592442736930e+01
7.583312921628481718e+01
7.012349211732164633e+01
4.229343106288563803e+01
4.466370941959421259e+01
7.743002469168182245e+01
6.584217441170518725e+01
9.590226627386471137e+01
7.567334350195942250e+01
1.029681837268500857e+02
1.030499591940851332e+02
7.135213130778588209e+01
6.331637417033965676e+01
6.995073365922308994e+01
6.634868502048612982e+01
9.229538971544945980e+01
7.776054059578977729e+01
7.689484393974353793e+01
7.025029564276012195e+01
7.925940476906022525e+01
7.248560404621727571e+01
9.564861444427336323e+01
8.339858266152739930e+01
7.305219882842324353e+01
7.498408366231791433e+01
6.742238413049494739e+01
6.734659798174261880e+01
7.693922405955841270e+01
5.838555049120000717e+01
7.922430202156930079e+01
7.427825068941733377e+01
1.007969477999734238e+02
5.974789247589988861e+01
5.081632398201669076e+01
9.132488517766496727e+01
1.086767698439803240e+02
7.438063715840455359e+01
5.500594933042228973e+01
7.459125996830742622e+01
7.689087861378028776e+01
6.364590091671688299e+01
7.163085295254765583e+01
6.811221186420380036e+01
7.149069676848355925e+01
7.524594489885976145e+01
9.548837971625785315e+01
9.718188039512627086e+01
9.655449969594869231e+01
7.273393668442771798e+01
7.006571041387687160e+01
8.267046819621221232e+01
9.528926460976651924e+01
7.567696101820477850e+01
8.833303627273848235e+01
7.899679774704272006e+01
7.150012397026659983e+01
7.140135163775863703e+01
7.292080976308561446e+01
7.642930097872341832e+01
6.617329040189029854e+01
7.533125472378118559e+01
7.809671475157340126e+01
7.203180099654274215e+01
9.170546618606338996e+01
7.790507452492974494e+01
7.115769987419459142e+01
5.381299524450222549e+01
1.161904243236689638e+02
4.805624424886893564e+01
5.434287051096481491e+01
7.340196138997926312e+01
9.269725653161441414e+01
5.324600278848526358e+01
7.520382306595722355e+01
1.001716986916073182e+02
9.996247359558169876e+01
7.147771397630292256e+01
7.369260937867623795e+01
1.004288740261905843e+02
