1.027134759561387369e+02
1.375801644689653642e+02
1.375801644689653642e+02
1.294706594577976375e+02
1.312361183895604881e+02
1.331314182470442802e+02
1.331314182470442802e+02
1.027392126173020159e+02
1.360068789218638585e+02
1.378998064747985381e+02
1.444563513630551483e+02
1.372906536122060857e+02
1.404561664456561516e+02
1.307931371730079775e+02
1.300229095801192045e+02
1.436488526430544539e+02
1.276510013173344475e+02
1.331732735243002139e+02
1.380333418331209714e+02
9.329099716803956710e+01
1.221745702581544464e+02
1.291470474524654151e+02
1.379152323409607561e+02
1.400754692210677490e+02
1.384733844553201720e+02
1.331116902541335776e+02
1.310130698554307855e+02
1.352557382882216643e+02
1.414593069156794911e+02
1.436782292357318340e+02
1.312469765681816796e+02
1.399503710537417760e+02
1.282816293429480652e+02
1.433050574964901500e+02
1.253888094609188641e+02
9.412027617486377551e+01
1.001978022695571724e+02
1.382123393465335539e+02
1.056401567640643009e+02
9.896587936722330880e+01
1.383204476790109538e+02
1.178564655505155940e+02
1.403740975397224418e+02
1.340452543951094242e+02
1.022177505433238736e+02
9.942988380455416575e+01
1.379407246643336009e+02
1.002051368292940765e+02
1.334693429682343151e+02
1.020920731303953488e+02
1.394676406771123993e+02
1.175848864962285347e+02
1.447090427711189591e+02
1.342672325891334992e+02
1.384841304781742508e+02
1.019795111948409527e+02
6.649110474494699474e+01
1.377400978245370595e+02
9.437725911267828849e+01
1.342478462420970970e+02
1.328390319242985811e+02
1.081872184487919526e+02
1.066273191161515399e+02
1.293899564894494461e+02
1.326790141519940391e+02
1.318462649261518038e+02
9.988833133108408902e+01
1.368849900411810836e+02
1.165000665474412216e+02
1.029169439363040368e+02
1.330193657877306634e+02
1.012592862571811878e+02
1.321685557654753325e+02
1.394594866769699593e+02
1.370019330524981740e+02
1.370202193883002053e+02
1.010056854271709881e+02
1.396888624262942926e+02
1.259577418984948594e+02
1.000333731580357153e+02
9.965191302867580703e+01
1.325366037381274680e+02
1.304782048084795179e+02
1.037937774126651931e+02
1.024977257526530110e+02
1.428123601463461796e+02
1.405204537473230175e+02
1.308446652723258694e+02
1.018827747244082360e+02
1.338303040872920633e+02
9.327519608147169095e+01
1.116943409362077233e+02
1.125738576323137181e+02
1.029298861498018880e+02
9.857993780886539525e+01
1.360851161513849377e+02
1.388976587285441155e+02
1.351443681557388174e+02
1.277200048649498569e+02
1.309600867420282668e+02
1.165178122479514542e+02
1.094723574074613026e+02
1.029429316779127959e+02
1.017122521574166285e+02
1.024437719851442097e+02
1.323438219315986544e+02
1.361595724264097100e+02
1.400884542167100051e+02
1.365835378382026875e+02
1.418378569474912183e+02
1.359991097695463509e+02
1.402512958911609928e+02
1.401186438302694341e+02
1.385239490026893918e+02
1.050723023103279274e+02
1.332073041774883961e+02
1.023974271402378520e+02
1.350602098591290883e+02
1.403265394825394310e+02
1.364114410464566163e+02
1.011576920595064308e+02
9.835421291806625277e+01
9.991626399038855766e+01
9.657046242069242226e+01
8.911319525292014987e+01
1.017395329839910971e+02
1.029474437166321508e+02
9.795644729847214194e+01
1.396774720290018479e+02
9.707972308569209474e+01
1.385156741518598267e+02
1.314924257359715796e+02
1.397056282188236196e+02
1.030825733664296422e+02
1.081511813616989883e+02
1.036476409260843354e+02
1.371684296303675694e+02
1.411371208549215339e+02
1.036331560364695434e+02
1.034092235121036367e+02
1.009932251986630831e+02
9.615432617419271821e+01
1.031234704925516183e+02
1.413096639607050520e+02
1.032554118548923867e+02
1.420535556916055953e+02
1.088380323748384342e+02
1.328181617303188204e+02
1.386284634041438721e+02
1.152194963131998833e+02
1.356436210662659221e+02
1.342569859276454736e+02
1.351714565041714309e+02
9.308481101441716987e+01
1.006065244007930772e+02
1.340657378584599826e+02
9.089721154181577845e+01
1.079130584041545831e+02
1.376693694843212654e+02
1.067570317912582851e+02
1.125825596053051640e+02
9.952663180151951394e+01
1.032633471081350223e+02
1.382679243272980898e+02
1.292523965958182259e+02
8.615127027917388602e+01
1.353812922517436164e+02
1.421662751267303406e+02
1.401888108217790716e+02
1.017875532009076522e+02
9.698030739646897302e+01
1.024456832793209315e+02
1.364739601167353840e+02
1.389055318941881580e+02
9.940620959194623651e+01
1.190310779040611493e+02
9.630446741958283496e+01
1.299124232745118661e+02
1.383955719639813253e+02
9.941291713663564167e+01
9.778435420694144398e+01
9.233004168782755983e+01
9.893611386424119303e+01
1.293987029034930742e+02
1.345212121428638739e+02
1.074585918316424795e+02
1.305335684233284610e+02
1.039359749019767776e+02
9.977083453506186572e+01
1.000487855261885102e+02
1.362597057226684001e+02
1.421053943259358334e+02
9.632101874460526858e+01
1.383926544491509105e+02
9.789527994112859233e+01
1.036820818543474445e+02
1.058844705562449491e+02
1.440328581854923868e+02
9.969865311624272408e+01
1.381797880810175627e+02
1.392621573382412521e+02
1.148711381683589394e+02
1.377857585334452608e+02
1.375673793194073085e+02
1.049481269350448684e+02
1.361105159203264350e+02
1.001395448617200827e+02
1.376698652236943587e+02
1.006988075248276431e+02
1.448254092025277373e+02
1.403933567970312311e+02
1.377893312345828747e+02
1.035002974586658553e+02
1.360772206389339374e+02
1.054268975647225091e+02
1.367192651256669933e+02
1.374471058069934202e+02
1.400378305667457255e+02
1.363380263503589447e+02
1.318669707222971681e+02
1.343572919308295752e+02
9.946421577099150113e+01
1.068438291645441893e+02
1.003209891514373879e+02
1.438570390140639290e+02
1.294950074890664382e+02
1.359387017348602171e+02
1.313426047045007863e+02
1.443361756145631318e+02
1.026187983090106854e+02
1.292083653501744607e+02
1.009200372027534200e+02
1.280989555190903104e+02
1.278317962730172752e+02
1.198386499431545786e+02
1.435836773040827552e+02
1.417474506074829890e+02
1.343968824822852071e+02
1.120860614293818855e+02
1.411486590580430516e+02
1.304839404893786536e+02
1.306158890858995960e+02
9.802950016071709172e+01
1.022729906921114207e+02
1.305910106659534335e+02
1.246274872682396762e+02
1.298303798195983347e+02
1.297837152923009114e+02
1.305743914235943635e+02
1.441367030876766364e+02
1.348208378964241092e+02
1.285556602679758953e+02
1.069929672546439434e+02
1.205580564329686979e+02
1.167361439851268017e+02
1.289242827707602430e+02
1.283557035416523888e+02
1.388588523097859877e+02
1.293708303193458562e+02
9.223622152733649671e+01
1.267207693692111832e+02
1.383049115661970347e+02
1.282058906250339305e+02
1.314636898682900039e+02
1.027438233546396447e+02
1.064960576236250631e+02
1.387346799728589986e+02
1.267906210746570821e+02
1.279197427047298419e+02
1.379361118732606997e+02
1.307093429450987685e+02
1.391758169239199958e+02
1.378810527170178943e+02
1.035737979932493431e+02
1.308379735438538773e+02
1.302312960673140196e+02
1.303063498930780497e+02
1.290135549406243456e+02
1.383120583189242723e+02
1.278706086562604156e+02
1.314239366785489267e+02
1.302862773122947999e+02
1.400441831510587463e+02
1.329061141075601711e+02
1.380630445787372196e+02
1.209394160167388463e+02
1.258041454369137284e+02
1.248591330947254363e+02
1.078452501771682819e+02
1.290903815111049937e+02
1.391333292713841843e+02
1.332884418921044869e+02
1.319681856403568361e+02
9.921512102662813959e+01
1.241911010811603973e+02
1.365826655482595413e+02
1.390307949974100836e+02
1.115148394600734321e+02
1.307532784699320700e+02
1.369647225497452325e+02
1.242492780915461168e+02
1.276117323598783599e+02
1.318925930803332278e+02
1.248218613304742206e+02
9.967934741383018604e+01
1.392981523375343897e+02
1.144134350464652101e+02
1.299365558651157357e+02
9.307581745972076703e+01
1.361840606925561872e+02
1.316618900153935385e+02
1.261306696537775167e+02
9.877290034422289011e+01
1.132439368178552002e+02
1.383751063930468490e+02
9.795371151861752423e+01
1.405771756862428390e+02
1.374054993183573288e+02
1.381759386623498074e+02
1.011850436897828303e+02
1.345277504380700861e+02
1.305671355899460195e+02
1.041085177895820664e+02
9.611555229715339976e+01
1.259900014622509872e+02
1.328506457663851563e+02
9.813894404069738187e+01
1.303178076500758493e+02
9.917022682928353561e+01
9.823151253101322311e+01
1.354558198722793634e+02
1.233243083770024811e+02
1.324517653561909754e+02
9.811824982623461722e+01
9.594039972700875296e+01
9.730258681117010156e+01
1.251687792012859717e+02
1.354287701894974134e+02
1.023843567540996702e+02
9.955423182237322521e+01
1.029322173153157394e+02
1.357305847768224965e+02
1.337427162626765949e+02
1.302865505558238226e+02
1.035287507846290680e+02
1.349239510547198506e+02
1.376351890248573113e+02
9.876754653300460518e+01
1.082409302115896566e+02
1.353065633410296584e+02
1.323133840838841309e+02
1.371112769136058773e+02
9.988988117737115147e+01
1.302828220484633448e+02
1.406974722805379372e+02
1.037319472493024932e+02
1.304426154106336639e+02
1.344239449024339592e+02
1.438407163108562941e+02
1.058603187295139207e+02
1.372339030457063416e+02
1.407774610011789207e+02
1.391490099680620460e+02
1.054863299210627616e+02
1.314321471390599925e+02
1.138720050318235053e+02
1.368422817073206943e+02
1.386688382160626531e+02
1.374201843316689065e+02
1.217498679051683581e+02
1.366048199730928445e+02
1.331236064436457696e+02
1.384986400062376788e+02
1.453124077197367967e+02
1.406063287073054937e+02
1.412980900246652141e+02
9.768878739948316081e+01
1.452935732683930041e+02
9.965110412154179187e+01
1.424397342433381652e+02
1.363163440291601205e+02
1.050394355948757408e+02
1.361237159661562259e+02
1.399030433495447596e+02
1.017044025436194801e+02
1.398582869442587082e+02
1.375604979315016863e+02
1.047331262040215449e+02
1.167292292968215435e+02
1.227883872212073442e+02
9.303622278768629883e+01
1.326908346724339935e+02
1.415784605910991161e+02
1.434485589910419776e+02
1.319378366816873438e+02
1.450175249833835096e+02
1.319916126253056063e+02
1.370593788992734119e+02
1.279500450963949021e+02
1.322030975584436874e+02
1.394889734785884627e+02
1.010892570323266426e+02
1.234868972400970364e+02
1.029180521312778325e+02
1.172348268499953008e+02
1.005533530386432659e+02
9.877496628786107635e+01
1.390098592914401934e+02
1.386271484762457646e+02
1.325462159769883215e+02
1.115887422622662228e+02
1.389241255365678569e+02
1.171103937259912584e+02
1.417355677009069836e+02
1.416179822888238959e+02
1.247019388010108258e+02
1.178632924918896236e+02
1.151732857234893572e+02
1.391624037161498109e+02
1.309005500311561434e+02
1.003680529196136177e+02
1.393928947604431414e+02
1.080804186795221398e+02
1.311828870222281580e+02
1.175078026478680471e+02
1.167378384054132852e+02
1.298990690535382271e+02
1.149162335843400342e+02
1.418348064598575036e+02
1.396191654396911304e+02
1.415306897377252255e+02
1.178919403203458955e+02
7.359903446748735689e+01
1.372671471066119295e+02
7.401128984423102963e+01
8.779821130537376916e+01
1.287080846116723478e+02
7.316621855959965615e+01
1.195464227963483239e+02
1.350606133318053708e+02
6.668647436441591481e+01
8.281348462355711604e+01
7.089299743217711125e+01
7.155201850307631162e+01
8.033610343943428234e+01
7.723092151122564530e+01
1.133477353876962468e+02
1.374038315849178389e+02
8.781733199294187386e+01
6.349440656482966006e+01
1.167268044190807501e+02
7.729223306773511126e+01
1.164756280309302241e+02
1.131935247811262428e+02
1.151838952053413010e+02
1.084730543563151883e+02
7.553138082774485440e+01
7.736657301200865788e+01
9.221203851441363497e+01
7.897596001364524909e+01
7.629635440505339261e+01
1.377766366699506762e+02
8.283264548704981678e+01
6.730579587283267529e+01
8.692027793365508614e+01
6.964644657257845495e+01
1.422306622631526807e+02
9.017825409078541554e+01
9.374567977106144667e+01
8.752434509322046097e+01
9.266551106139849026e+01
9.199917392564175600e+01
9.246652803635025464e+01
1.396753006928757372e+02
1.384185836078241891e+02
7.041829643737817435e+01
7.743310912983766059e+01
6.487283160245556246e+01
7.774849671265025108e+01
8.263689163589288000e+01
9.498415557456117142e+01
9.178944264588336921e+01
1.034150670780291108e+02
7.693574331512839137e+01
7.601269790468504084e+01
8.207759268768134575e+01
1.036104631115631776e+02
6.841524618798391089e+01
5.704944940463251868e+01
1.223963377929211447e+02
1.424519807127867352e+02
1.324488462453759610e+02
1.233734761855367452e+02
7.872486250761053839e+01
8.005233003847047257e+01
1.373812803499492361e+02
7.452650575787251341e+01
1.183623214334417781e+02
1.025124101533405394e+02
8.327137791526880051e+01
1.022763982338317419e+02
7.904406148706179636e+01
7.177244092402237641e+01
9.209677055305481019e+01
1.160843646712126827e+02
6.338497039715875303e+01
8.149025671034470975e+01
6.928921377282011917e+01
1.276906461132481638e+02
7.243165706510255575e+01
9.776460578687246539e+01
1.137757476653852677e+02
9.523925365965266110e+01
8.101308186053809379e+01
9.876207312398526028e+01
8.403095942163490406e+01
6.516869068347418192e+01
7.501401271873174892e+01
8.526211856899101349e+01
9.820951318740281977e+01
1.052472966378825703e+02
5.170246808371558700e+01
1.021407433991269045e+02
7.705919637155790269e+01
1.168199276947043046e+02
1.163408642360509049e+02
6.656918453756718179e+01
1.042032346692984959e+02
1.068550769223894576e+02
1.204762554462394633e+02
7.946069813582261077e+01
7.282609746984134347e+01
7.580337998297912350e+01
1.176751745663310373e+02
9.070061877254711646e+01
6.631843834744405797e+01
1.103198985910577505e+02
9.077643185198832043e+01
6.581319491223864304e+01
7.646659886709808518e+01
9.593595557819134001e+01
6.706838593552467387e+01
6.795052255861961044e+01
6.804924889985461789e+01
7.002134645990756212e+01
8.640064243457419479e+01
6.559145483614888406e+01
9.465225566904474874e+01
1.056805351060218072e+02
6.946676564303578516e+01
6.099975035039984306e+01
7.083294452087164927e+01
6.785257009888043456e+01
6.936292077798395894e+01
6.993773254174722354e+01
6.951730096503762013e+01
6.847821248718793186e+01
6.591547026432330370e+01
6.981878099790820613e+01
6.882050773171421554e+01
7.830172745234294496e+01
6.950200009489991260e+01
6.924496100965050971e+01
7.457499820633053389e+01
6.249213442048399259e+01
1.004025014478920781e+02
8.639110252955616431e+01
8.654445012663225612e+01
1.277052843148850627e+02
9.240113413389970276e+01
9.645485647875533175e+01
7.149764439715042386e+01
7.751678980364111737e+01
1.316574533502733004e+02
1.093848819655554081e+02
8.018137382291408244e+01
1.355242785485438901e+02
1.379059709655651034e+02
7.360169686104755726e+01
7.682347158514197361e+01
7.435615934853950648e+01
6.408095646129264367e+01
6.183774501776235155e+01
1.332069336357126019e+02
7.827923469084609565e+01
7.700333325102180027e+01
8.680145249142825037e+01
9.195795604505227061e+01
8.873614689667398636e+01
9.358501962946199626e+01
8.056017194163078443e+01
1.053147040183465037e+02
5.841150187012976858e+01
1.343056412603856131e+02
1.173608445522869204e+02
1.300384048215493067e+02
8.189931558515209531e+01
1.202891913123211225e+02
1.093418655970395577e+02
1.063283424967163171e+02
7.317419184419988198e+01
7.209251272618182327e+01
1.009992307909182898e+02
7.444802149387531642e+01
6.592116104734827786e+01
6.437547923988503840e+01
1.049077539769734102e+02
7.423348712945153238e+01
1.139268421150789266e+02
1.420688242450715961e+02
7.703460751017018993e+01
1.123706449594851904e+02
1.382337572267614973e+02
7.496473052914822688e+01
7.434931075624598407e+01
1.190998129954752613e+02
9.982905597207032145e+01
1.307523729529783623e+02
8.066543723249351672e+01
6.680125364030529056e+01
9.223995597007628078e+01
1.089059837784928249e+02
7.200962793286268493e+01
7.220081169786568864e+01
7.087739600855148581e+01
8.881917150429245567e+01
7.863965761416001499e+01
1.100995888016828559e+02
1.408842663736583631e+02
1.087519876065983766e+02
7.195433571872740686e+01
9.228235172249462437e+01
1.421168693186516521e+02
7.549118185620653776e+01
1.226544147348941749e+02
6.388745552918084769e+01
1.236751234300084974e+02
1.201965068538050190e+02
1.085211128462363916e+02
7.461387351693335290e+01
1.087823859083231355e+02
7.569707994918776706e+01
8.931613923903618968e+01
7.561220251208573018e+01
1.003210034444541066e+02
8.350817564116164249e+01
1.057393083473415061e+02
1.177192861134300159e+02
7.421789561947271352e+01
1.472293966096106317e+02
1.149709986216052471e+02
1.231540435845792700e+02
1.203682581408811529e+02
7.191451556999614070e+01
1.168723178930438138e+02
6.023665195974587050e+01
6.178811413711601119e+01
8.235298318571915388e+01
6.357427201665808525e+01
1.233668452249266636e+02
1.140400913390062669e+02
1.084402112214213361e+02
7.099289280944429947e+01
1.348652745273641074e+02
6.966707587365849008e+01
1.348671044171382505e+02
1.277960545089349154e+02
1.229004530396494062e+02
6.639739041829608368e+01
6.816113646380273394e+01
1.123985232831066128e+02
6.947080121324401603e+01
1.298307685326797412e+02
8.888061222062685829e+01
8.644431700529803209e+01
9.865307960533745302e+01
8.435473894702312236e+01
9.686426520690021391e+01
1.015524613787728470e+02
5.703755487720098216e+01
8.107375947277957096e+01
7.394712058993279413e+01
6.494199999464021289e+01
8.006758278005891327e+01
6.347894544628114488e+01
7.930311493592711258e+01
6.102590134339533279e+01
6.268973805838795954e+01
8.100051132410129640e+01
7.179179644390430326e+01
7.507903053366676716e+01
6.815688090750929007e+01
1.085884039327370374e+02
9.154146158083869977e+01
7.441142855276969215e+01
1.224520472227385142e+02
8.891780048950394644e+01
7.158301558145312526e+01
1.127945045810029399e+02
1.320589619152930823e+02
6.662550520422955458e+01
6.730482805296836091e+01
4.994555859457257441e+01
1.019145637034832816e+02
7.403027415418065971e+01
8.495213567275294508e+01
5.662028056601202053e+01
6.963893792932356064e+01
6.465776661556731142e+01
6.687683804369549989e+01
9.070450326100029770e+01
1.370861334654487109e+02
1.204737058576589703e+02
6.384184832782613483e+01
8.078296805349030762e+01
9.273809839125715371e+01
6.573117244643005108e+01
7.722578758948837674e+01
9.629847098627850244e+01
7.566415561505108656e+01
7.308535111483674029e+01
7.055738349439758395e+01
7.018966280432164240e+01
7.031046504961187793e+01
8.647697614109605979e+01
9.283744920830407921e+01
7.434446504390689370e+01
1.295816111252271412e+02
7.069335355655802289e+01
1.368235425670252141e+02
9.140819733384074652e+01
8.776866433387552036e+01
6.908704692397122926e+01
1.305372179921343729e+02
7.234823462447009490e+01
1.343808420638750363e+02
8.961132737069684140e+01
7.626749992365868991e+01
7.176237021189578513e+01
8.341756324225224262e+01
1.027132433001643648e+02
1.234820166361267297e+02
7.886223861099054488e+01
9.807369640721950077e+01
7.564611308046598026e+01
1.074919912050487341e+02
6.728793117453926698e+01
7.354257833509130649e+01
9.205854581096104994e+01
1.248221005453941501e+02
8.339010813589698046e+01
9.623437225213177726e+01
8.312513005187705062e+01
7.767802889174298286e+01
1.214490061026009045e+02
1.362733533815642772e+02
9.313281956305465314e+01
1.313703501787249763e+02
8.260505652244533792e+01
1.211381849859166095e+02
8.778564818259889080e+01
9.908796753458516093e+01
7.081801875612229935e+01
9.065910615530455630e+01
7.427155599265138619e+01
9.463277955127823304e+01
6.833834463607865928e+01
7.267874555155741234e+01
1.206849159274315184e+02
7.228415240571293054e+01
7.496589348799905395e+01
1.021608439704745308e+02
7.399267165128168244e+01
8.263417449690362560e+01
1.227965579549381516e+02
7.961908950032305654e+01
8.505045195714372142e+01
9.763272651997321816e+01
7.565556173768385406e+01
1.234890285224987849e+02
1.346279241440163332e+02
9.115834850063070860e+01
7.723544045740307240e+01
7.720071985381963486e+01
7.739116851527037966e+01
8.933629827444548255e+01
9.198378943011327635e+01
9.292738878010339931e+01
1.326644588083262875e+02
1.319882466755570363e+02
7.520263377827819795e+01
7.132028475773672938e+01
1.105925626016259997e+02
7.769385328971647198e+01
1.339388441755205292e+02
6.900752767358135031e+01
9.002296126959488731e+01
1.118475489185955922e+02
1.171954842619372243e+02
1.320003822263010989e+02
7.548858245815789303e+01
6.683283119053380972e+01
6.503024411755592382e+01
7.803743646312560145e+01
7.037168957725334906e+01
9.477917809707622609e+01
8.998184047001234376e+01
7.390484163988402599e+01
1.427256342671462619e+02
1.113560524754205687e+02
1.368498173716671147e+02
7.388067713255445312e+01
8.055285978878023911e+01
7.274705593034293827e+01
8.684844338287855692e+01
5.760788647055676392e+01
6.841027131085918711e+01
5.797129037590673306e+01
7.846514530319059588e+01
1.020945758692822807e+02
8.270259452830799773e+01
5.819926203188229863e+01
7.351124443317229407e+01
7.549419681242046920e+01
7.208894771779819166e+01
1.015506275784502037e+02
9.488596870986700083e+01
9.644668421784859902e+01
7.062966148210961137e+01
9.230031514926818659e+01
1.012869307003808217e+02
1.320288995256838120e+02
6.887992223483237808e+01
6.871779175852444155e+01
1.080159156212426979e+02
6.964255383003012412e+01
1.142995031772177157e+02
8.329466160429541333e+01
7.975960067427124045e+01
9.477766835470232820e+01
7.689326106782358750e+01
7.989157293920578695e+01
7.823362221138390282e+01
8.007261273375360133e+01
1.162590844741576035e+02
6.794428681854924434e+01
1.318402137331824804e+02
1.035697513379978716e+02
9.276161001081297286e+01
1.469754952729016679e+02
1.160277895656060565e+02
1.087838016860040682e+02
1.031148701818086550e+02
5.656846509576642745e+01
7.579555917800138332e+01
8.695471105718694105e+01
1.204240649000503680e+02
6.753302081843014548e+01
1.269923794551048815e+02
7.050594257883156502e+01
8.806904146497409158e+01
1.290367411157795914e+02
7.788631640619182406e+01
6.794688579134859197e+01
7.587836556717294911e+01
7.427319877206545584e+01
8.577073022046978679e+01
7.895368967117330783e+01
8.799007498564820651e+01
8.187153848609001727e+01
1.161965402378737622e+02
1.165461473980720228e+02
1.286304254055619936e+02
1.155492156664296175e+02
1.082633311814342250e+02
7.351897602156185485e+01
1.235894716395045236e+02
8.818418513722019725e+01
9.411875292603004084e+01
6.051649985809734744e+01
9.962419107515522398e+01
1.099269188649649180e+02
1.101308472530140961e+02
9.186762419105984634e+01
5.778831560272897150e+01
1.116151923410307063e+02
6.763289073084548875e+01
1.258386253710776543e+02
8.010885382155989021e+01
5.487116962648773466e+01
6.879290687971095508e+01
9.068583840235859839e+01
9.333601890165995485e+01
9.778285919858251418e+01
8.917784401514876436e+01
1.387375731687285452e+02
1.158215371474112487e+02
1.288042503447065030e+02
1.142882535629030798e+02
1.194645286340532380e+02
1.188151295658817190e+02
1.035567630050699819e+02
9.996359284803321543e+01
8.811129850100455485e+01
1.181558797644361221e+02
1.152966679567664556e+02
7.910278002731486424e+01
9.340070133355513349e+01
1.186677504464075383e+02
8.143634261473339109e+01
1.345773507157920506e+02
1.151061156642049781e+02
8.776666011666220868e+01
5.655568478847838065e+01
1.199151427436019191e+02
6.242579180565100216e+01
1.264879679951732356e+02
1.199681681717713957e+02
6.833100071727163538e+01
6.305011882258931877e+01
1.236051712182219973e+02
7.706575701011068702e+01
1.132501652915325820e+02
7.010793613969084959e+01
1.220390676386053315e+02
1.433459442469225564e+02
1.433459442469225564e+02
9.578901949291149265e+01
7.450998569402453597e+01
6.345760613675755479e+01
1.077227997780386914e+02
1.030519515987069354e+02
1.272245734057830617e+02
8.262477126176236197e+01
5.681044966020731835e+01
6.717424629953998760e+01
9.190952144236656807e+01
1.110256564521941840e+02
8.402227426742388161e+01
6.694858217253027988e+01
1.260766451601911911e+02
7.678560498929508071e+01
6.838598997077055230e+01
6.741787233912798172e+01
7.218315261709147990e+01
1.357084268111115080e+02
7.552522068567331814e+01
1.041119520888928349e+02
1.328740248870442997e+02
6.691578874086012263e+01
7.290836008623905684e+01
9.035248870423355072e+01
7.597761465619885257e+01
8.307376704101294251e+01
7.030269823263196827e+01
1.025289101362633346e+02
6.991505916372381080e+01
8.543278553249133722e+01
1.249255607796276593e+02
6.387377418367336190e+01
1.179667265285907547e+02
1.231699086832909416e+02
6.181124957388041707e+01
8.725732965694771792e+01
1.017636757548427084e+02
8.170754879729842912e+01
7.424808245681053620e+01
1.088965582918623056e+02
8.564306490560630891e+01
6.425641167021007050e+01
8.696554168618931158e+01
6.856908805881434432e+01
7.882050815117763420e+01
8.411584704571846771e+01
1.293451985294653070e+02
8.056566245703575646e+01
8.575380496650559792e+01
8.757898051560195540e+01
1.314040018393623654e+02
7.420971109515127750e+01
1.062806044259551754e+02
1.157567492680228582e+02
8.524223303609382185e+01
9.031492706501079226e+01
1.184850890563955517e+02
1.101699474014157545e+02
7.486056462757926511e+01
6.699120472384082348e+01
9.936033431198660537e+01
9.465374635024157612e+01
6.612866102993908157e+01
7.707864187853067506e+01
1.018665699552653336e+02
6.426683663417956893e+01
8.193838743759307874e+01
7.419944195031530398e+01
8.241373598678049461e+01
1.016088782753854503e+02
1.416348038933132898e+02
6.498984726224973940e+01
7.234404823561989417e+01
1.147438366830579355e+02
5.817026423635999066e+01
1.401401176448092656e+02
7.304572908483049787e+01
1.076423015773849272e+02
1.329183808795217772e+02
1.162310798492063384e+02
1.265990597607279540e+02
6.951908547075967704e+01
1.250421519894714635e+02
5.201309457020876437e+01
1.320805128563931703e+02
6.350106619553667997e+01
6.499685596473769067e+01
5.129213515388074285e+01
5.043313542823631934e+01
1.149009033449039805e+02
1.446040658813677169e+02
7.224869828180352727e+01
9.620483100129213483e+01
1.057488943534764445e+02
8.217206461814488705e+01
9.232943317260971128e+01
7.809958308468931421e+01
7.314989531363394804e+01
7.761732467943475910e+01
9.337786974518094496e+01
8.762942687476073900e+01
7.520468230077503335e+01
7.125621139307747853e+01
1.221331520440349721e+02
1.226953082249233944e+02
1.049722537449961095e+02
1.277766062256384600e+02
8.433107083163379514e+01
9.199207603561839619e+01
8.886709195062596223e+01
1.392608091668326722e+02
1.219316191488917553e+02
6.792466310194917867e+01
7.048738470112598975e+01
1.225054623013789836e+02
1.454814894825315434e+02
1.225603569798256416e+02
1.066591963393241116e+02
1.282015144424492803e+02
7.157478326121582768e+01
9.344434270698607747e+01
7.887048873496001988e+01
6.321185891449282934e+01
1.089483838297411182e+02
1.142970617734440850e+02
8.148814981937704260e+01
1.076648444454600053e+02
1.411434718563318995e+02
6.420558761042212836e+01
6.528692346147188630e+01
8.292055121940008178e+01
1.172976781545377207e+02
1.044222353659831981e+02
8.190089605668008232e+01
6.415052175268951373e+01
9.101221189917731635e+01
1.167839820222190497e+02
8.868153585534719241e+01
6.208858103517247429e+01
1.385812999552059352e+02
1.336868028077527697e+02
8.432186506883446953e+01
8.539121829902607885e+01
7.576894198652074408e+01
1.077674738483089811e+02
1.215546572062198436e+02
7.108710732481983996e+01
8.680265176437897878e+01
1.281162793480553432e+02
7.123321031172723394e+01
1.391216834084814309e+02
1.108400945367806543e+02
1.226104380280792441e+02
7.700322791535053568e+01
7.119262702195095471e+01
7.074100051169926928e+01
8.567910062514737035e+01
8.721988897373431371e+01
9.161754451862265114e+01
1.330525474964105683e+02
8.958159219950449881e+01
9.627055290853003555e+01
1.215254859742088627e+02
1.212024428310158584e+02
7.097009193723178555e+01
1.325744944680972424e+02
7.615829891292061404e+01
7.773565915234961210e+01
1.261937595726312651e+02
7.941325156529777018e+01
9.502555893158202593e+01
1.445609032418033166e+02
1.044414488149109133e+02
9.235098007015641031e+01
8.829048197639136220e+01
1.380554133684567830e+02
1.098186078337822522e+02
1.164026822532440519e+02
7.260217802824057287e+01
7.401929828597799599e+01
1.231230556094495086e+02
6.854637852457950942e+01
1.450673680776795891e+02
1.252582456234106303e+02
1.164518213401985491e+02
7.635219711057283121e+01
1.022241646944013524e+02
9.232399683691562586e+01
1.198202795758928971e+02
7.007297025750249020e+01
1.108028496748648735e+02
7.744374418229986645e+01
1.134246401002076823e+02
8.324883385309998118e+01
6.867948441265212978e+01
6.882789387684438509e+01
6.892653073501101346e+01
7.785172009801092941e+01
1.428880676137919465e+02
9.584492134105666139e+01
1.366341935162440961e+02
6.334996543897801757e+01
1.162421930156657481e+02
1.110834988425205978e+02
9.044318999464738340e+01
9.002984633854362073e+01
7.399844790512707959e+01
1.290359416836666924e+02
1.020382065554733231e+02
1.029320102632157159e+02
1.207729512576912612e+02
1.199227197843686668e+02
8.625286726749591537e+01
1.254141349061268471e+02
7.322675439347801785e+01
9.192293445178810884e+01
1.160310369421997478e+02
1.133631966517927623e+02
6.946879774742781422e+01
8.313044117447421399e+01
6.949906394253719100e+01
1.084680768843627305e+02
7.911299991827445410e+01
9.898390213694430884e+01
9.669102929826851778e+01
1.089634720751522536e+02
6.807995963944038920e+01
8.835083195509183440e+01
6.699799649382531186e+01
8.368325560328686663e+01
6.231701326901487192e+01
1.353304069067015405e+02
1.155615136727016221e+02
8.543971353655958012e+01
9.772194945722675641e+01
1.025530170574464250e+02
7.041727119020754344e+01
8.114343565923383039e+01
6.913415173744986930e+01
7.428070205188991793e+01
1.030892670294876439e+02
7.449670026119258637e+01
6.396639589004998783e+01
1.275271039118506167e+02
7.084507914496221304e+01
1.273357098115404824e+02
8.774953037408478451e+01
7.328952684095932568e+01
1.130251717518814161e+02
1.410250249746947020e+02
6.986834622641400472e+01
1.330053406205699957e+02
6.579883153641465299e+01
6.165654584898268098e+01
1.048129068200620537e+02
1.196214184084468002e+02
8.096370466029004831e+01
9.291601112817484420e+01
1.171150415189808456e+02
1.204298105055157606e+02
7.103281743539247373e+01
7.563139973090142121e+01
1.211633938508933710e+02
6.868831414000014490e+01
8.705807852255701107e+01
7.735699473975236629e+01
8.552949074049487876e+01
6.905768538170434567e+01
6.899881169750304366e+01
1.160770647871640477e+02
8.231137964298198995e+01
1.248198360209911044e+02
1.243060354398181744e+02
1.099743726865645641e+02
8.028484331949107400e+01
9.935504350900740178e+01
1.212234623959308379e+02
1.195931445330440965e+02
9.569747795053113748e+01
7.287701961524255978e+01
6.988828032073217855e+01
1.375078512034956759e+02
8.169821491338919373e+01
1.166403797638227360e+02
9.359382860658116954e+01
7.779263000345777357e+01
1.280253496056493816e+02
7.642067805940234848e+01
8.788591305045692081e+01
1.053563600732273073e+02
1.080757443072916999e+02
1.169503413465933050e+02
7.630997096041578232e+01
7.017878411346435996e+01
7.783531505908543124e+01
9.634469828731154450e+01
1.024751548397432686e+02
7.584650483971334722e+01
7.248869895325361767e+01
1.347741389864165171e+02
1.284168308493332233e+02
1.170475502252777318e+02
9.852219411378406733e+01
8.855827855870595045e+01
1.424211533985392180e+02
1.138049940063159937e+02
1.097682958344308304e+02
7.678014610795275985e+01
8.115487439865174224e+01
1.180300386541744047e+02
8.698321896998811553e+01
1.025509118736102749e+02
1.095605586795870607e+02
9.404554658225374908e+01
1.163526200885818724e+02
7.164616811752462411e+01
7.764679253694501426e+01
1.107336199470015714e+02
6.872498027179280200e+01
9.090901926385002696e+01
9.628646860240749561e+01
1.011012350689774308e+02
8.218408150531884360e+01
7.328386141484297411e+01
1.173895917813424603e+02
7.995490126067616643e+01
9.433002644316682961e+01
8.685631489335661115e+01
7.079763184274651167e+01
6.940308795456502367e+01
1.307930774961189684e+02
8.668553356105759633e+01
9.873811393923163848e+01
7.248023388274826573e+01
1.437263274493363951e+02
7.531139440757898740e+01
7.544183680221466659e+01
1.327968939774875707e+02
6.024816728237791352e+01
9.415750042337117520e+01
1.226593825168969119e+02
9.006964652733618948e+01
7.846566601106731298e+01
9.217341378738827018e+01
6.938150798085439419e+01
6.656598160797567232e+01
1.162295068307886226e+02
7.702337902981405193e+01
1.297704857177283770e+02
7.879504034345458763e+01
7.850647419290869777e+01
7.734789967959623880e+01
9.655070549176241457e+01
9.687012323922087376e+01
7.993542942682307739e+01
6.534896250834405862e+01
8.788840082683594801e+01
1.045849321734856545e+02
5.710947309980852538e+01
7.325564151042418359e+01
8.629338104835754564e+01
8.142612916409005663e+01
1.355704317126289027e+02
7.082859549664195242e+01
7.026086498654044021e+01
6.801048610091280011e+01
8.520237690319650881e+01
6.744920051883268286e+01
1.469085293648334414e+02
1.333250691431859991e+02
9.778256755696304481e+01
1.207053476823394931e+02
7.285362121967249038e+01
8.759059113474508251e+01
5.910584807713542688e+01
8.216392973175194925e+01
9.142031751723534683e+01
5.873238871652579718e+01
1.469874922287610275e+02
7.622907439656569295e+01
7.817527536990509418e+01
9.373232216044574727e+01
8.510467751268683401e+01
1.005085856687499160e+02
8.686360777959554014e+01
7.285409413298476977e+01
8.523636314304025063e+01
8.268320470142455747e+01
1.279126215647677327e+02
1.342307011198394946e+02
1.106605020124930547e+02
1.403022704218863055e+02
1.147939766743052132e+02
9.098582204993417122e+01
1.028492994581703499e+02
6.714103073045795611e+01
1.419959672056341446e+02
1.185560738906968368e+02
8.607533090952176735e+01
8.006337684150388156e+01
7.227446654752371558e+01
7.125994837126489756e+01
1.060281396281517630e+02
9.193747402712405403e+01
8.219907032786839807e+01
1.393745028780027155e+02
9.051152423089838805e+01
1.221328309812869151e+02
9.878198700790883890e+01
8.155224816352409789e+01
7.733646863613425637e+01
9.120619990154938250e+01
7.431169609025893408e+01
8.785852980739856832e+01
7.451476199343986195e+01
9.914553508410290306e+01
8.168828236301349932e+01
8.785669519821550466e+01
1.086386141062708930e+02
8.780280770760252551e+01
1.225154087254560551e+02
1.236126923819338401e+02
1.223094758574628571e+02
1.067858729653035397e+02
1.127493606285994616e+02
7.334550249618420992e+01
7.991012799706564351e+01
8.721559455137384020e+01
8.202521171381646070e+01
7.343668618976117557e+01
5.841897974218220213e+01
7.464111793564526920e+01
1.368323482468331065e+02
6.085808501742528875e+01
7.375850268196862203e+01
7.996142144247423289e+01
7.830255688247544299e+01
1.361614595652707465e+02
7.817899511606191254e+01
7.474931484308839913e+01
6.968306251060310785e+01
6.946279091972246533e+01
1.224728867225060611e+02
1.039654524686680190e+02
1.178099408609212020e+02
8.300533655653602239e+01
1.033118662089214013e+02
1.015935473403783931e+02
1.066740332106197968e+02
1.071024225948457911e+02
8.159621023449459187e+01
1.139745184539220588e+02
8.970587358737448369e+01
7.501350628210335003e+01
1.044407466360848673e+02
6.977381002140752742e+01
7.320450431314681339e+01
1.299862084799098909e+02
7.301141880433510778e+01
1.452479894183753117e+02
7.248136471505047496e+01
7.725648800339472189e+01
7.225308369997235047e+01
1.125416518294260300e+02
6.294020865823188871e+01
7.724812481911284578e+01
1.219453131277866618e+02
7.660597301523642955e+01
8.731981535774511372e+01
8.912289872711156136e+01
7.724011141977872796e+01
8.980614568651986929e+01
1.068803587149371168e+02
8.065159492701818067e+01
7.606462028528754615e+01
1.055908358475263213e+02
1.210659439168622953e+02
1.214932712525674390e+02
6.455485800151303977e+01
8.132070087066114183e+01
9.431252031698075200e+01
7.929700117640969381e+01
6.743642677936746566e+01
9.356900962895483076e+01
6.549299282068028560e+01
1.117107532769418867e+02
6.931189070361416782e+01
7.406545349551018376e+01
6.822924029139154811e+01
6.838955217875778203e+01
8.875980865051494106e+01
