9.982006015320667558e+00
6.623343732374523007e+00
6.623343732374523007e+00
5.243225613475727798e+00
8.297189313714731895e+00
6.530418756297920346e+00
6.530418756297920346e+00
5.528047389938406830e+00
1.663041892694463186e+01
7.746851500973185090e+00
5.810453172392344712e+00
6.516440132155489451e+00
5.508099853370370447e+00
5.556042586135746753e+00
1.107890732128835332e+01
1.149780294994786090e+01
6.736025507981250549e+00
7.309934945448790522e+00
1.073704718068439234e+01
6.305696736779866640e+00
6.954499594203877422e+00
2.158437350040296110e+01
8.552430413823348232e+00
6.637249931760167421e+00
1.427234922475274992e+01
6.673343962585748912e+00
6.222622902953072632e+00
5.687366241693139202e+00
7.183782654444252458e+00
6.912777465515429043e+00
9.508867850658223375e+00
6.335383779206899213e+00
6.323226744161683399e+00
1.802970630760471593e+01
1.331661018811685793e+01
9.160920581706040622e+00
1.076914265499168621e+01
5.215151052203939486e+00
1.954345795624563209e+01
8.470552823612162996e+00
1.587059776605436312e+01
6.498925171574398085e+00
8.441495294761379498e+00
5.964519274126480752e+00
1.739086222040288021e+01
9.466376405723112342e+00
7.444977287810782940e+00
6.278822184194771339e+00
6.237052712095985108e+00
8.317630652323012797e+00
1.064123469006143274e+01
9.735252325288275443e+00
7.395336269926050754e+00
6.018766281377327942e+00
1.698273450064126777e+01
6.149158951525580008e+00
1.619272487911093705e+01
8.364706945793498605e+00
9.770968198398295002e+00
1.132954754338725856e+01
7.776506697233882548e+00
1.145839209486119792e+01
9.695422573585261716e+00
5.771648729874481631e+00
1.148744029484366180e+01
6.368972421845261245e+00
1.184072219203183174e+01
1.283914550847894809e+01
8.424612464063930162e+00
1.777763624925123764e+01
9.596359086877900069e+00
6.112165962123105700e+00
9.040998376881139720e+00
6.914607308443544653e+00
7.359337985593955800e+00
1.724819756008559679e+01
8.993202310645191488e+00
1.187688366844822063e+01
6.274000462377402165e+00
9.428478770587656044e+00
6.387922634125637877e+00
6.804683135597447752e+00
8.780063118153174528e+00
1.184955100615989565e+01
2.135361722884093183e+01
6.697520842205835656e+00
1.639859058365335542e+01
7.562540651033222261e+00
4.778825871286079163e+00
9.668827639996324663e+00
1.596486908579150388e+01
6.674526604305340172e+00
1.015220395919544494e+01
7.377512567533307752e+00
9.592144645620852117e+00
1.136731229777548080e+01
1.111261792816000948e+01
8.177511563235274394e+00
7.441837159670113166e+00
1.040673535272514627e+01
8.585206017262777323e+00
7.955854129377843087e+00
1.349725728750227027e+01
1.036661285325278037e+01
8.674557930921752202e+00
7.087897222055317137e+00
8.697254194432277430e+00
1.390151609171681812e+01
6.811671113422939072e+00
6.208888147654097800e+00
4.172319159092908336e+01
7.987797452439255430e+00
8.615021127892481090e+00
6.360914761816829355e+00
9.707069426353688968e+00
8.822032618878909105e+00
1.624309617884562940e+01
9.126270923414896430e+00
1.349944928362426388e+01
2.181771413786893632e+01
1.052124129950802001e+01
9.597544472475977528e+00
1.272567663133747828e+01
1.014830107703555839e+01
1.902639392796264772e+01
9.934110195369612484e+00
1.057663386074296419e+01
9.630552949824185305e+00
1.063681888794108588e+01
2.813798470717402722e+01
5.830394546587304383e+00
8.875124548224555099e+00
6.673233054772303774e+00
1.704400289814230263e+01
7.421033675431876198e+00
8.120337215909652073e+00
7.168146001287728275e+00
8.544382669627433202e+00
1.765995435950322445e+01
1.132684841110473073e+01
6.372010339128676648e+00
1.871716127518133632e+01
1.618724657328170480e+01
9.013517253477637325e+00
4.681705489087815586e+00
5.067222128735036080e+00
9.205159060824620099e+00
8.873362138686680112e+00
1.608373787896702822e+01
1.213953674633925850e+01
8.214374580461626607e+00
5.907948668546260329e+00
6.581071119677081249e+00
7.623469871429262135e+00
7.043817266420441037e+00
7.988209510027992621e+00
6.280643792321606966e+00
1.052694732649871590e+01
8.494178964939692378e+00
7.945154294072561463e+00
7.986303965248989556e+00
6.639859699136790638e+00
1.597144711069116596e+01
1.058179377396615628e+01
6.515511151567267234e+00
6.594236323603859695e+00
5.101843716971107057e+00
6.088957547828197647e+00
5.961602773967095814e+00
5.564573304606932780e+00
5.393742388559191525e+00
1.070864136298313873e+01
1.574804583872151298e+01
7.357923872313626212e+00
7.663575839169762816e+00
1.993741996372506975e+01
1.993265686090777677e+01
5.303747786812480491e+00
5.116751068809341163e+00
4.844065022815076560e+00
5.337423050185850393e+00
6.736097386622543759e+00
5.871362081311465531e+00
4.779347167674903751e+00
6.728390686609150961e+00
2.015431066007264249e+01
5.822295991359990985e+00
6.052599093093673055e+00
5.242199023538506530e+00
5.559844011112423878e+00
5.796121178580833089e+00
5.227659690769126399e+00
5.918352646549216445e+00
5.631632617946619845e+00
4.961279378693941311e+00
5.722705075792394069e+00
5.961812206282582238e+00
4.905360239332583028e+00
5.803578504847021868e+00
5.551196098384785671e+00
5.171094384384967491e+00
1.151412013036984483e+01
4.849280246112588344e+00
5.172529273814494566e+00
5.830177245299021926e+00
6.041059265601703032e+00
5.043640981481256169e+00
4.883408856282039245e+00
6.019638431465073936e+00
4.890080352866856828e+00
5.442282417253955451e+00
6.111538799252676846e+00
5.521779034445733814e+00
5.110638681048873977e+00
5.810438888517551526e+00
5.351161304586693035e+00
1.623447030520697609e+01
5.696270405242128909e+00
5.966108677287311757e+00
5.436437768268143067e+00
1.135481058253756892e+01
1.485707129929523340e+01
2.145285379752009547e+01
6.107972604532581506e+00
6.441431851662295038e+00
6.120632015728952879e+00
5.765907008345151574e+00
8.110624981073582873e+00
1.247211271830085089e+01
4.805492139641707183e+00
5.406028428043796019e+00
6.237753127589075852e+00
6.665949907126949903e+00
1.062324913867886345e+01
6.637136722008933454e+00
6.732288977334766500e+00
6.886076278507331061e+00
9.218696558155821563e+00
5.068693346164450553e+00
5.166280524640298744e+00
5.983224858261731782e+00
5.367498348877744796e+00
6.178585340055265718e+00
6.697067151275286179e+00
4.660669948802464546e+00
9.687200437489682514e+00
8.961719166090064803e+00
6.052272371572578358e+00
6.922133600638234796e+00
9.615557189201023647e+00
4.966910983053526962e+00
8.962855534381585443e+00
1.172497222949216500e+01
2.082187236356602256e+01
9.736789461492161735e+00
1.072870871318733066e+01
1.092859672357436374e+01
6.575446473761668464e+00
6.217288216252550903e+00
6.159844435313172717e+00
7.502248600394597844e+00
5.128626060299708911e+00
5.048075936302436340e+00
5.370931928742367134e+00
5.158699444741450257e+00
7.449017733551859699e+00
5.216921911538342727e+00
5.983070447158799432e+00
5.110997227161590217e+00
6.410304020799230784e+00
4.758135151075355118e+00
1.898812035812794718e+01
7.488602497144254855e+00
6.479384389315257842e+00
6.803809274942432594e+00
7.147294491967398855e+00
7.107547848815304548e+00
1.549651272264806856e+01
1.550529628542773430e+01
9.279764675318391554e+00
7.485030049336569569e+00
7.025824249530912446e+00
1.117100406664913059e+01
8.031727521281327498e+00
5.617460190281304833e+00
1.108073742463355060e+01
1.210816182045161327e+01
7.643798928980547025e+00
2.112788594818410814e+01
1.077372690992993398e+01
2.026571341266808801e+01
1.451581520496949551e+01
1.334952499106098145e+01
9.980015124781360214e+00
9.612708558554420080e+00
5.649930901402496985e+00
1.326333243382742388e+01
1.738161917163689552e+01
8.675036019626395145e+00
7.131120428203939987e+00
1.005390293150088787e+01
1.092857842445454253e+01
1.210745275061861648e+01
8.169972770383594707e+00
1.334626474208130276e+01
7.292761616753524301e+00
5.741042049977518325e+00
8.964780638495845722e+00
1.107126309176649315e+01
1.159143319132083860e+01
9.544394203569014579e+00
1.158381153967486199e+01
1.233174049086824731e+01
9.638034916949470343e+00
8.307259530019660332e+00
9.271465126175193916e+00
9.234243308354809443e+00
1.315831703820914456e+01
8.068274176713220669e+00
1.933728954049400528e+01
2.175354014250475743e+01
8.169583235417801959e+00
8.097458566775166844e+00
9.174754693747004808e+00
1.347004157663801927e+01
6.361728718776256564e+00
8.071422073443070389e+00
7.584071818044612279e+00
5.135093178469477770e+00
6.150280323086373180e+00
1.533816033270407075e+01
5.224306002344564881e+00
7.030927807200075819e+00
6.931670995038475169e+00
7.469978359105993171e+00
9.802307465121410601e+00
1.883233799253201468e+01
1.610397676558082125e+01
7.750882779382657795e+00
2.252257941422668708e+01
1.030045982770782054e+01
8.233239775831446394e+00
1.012930209807880289e+01
1.694164902932006456e+01
9.779107124476345447e+00
1.276199032372339559e+01
1.330551413356428370e+01
2.167768368645852917e+01
1.304560233754855325e+01
8.459955133325694376e+00
7.715417290156788788e+00
1.838277621033886433e+01
1.771069886337523869e+01
1.310417586867348305e+01
2.467125270057002595e+01
2.361111778349091495e+01
1.694035258052450388e+01
1.470552934654060628e+01
1.356015681069422207e+01
1.221228917235629474e+01
1.074999268755313864e+01
7.405042615425973196e+00
1.598269147369959065e+01
5.852697434516882069e+00
9.191226535220359040e+00
1.021500524913335717e+01
1.305877449607976182e+01
2.111405838783330324e+01
6.421136810321367960e+00
5.186292578501551453e+00
7.380044185659537348e+00
1.135326954772170538e+01
9.189084933095280405e+00
5.340593159264171774e+00
5.169137449420603048e+00
6.101790231970290357e+00
5.086973317888634938e+00
5.316357694730756478e+00
8.956187717876344934e+00
6.076216483827910686e+00
5.910784342145526615e+00
7.832574494440928348e+00
5.123078701838115201e+00
6.057155176786181094e+00
5.786904147483550531e+00
5.490132995660308879e+00
9.376662947033970852e+00
5.917654669946449175e+00
1.140560967166137196e+01
9.158825574831601202e+00
9.795242300160428073e+00
6.798921041241158036e+00
6.151317793126625411e+00
6.351765895943715101e+00
7.959617384731338952e+00
6.198383264173002338e+00
2.256819932420776098e+01
4.984424736514251109e+00
8.998614877836541126e+00
9.444946742150371222e+00
9.529353036045630887e+00
5.876351475090088705e+00
5.362896206039410529e+00
5.418300398967184961e+00
5.782166411089438185e+00
5.743592945207688594e+00
8.404627484338606180e+00
1.162947233481616927e+01
1.269896020159896288e+01
2.082865282744470647e+01
5.738680815134890700e+00
6.005398521880977114e+00
5.437604088140212788e+00
6.641877131174516613e+00
5.552200352559487406e+00
1.126667509506141940e+01
6.448032064882013081e+00
5.950000784201318282e+00
5.906377929555804762e+00
6.237767653495437159e+00
5.909275869542216064e+00
5.258628675116117535e+00
9.956590407813262544e+00
8.415205907117703887e+00
8.171286271504982324e+00
1.549682537919557745e+01
5.793120954781729282e+00
1.120448380700123714e+01
6.035234255221720190e+00
5.254114925140295433e+00
6.275781240109608916e+00
1.399456097267742827e+01
7.162036593492469905e+00
5.464706959655927676e+00
5.985593395781250159e+00
6.326008727369207385e+00
5.578737871936771064e+00
5.424116633580044144e+00
5.669590121233415658e+00
5.572627668515597321e+00
1.104461464109298241e+01
1.482571720240562563e+01
8.970688362421958217e+00
6.391418046628927208e+00
6.174563054749256708e+00
5.950626934065916807e+00
1.135557088059530528e+01
5.859667091304275210e+00
5.419395547965946136e+00
1.597288094050706952e+01
7.362429942886183021e+00
5.880810481012006541e+00
5.589642868065974213e+00
5.580629106009836526e+00
1.044695402678584983e+01
6.121333374498433066e+00
1.103506548908345941e+01
6.630876795821553316e+00
6.101860472184430506e+00
1.142822995200025993e+01
7.232876752482600757e+00
7.851853331792923107e+00
6.970933123957981259e+00
6.926251790253217244e+00
6.249207250583255657e+00
2.108203892024828008e+01
5.973113706943760093e+00
6.848912884322722938e+00
6.600446091237436086e+00
5.800205538809080963e+00
1.049046417410923837e+01
5.798782082330154353e+00
8.997351181091262973e+00
5.571257269505279552e+00
5.853429758730207766e+00
9.532852714393412086e+00
6.655850965251874918e+00
4.811012748209507528e+00
1.677719609964865910e+01
1.597907733579658718e+01
1.545703565098914112e+01
6.257746426228620429e+00
8.126103455654224206e+00
6.392668000797249839e+00
9.752973863532735876e+00
9.936336141614502182e+00
1.974484537565066944e+01
2.279395893993406474e+01
7.829136481953375082e+00
2.307692986846431893e+01
7.408683132550432759e+00
7.050566263795244204e+00
8.563748093075901124e+00
8.744550651333391045e+00
6.557453226330322238e+00
7.203293550840871085e+00
8.684595319248952450e+00
4.881900836065574012e+00
2.364398679194670905e+01
7.094133478124939884e+00
8.503467920463110730e+00
2.268116290952728775e+01
6.613420931859163687e+00
2.014673064633831601e+01
1.752612604081492265e+01
1.210644735846347508e+01
1.187278002513489383e+01
1.120534199240772288e+01
2.849305707990983549e+01
6.303316095500310468e+00
6.500838990720028576e+00
1.543806606067900411e+01
1.221895744618232271e+01
2.033751167748801336e+01
7.913870995239047801e+00
5.448691900616995376e+00
5.199389984265632592e+00
1.412293463212185962e+01
1.548240499272634452e+01
1.180938547484323209e+01
5.924359323641176900e+00
9.084273032310074214e+00
6.299532428587261812e+00
6.824031226769180059e+00
5.712352012230795140e+00
9.008041486171729062e+00
1.391026941798698680e+01
7.505998947478424554e+00
6.006999492917971750e+00
6.466832376249193715e+00
1.302156504071018439e+01
1.084319242520060378e+01
1.621074876673446141e+01
6.250317152967947543e+00
5.986268269515387708e+00
5.606554334405080553e+00
5.146328274844674588e+00
5.149550575778406802e+00
7.384978484928342191e+00
6.167364657180099741e+00
6.408072480378693037e+00
1.827837769292039738e+01
1.527864854802096062e+01
4.569995168421732146e+00
4.424346012270498285e+00
1.726271901552204469e+01
1.630782637345789965e+01
8.627755941758968206e+00
7.494016416357015764e+00
6.825401519014556051e+00
7.873912830878141200e+00
1.559640356449708420e+01
1.050541647120693511e+01
7.323565942425808828e+00
1.280697885972011107e+01
1.944637481377251476e+01
7.026670482413146068e+00
7.251852869259023393e+00
1.035516692372808834e+01
6.775218225055676946e+00
7.169463256466470646e+00
9.788458336351729017e+00
1.411282379609768434e+01
6.039237162013639804e+00
1.364228251743364062e+01
1.282507991725010221e+01
7.955249827729288903e+00
1.118018923182718183e+01
1.478879008385622207e+01
7.147052347963062324e+00
9.171021897384079580e+00
1.202460945153955052e+01
8.889802247947747205e+00
1.475846983926270006e+01
6.186866212806466869e+00
1.928134743861094691e+01
1.916862612091603424e+01
7.729971678641612165e+00
7.574589051861599920e+00
1.038033937266831863e+01
7.207003642426168533e+00
1.157702443049238639e+01
1.626804164600990887e+01
1.156335461090727712e+01
1.142557133336932829e+01
2.965945732021456749e+01
1.284571026120417869e+01
2.075528225729583554e+01
1.452735937136085553e+01
5.638342752428679994e+00
6.879148041054102158e+00
8.649809151273716523e+00
1.978639185025887670e+01
8.737104747005634664e+00
1.118920918551039456e+01
8.251129313490405792e+00
1.364823967610925770e+01
6.713804019031002213e+00
5.289998846737606009e+00
8.116295508842895856e+00
1.902768144822458041e+01
1.830458797962152673e+01
1.602430311237900185e+01
1.243883707794076088e+01
1.754357092436116972e+01
1.307436277478770847e+01
1.711985955360151124e+01
9.277341952343755693e+00
1.966989786920737870e+01
9.086129849860059338e+00
1.640501308992325846e+01
1.247311160461112500e+01
1.515328126690478072e+01
7.929900276482875654e+00
2.832660905521322903e+01
1.742248886894164528e+01
7.919555720839595025e+00
4.668779326722455103e+00
1.811193234833961796e+01
2.216047802864823879e+01
1.046245575594333488e+01
4.741495459540124635e+00
6.963096825414260671e+00
1.852454565012592980e+01
9.915983214333863316e+00
7.253408089014217630e+00
1.554775583944335260e+01
6.805671804426502547e+00
7.342827260748121532e+00
9.864026609064751483e+00
1.236676828649001791e+01
9.541900883463705796e+00
8.428777975050117277e+00
1.023138799575310998e+01
6.441325109682196626e+00
1.203579393197233038e+01
1.077064720005247977e+01
1.985647564191812364e+01
1.563927126110808175e+01
1.094633505840374355e+01
1.911745101797980340e+01
1.939721442332830392e+01
8.521878392898043941e+00
1.467323317784191339e+01
1.391643848066697231e+01
8.171490778558965218e+00
7.766584778045710458e+00
1.515710964919921899e+01
7.797290069260654377e+00
7.131204272094504582e+00
7.126081081600928790e+00
7.468553016298058012e+00
1.107892734105475796e+01
2.175499346246917654e+01
4.894065719755531951e+00
1.744497355436121566e+01
1.211988185217055225e+01
7.739285692857404086e+00
1.964896904086798912e+01
2.530204433769643302e+01
1.981520248536739004e+01
1.228542952994074433e+01
8.287192435752771758e+00
1.527659909629050006e+01
2.314145427905956964e+01
6.223784135502553383e+00
5.116347651725774881e+00
5.462161481658830198e+00
3.051384311602202004e+01
3.107433886983151439e+01
6.115374249690156638e+00
1.078454321889385703e+01
8.944962039321366021e+00
1.028008296693583645e+01
1.507085517013413423e+01
1.588114278151047642e+01
7.833704983601763594e+00
1.839353980586906090e+01
6.783375672044890337e+00
9.532698956008367475e+00
7.519893573997466163e+00
1.919348474837169150e+01
1.627492877744553113e+01
1.745030219319867371e+01
2.429342464651506361e+01
9.973232381543688518e+00
9.197578575619628438e+00
1.208427232313696820e+01
1.403712161027840111e+01
1.104752895177776573e+01
7.633469448165273619e+00
1.237336977175523067e+01
7.164588234640306474e+00
7.586616066796013413e+00
8.889736175830885045e+00
1.221636893415947434e+01
1.049576176787553905e+01
7.098591249409484050e+00
7.613972243478500879e+00
1.867289251896072599e+01
4.208289125910243200e+01
2.895102919042412992e+01
8.406938157024486102e+00
1.268621855782489050e+01
8.717678904009330765e+00
1.054875035426199581e+01
4.074486861290247219e+01
1.133799067475580102e+01
2.109961623226798721e+01
1.494946815936782158e+01
1.680061369799060245e+01
2.017565268815614488e+01
4.701947611794683901e+00
1.764415466505856855e+01
1.992489220876034750e+01
1.116256024988121887e+01
1.469986762105133593e+01
1.248721326879508631e+01
5.589055987469548903e+00
7.837611724612666642e+00
8.309552233207819327e+00
1.575256246946245930e+01
1.138561007838544725e+01
9.949350076720604008e+00
7.793658018593594861e+00
1.487741146250568214e+01
1.133581041988080251e+01
7.727737447074103372e+00
1.903793745787932323e+01
9.305624622060513218e+00
1.776869853226277129e+01
1.435689399146733081e+01
2.588893453039506554e+01
1.615905823970395971e+01
9.501115007051078365e+00
9.940354005262834747e+00
1.068963808900040746e+01
1.017820070168696134e+01
2.271318281117187254e+01
1.764353783290565403e+01
5.040480165500791365e+00
3.661124692832282790e+01
1.655796827336153854e+01
2.531023293317076295e+01
1.928986217728097330e+01
1.116865946580901969e+01
7.369743264248179493e+00
2.639311231910114586e+01
1.576269411522305397e+01
1.442339175982892918e+01
1.714632830462620561e+01
1.906236723243875630e+01
4.550913603799711105e+00
1.919306384395449427e+01
5.845708618579172011e+00
1.835439594569786337e+01
3.255066746309094583e+01
1.845888865006124036e+01
5.485323820030775899e+00
5.581300221289449581e+00
6.149473827936794201e+00
4.497191154880900044e+00
1.905955147861932630e+01
5.547772029752303879e+00
1.691769481280787346e+01
8.403618636289980515e+00
6.650811988616582404e+00
1.618959183479936570e+01
4.923718595926417585e+00
6.824490839531459407e+00
1.073993923167305020e+01
5.669744881642179379e+00
5.049268549001122430e+00
6.202067809524575814e+00
5.953248629434685135e+00
5.267297261214520354e+00
1.002090383120867578e+01
1.555422243264426641e+01
1.284623877445163487e+01
1.559989562896814874e+01
6.092268211755819785e+00
5.473671460902441943e+00
4.974035378203704560e+00
7.701073937261399216e+00
6.019588219928611927e+00
7.313435138629896137e+00
1.601928052468346309e+01
1.634599129295002840e+01
4.809027218046555419e+00
5.080289023806658477e+00
1.418627582744171356e+01
1.097725281141121734e+01
5.297711860185459365e+00
6.179282123305973151e+00
6.250407059204166060e+00
7.191519078475536730e+00
6.362022373939379527e+00
5.745173627730728150e+00
6.052372999986091351e+00
1.633255336593956741e+01
1.030002515772846472e+01
1.888963236661091472e+01
2.543847389300330875e+01
5.563021209114259236e+00
5.463477554490676624e+00
1.384395119887750347e+01
1.073843869823656938e+01
3.108813983938613035e+01
6.346133091377380353e+00
5.381643597554395697e+00
1.175476404218713178e+01
4.870224228630687158e+00
9.514827966966789674e+00
5.267816890599752888e+00
5.927020543037606615e+00
1.816676152883463047e+01
6.879081529282160545e+00
1.404980600708719507e+01
9.792800508235204759e+00
7.334707521067443281e+00
7.185593371972679222e+00
6.234826090905846385e+00
2.683228623538973778e+01
5.528455522132235345e+00
7.470992011164387492e+00
1.515370422984372745e+01
6.089301950784162365e+00
6.346703305970500253e+00
2.671466526913934203e+01
5.967613317340410894e+00
8.946095157546814391e+00
5.902065757608378149e+00
5.857825692468614953e+00
1.483682302704092493e+01
6.128336046113572522e+00
9.928022905453007141e+00
5.661065244701088517e+00
6.184592972102258557e+00
1.912075148174409023e+01
1.540388342923932363e+01
7.036557616952113570e+00
5.883775184696906635e+00
1.177832294100643473e+01
1.055556330317650371e+01
1.230831712257233512e+01
2.121400205902319769e+01
8.988386708215777787e+00
6.526721127515314080e+00
1.108609567588435318e+01
1.575022573088113553e+01
3.011876686128615432e+01
1.100967064872639689e+01
6.127936388477735363e+00
1.338468234626619058e+01
1.898426482919898461e+01
1.172187043195583200e+01
5.895594383180697839e+00
7.386499910656383783e+00
2.245786063863035764e+01
2.018670748642977841e+01
2.149685331020966572e+01
7.377659457376752883e+00
1.736416104294861995e+01
2.104778244408626620e+01
6.021682202286396723e+00
1.100516511898603689e+01
5.713333729502563685e+00
9.257906059298745660e+00
5.202289701251002541e+00
1.592740255619526479e+01
5.617998967763549345e+00
4.825804832504830166e+00
5.359480939625224316e+00
1.508691299218131121e+01
1.438942757444352516e+01
5.089471496467274036e+00
5.089471912069805093e+00
7.414826836395202569e+00
6.673269218148368154e+00
6.675615594455235779e+00
5.195839655919835209e+00
4.798795204121849345e+00
9.244204144451641625e+00
6.123399719427930599e+00
1.034664597385161855e+01
1.646717248457386162e+01
1.507721749920494148e+01
5.754157917016396340e+00
7.282506090557407497e+00
1.208759611160163772e+01
1.931827621716116994e+01
5.444203083004977906e+00
5.470046241511288265e+00
5.619998554406952174e+00
5.235825672729814251e+00
8.662132758633649843e+00
5.704122987828365687e+00
1.267757621330316198e+01
5.282569978691370238e+00
5.246539324778002999e+00
5.935029397202449708e+00
5.843916717218723633e+00
5.001153882002651763e+00
2.319883505609013596e+01
1.323846647105981411e+01
1.722713166992543066e+01
1.017813905705659394e+01
2.673359783084600139e+01
7.164526979549171948e+00
6.154946068314469443e+00
8.777836168138206219e+00
8.922068981819377242e+00
6.491203964640580359e+00
1.157817575163189794e+01
1.360198803111790689e+01
2.156431633169988515e+01
5.945956083439342343e+00
9.036000970001600407e+00
6.909145355177744641e+00
7.599093083863456499e+00
6.152206611503426181e+00
2.122182552245301324e+01
1.136335274870001832e+01
1.609509263267705848e+01
8.705455558054932652e+00
2.158255323939104997e+01
2.158255323939104997e+01
5.721959923936936754e+00
8.922153409199770735e+00
7.428291903486428538e+00
5.383065101788266027e+00
6.627357066616451853e+00
6.567471569214609062e+00
7.319082588105847442e+00
5.349205129666431802e+00
1.393402294554660870e+01
6.208848397354213233e+00
5.576165035863501096e+00
5.739978178601762515e+00
1.202161467722772947e+01
7.410506145335298278e+00
6.989305983499547459e+00
5.391357741199378495e+00
5.871765071656935397e+00
5.981637589107835495e+00
8.316456665406578352e+00
5.293882780913116370e+00
4.944929466158209941e+00
5.525671616323788449e+00
5.202964936235974669e+00
8.675031030797214271e+00
2.314850379672535396e+01
1.544933272871196017e+01
5.463972277732816352e+00
1.385175934580109569e+01
6.993924942465705286e+00
1.039938443196687601e+01
6.402988234455048833e+00
5.739638586718101010e+00
1.457810776016680876e+01
5.751469830259606120e+00
6.318730498914836957e+00
1.875776813243678731e+01
1.499007707542340384e+01
5.874209898233629268e+00
1.885511806259589207e+01
5.578963527460577332e+00
7.002936003696031975e+00
1.114062774037788550e+01
5.536020565065993715e+00
1.600880828088929775e+01
6.192003298654921828e+00
1.031887689972196398e+01
5.181875879467768620e+00
9.240500011837756489e+00
5.495795958845325124e+00
1.769881403294589362e+01
8.890620728732464784e+00
6.407054122128629459e+00
1.099477373344225484e+01
5.311047476859743988e+00
1.155818325797672763e+01
1.591070604036461233e+01
1.742980332486293449e+01
6.019457297803337603e+00
4.895623138381410833e+00
5.489687901179471474e+00
1.226006652258646668e+01
6.506821590266674171e+00
6.022565644867536427e+00
9.936647012791835820e+00
6.169739444001228534e+00
2.765772698555055342e+01
1.136980372681490614e+01
1.046579892461375572e+01
1.942735861893738303e+01
1.481727188489089997e+01
7.013407914823565292e+00
5.918001169513351201e+00
1.535182487690877906e+01
8.791756251853250603e+00
5.126080194443542126e+00
2.742739610544512630e+01
1.297037550440225218e+01
8.224340422142487839e+00
5.288735731222847569e+00
1.543052207995137870e+01
5.555220716037793771e+00
1.106283891665693098e+01
9.294476966365143866e+00
1.037140732364529150e+01
1.057053037499797554e+01
1.402055425116725829e+01
7.152599125365724397e+00
3.118987616475523694e+01
6.090934570901409550e+00
1.258128349616285746e+01
8.457323724174115043e+00
1.125383244848368491e+01
9.731895372483451823e+00
7.903078598593116233e+00
1.266671787213195444e+01
1.594340564557294826e+01
2.135458218149097220e+01
9.231971579734763012e+00
1.814661388919398988e+01
1.173059924994099212e+01
2.027537450456068058e+01
1.387471052106524994e+01
1.107322005503235829e+01
1.167027463439550594e+01
7.135428970808059823e+00
5.991218788837838538e+00
5.427076780839704462e+00
1.141484153490139342e+01
1.490019201139949878e+01
9.800567643218981218e+00
1.030103566051976749e+01
1.995694768450846013e+01
8.816741340588009734e+00
8.386665713827998303e+00
1.013005958989744570e+01
1.022052520692607480e+01
5.990201200843181972e+00
1.088361569484718672e+01
1.662934500303087404e+01
1.378158754350836368e+01
2.036555166640368952e+01
7.207108221678610427e+00
1.056807917905838856e+01
1.069275540644320266e+01
1.617503833968523708e+01
6.006161586168241584e+00
8.295260103472257285e+00
1.389476790650120286e+01
1.470245077548647039e+01
1.090486309083351379e+01
1.040961826409084345e+01
1.418724943384879467e+01
6.425712458732632193e+00
6.027618181093560956e+00
8.904718691084886117e+00
2.706560741790417879e+01
2.455079118991462650e+01
6.244879909071838320e+00
1.442899332358456022e+01
1.236527554144078778e+01
7.699522298718315838e+00
6.058857199602663002e+00
9.575701920078678597e+00
8.702733190414699394e+00
1.138808194622924042e+01
6.617920355726486292e+00
5.303958276302529917e+00
4.822364489146227839e+00
1.716092862719989753e+01
9.364581558094229763e+00
1.046070928468998495e+01
7.776829954698894376e+00
6.197238236945096013e+00
1.439937509078357891e+01
1.643760917551869127e+01
1.454362957219950658e+01
9.930956922180319779e+00
5.876123750536283552e+00
2.531315830552646773e+01
2.164766589254038820e+01
5.838577285143259132e+00
1.070324597724860993e+01
1.476059122896744569e+01
7.472746026049528645e+00
6.256739970724466637e+00
1.360400925596095689e+01
1.412761869896997702e+01
6.097570524376117795e+00
8.842240422695573088e+00
5.634890105844523767e+00
6.188326494518670451e+00
1.044244278507899359e+01
1.226382008759195585e+01
8.750520666011377457e+00
1.325030889304542470e+01
1.961165048849226267e+01
7.369038259582370465e+00
1.180886902595002041e+01
1.244122331872676668e+01
1.075955580728695082e+01
1.075964718106848039e+01
6.060601290821438170e+00
7.691794368131686710e+00
7.879555793695788957e+00
9.056642085986791102e+00
7.941781334117812285e+00
6.271918802151729366e+00
6.053237900043838771e+00
6.334821951584397759e+00
1.599812642610121571e+01
2.308801195861134659e+01
1.884989273880496441e+01
9.297269980120722366e+00
5.859355247535177114e+00
1.271105974319011445e+01
1.048968471417961013e+01
6.509830425970697831e+00
2.850470585244890387e+01
1.015658636067315967e+01
8.262785791720984818e+00
6.434011942807146944e+00
2.007318098658099004e+01
9.179925351205920236e+00
6.604932034324939139e+00
8.238770656163172390e+00
8.960659019527785318e+00
1.361150555336259416e+01
1.108498566198041679e+01
7.202738994239170189e+00
3.355955963445588708e+01
1.736659139377838557e+01
9.759110518543096191e+00
8.463019333046569059e+00
1.172046329459823966e+01
1.405803918738545377e+01
1.613694688485507100e+01
1.249319977887980571e+01
6.290484565700528385e+00
1.025442236795332462e+01
2.005307327052657840e+01
1.663282122832358212e+01
8.609258169341000411e+00
1.880492425465362061e+01
5.817000078523001605e+00
1.161108626149739642e+01
1.069530661969258389e+01
6.351525072362941948e+00
2.221601177560918217e+01
5.316712087556685340e+00
6.894006402093683761e+00
1.028395464082109534e+01
1.361075574041940506e+01
6.841214008313615480e+00
8.215553179303064724e+00
1.758225434168314294e+01
6.936125606709412139e+00
7.141581440314329399e+00
2.238245635950237045e+01
1.197441606688011184e+01
1.774198070318569620e+01
1.410524784634900719e+01
1.284463258208385561e+01
7.450998582785859803e+00
1.997836544944612314e+01
1.021739995308834281e+01
8.181837853532702098e+00
1.461668807138849857e+01
6.305006082017814428e+00
1.484207626388615253e+01
6.620353882911888199e+00
6.497813887795577337e+00
8.255125861058456138e+00
1.213169540745708730e+01
2.197408132630344468e+01
1.851414527852709924e+01
7.461300655629306888e+00
8.893983615195205417e+00
1.029748699739757178e+01
7.350685499811412171e+00
1.070329217843145742e+01
1.224328712290463983e+01
8.865642832172413890e+00
7.302132504924739642e+00
2.047559820500281447e+01
1.127836287090193679e+01
6.507280050064291110e+00
6.330531399572935314e+00
6.715883496214558157e+00
8.107385501562422547e+00
1.433254830008408476e+01
7.313124896073589731e+00
9.020564861617616614e+00
6.565856067722278588e+00
7.654365649359864854e+00
8.870694230622653720e+00
1.547337135467756752e+01
1.029967718165259427e+01
2.137927463756601298e+01
1.202562182406981961e+01
7.531165016458898798e+00
1.647601029901368008e+01
1.911422172832102007e+01
1.144675137921876029e+01
1.212119575871826171e+01
1.160084939948737670e+01
7.393997242957694560e+00
1.169941255628838661e+01
1.357432197374854255e+01
8.400984456698076031e+00
7.337253777264395538e+00
9.712100121182761114e+00
7.851241460755287171e+00
9.236882118985080936e+00
1.616072836499502685e+01
1.460553868610024253e+01
8.922776909330584871e+00
6.721398315744481877e+00
6.249051599543489210e+00
8.007318740395261258e+00
1.593329374499494122e+01
1.110073320046611656e+01
1.923398765895530005e+01
1.303034031809685622e+01
2.497947680184377006e+01
1.491870592098302239e+01
2.021119837468750902e+01
2.440066613325711486e+01
7.655308198745454540e+00
6.746482326901309889e+00
5.344849470430173000e+00
1.219111488415847688e+01
1.098634664649170922e+01
1.779532363931826922e+01
1.034617934885563173e+01
1.559116743370841718e+01
9.946347833074797862e+00
8.948476837343903867e+00
7.996894905781931406e+00
7.549677108023588268e+00
1.089230749773021323e+01
6.560883014784981704e+00
7.651172507760580110e+00
7.543731230248486241e+00
6.673565900895660263e+00
7.243523651701481825e+00
9.307080601503582074e+00
1.683693070909455614e+01
1.159898165825096328e+01
2.258235325487583012e+01
1.751317895751767395e+01
1.010885100902760492e+01
1.877765548861141909e+01
1.550457820222670335e+01
2.378310238768622753e+01
8.380401042088880814e+00
1.506089494458282196e+01
2.645787062287084623e+01
1.143443250211055329e+01
7.267196669201693382e+00
3.227978405283499086e+01
1.598999908226252131e+01
7.062537283268209620e+00
1.351177078901253559e+01
1.481957294970209205e+01
8.136702680313819158e+00
1.002907881226819953e+01
2.243553376273012390e+01
1.055486632141998626e+01
1.613688582024596485e+01
7.876577437531104842e+00
1.863872947346180453e+01
6.690822426943240586e+00
1.279213335170951993e+01
7.615964575344806420e+00
3.163136005738950729e+01
1.115778504740916866e+01
9.916478067240358740e+00
6.019421609930177830e+00
1.032278111568292900e+01
2.682140760893042852e+01
9.200691206291340407e+00
6.600780768475480897e+00
6.468508950462712015e+00
7.032780570828686351e+00
1.701675845957149491e+01
5.846195420860437864e+00
1.295426221240064102e+01
1.318172453255025545e+01
5.611528363937334341e+00
7.674855031328162269e+00
6.391392931476793215e+00
8.950284829315345192e+00
1.291459202408810647e+01
7.728803136967207443e+00
5.692699747568928714e+00
8.959247743571369327e+00
2.279690909933416165e+01
1.184158839750694092e+01
1.914283204477895950e+01
6.334279978524369525e+00
1.833811963198881401e+01
4.613895370425299625e+00
7.426329591115338857e+00
5.694731504350460050e+00
5.775937208410141466e+00
1.265593984610942435e+01
5.999537965220300251e+00
1.263508571094619803e+01
9.245509782155181711e+00
5.620351102586220726e+00
4.637898935339782369e+00
6.315984615848377004e+00
6.088017481362465233e+00
6.943146410882413022e+00
8.773086825181584558e+00
5.476492789383132553e+00
8.120087378629509800e+00
6.125122788605872337e+00
1.118891726719917301e+01
1.994564510582082661e+01
9.654781078191691179e+00
6.670980954053814749e+00
6.240492840056820256e+00
7.972035006343652697e+00
5.265736749972853126e+00
7.281393570473430721e+00
1.602592983655045700e+01
6.766659563881375128e+00
5.633304198587149259e+00
9.664513091678459844e+00
4.645040141782745380e+00
5.616732397546381428e+00
7.354485882790161355e+00
7.380767455955479228e+00
5.034729762215039095e+00
1.136691861014004168e+01
7.087717979971751348e+00
2.028477259699663193e+01
2.143437665687482863e+01
6.960139570505910811e+00
9.783562988545233097e+00
8.165778465032072830e+00
1.311841133517626545e+01
6.177083906910669775e+00
6.569670980515196490e+00
5.574057333812875825e+00
5.935387548917649525e+00
1.076330869841836879e+01
7.834899321621975332e+00
1.045409560675667748e+01
7.769308174701085257e+00
1.214139661272271375e+01
1.438221358436646113e+01
5.011603380010209996e+00
5.752114147911522757e+00
5.737896840237712404e+00
5.267120446777165732e+00
1.466913689887912753e+01
1.847123652135892513e+01
1.697385373392944174e+01
5.523147629197198150e+00
6.049605655919324754e+00
1.674528966072463732e+01
5.846949808131710391e+00
8.813843663620993141e+00
4.679722190025715101e+00
4.711428598896587161e+00
1.033672013040022009e+01
7.447420145197766850e+00
6.006794336378398214e+00
5.707816312168254136e+00
5.943798914007335732e+00
8.628643138274174618e+00
5.694511594885803163e+00
1.292047170964109704e+01
2.097061707936501307e+01
5.646147614939390991e+00
4.926973714844577579e+00
2.967739619320389011e+01
5.547488888214435754e+00
5.683382889193944187e+00
6.195194947770971794e+00
1.736960924611025803e+01
7.846428655912373706e+00
5.578266520236282666e+00
7.930098472293099832e+00
6.386202215859395181e+00
1.234203714661469142e+01
5.499762978393907709e+00
7.485501944745866609e+00
5.817780308767186881e+00
1.812660943601740726e+01
7.112673719982776532e+00
5.107605815290310325e+00
6.073650308344166859e+00
9.518145948602517947e+00
5.182297802082388216e+00
6.319980752255922596e+00
1.328855473641373663e+01
9.664092822418021811e+00
2.380684896835105491e+01
7.876542400966451751e+00
1.565677655154189196e+01
2.221656061428000584e+01
1.149774965866455467e+01
6.222657988719736188e+00
5.641581135820630699e+00
7.974677058018049713e+00
6.714737291299636368e+00
5.358424850991583277e+00
4.910199087330719081e+00
1.352637602709348208e+01
