6.677527409080386178e+01
7.781353956640941760e+01
7.781353956640941760e+01
7.071927730827766823e+01
7.218977932267966935e+01
7.683659725943081753e+01
7.683659725943081753e+01
6.774025522083167061e+01
7.953562093372470088e+01
7.977572147696072591e+01
6.986277845064191183e+01
7.916243465875101037e+01
6.726587805671061915e+01
7.263122448626877770e+01
7.274170955624389023e+01
7.803854545070905147e+01
7.233739050964095441e+01
7.089252743618871477e+01
7.815140969847426788e+01
6.844308167855878366e+01
7.145034206192397619e+01
7.788856413812341373e+01
7.777695643473903431e+01
8.074066451497252217e+01
7.874709095975308060e+01
7.673238787729636101e+01
7.659609429518768309e+01
8.398670158858882928e+01
8.231486646631762483e+01
7.963550619529685548e+01
7.613531757012790990e+01
7.911037012461082440e+01
7.849131189090275029e+01
7.907011308958580287e+01
7.237489984445134894e+01
7.673349789354676886e+01
7.013466689611620097e+01
7.101461317793892647e+01
6.974118370112100251e+01
6.928490247346395847e+01
7.883975137395236743e+01
7.204136461500144151e+01
7.220796968097162960e+01
7.909596585104569044e+01
6.671856753847913524e+01
6.928960405344048468e+01
7.941370892474857612e+01
6.970616907472407320e+01
7.129097132756383814e+01
7.630598595302055287e+01
7.888127884240677190e+01
7.182791092114071319e+01
7.694111822398065215e+01
7.415385012401181086e+01
7.827176678941688692e+01
7.172396475359670376e+01
5.622283560760586596e+01
7.952313776932223277e+01
7.046508025486220106e+01
7.749021921368992594e+01
7.625854554425158938e+01
8.903153021973739101e+01
7.118947020136072013e+01
7.550468144602086795e+01
7.768885438090755713e+01
7.683609368005934925e+01
6.993445354950398496e+01
7.680490170449522225e+01
7.267422024926747781e+01
7.197073990749166228e+01
7.709580824283816014e+01
6.992832405028377707e+01
7.929299249167357289e+01
7.885297999150034798e+01
7.933246612335204873e+01
8.011411805050089185e+01
7.047894069966662300e+01
7.879374392078746325e+01
7.830488935421504948e+01
7.009004479088002881e+01
7.157644849648676200e+01
7.669324350208107433e+01
7.736087057109664045e+01
6.816975376966743738e+01
7.043488105730210691e+01
7.601768449229162172e+01
7.976027575287044158e+01
8.007750986463446452e+01
7.041483730948172592e+01
8.042507012947315559e+01
6.088690523738691951e+01
8.551351759258962204e+01
7.272498851140657905e+01
7.059105951808157897e+01
7.084474626897359428e+01
7.704492847608595696e+01
8.157335558341404180e+01
7.900512270638577661e+01
7.792229078677478071e+01
7.769225035284962644e+01
6.991213997208264175e+01
6.920990242631168599e+01
6.854962822006622503e+01
7.075932996492133498e+01
7.093521188471848404e+01
8.509514274747367324e+01
8.057092694378518161e+01
7.905906302966667454e+01
7.913162310646275444e+01
7.478501262714587483e+01
8.450557697781333388e+01
7.882070081596360467e+01
7.794940869293112939e+01
8.126940458424215308e+01
7.153751784720898854e+01
7.590463548774707192e+01
6.419935459802523781e+01
7.824360202897864269e+01
8.042796483971477528e+01
8.024010414640397926e+01
7.183465638219080063e+01
7.081658592669450059e+01
7.027627817181793546e+01
7.089561282946385745e+01
6.358925293661646805e+01
7.038201737891159837e+01
7.072436812137243578e+01
7.128206613136964620e+01
7.850626367069557432e+01
6.892451762935723991e+01
8.092129310757513849e+01
8.404717566818899854e+01
7.030166022634432466e+01
7.064432511666984738e+01
7.075873467383941318e+01
6.912795857351551376e+01
7.804291281557595994e+01
7.835983680307020904e+01
6.919038249556203368e+01
7.098704278381204347e+01
7.163533807880044435e+01
7.053802356634531634e+01
7.256490068945156224e+01
7.971383947227508315e+01
7.108979793417324800e+01
7.729501476837941709e+01
7.192707554407699888e+01
7.478644311412055856e+01
7.998052586428576660e+01
6.147353691144216015e+01
7.909964485650999677e+01
7.864808149230053402e+01
7.542442285396410284e+01
7.332068884869968883e+01
6.996439710870276940e+01
7.957841301562473291e+01
7.004307105379778875e+01
7.334937575166271984e+01
8.006161011119770876e+01
6.879881782575884586e+01
6.469521122388715639e+01
7.282361520744639449e+01
7.087744219347231933e+01
7.602692990944407825e+01
7.639950784382496352e+01
7.092576156389888808e+01
7.965426352436658419e+01
7.996608831681707841e+01
7.949772147007527678e+01
7.009386213910588026e+01
6.924555690793835083e+01
7.228246381718048497e+01
7.864676044965892743e+01
6.851191775927851779e+01
6.893781361851540623e+01
7.640063914360403885e+01
6.836544034067813413e+01
8.161945877229577206e+01
7.998132031642838058e+01
6.921141869408077696e+01
7.044962548812549130e+01
6.821688740783734772e+01
6.391635535914581112e+01
7.286064276554316166e+01
7.820002841722114795e+01
6.913301541119241733e+01
8.132970457000706688e+01
6.129388467637353699e+01
7.106842738252882441e+01
6.737529147048523726e+01
7.856110789016489093e+01
8.048788619658728294e+01
6.778918960991168774e+01
7.959020309787639746e+01
7.115493793565686076e+01
6.971389898586447487e+01
6.926354921496550787e+01
6.801563821255733444e+01
6.873241973494310741e+01
8.052785437378091160e+01
7.574699272933479222e+01
7.313427581896141305e+01
6.962536975497110348e+01
7.995758677838301764e+01
6.988324945624165707e+01
7.960824890774141238e+01
7.206658998677519889e+01
7.500755018211653180e+01
7.218638765060090634e+01
7.803718222553590067e+01
7.575704398775116033e+01
7.837829540824537844e+01
6.902754165200309444e+01
7.393429800946859132e+01
6.829038499657740147e+01
7.552890836608689540e+01
7.821350594126056421e+01
7.931845225924877241e+01
7.906383890626051425e+01
6.799717846668265508e+01
8.021480930737183712e+01
6.843827286314561320e+01
7.100018245873836520e+01
7.062630317801983892e+01
8.009307989525333937e+01
7.194648948372893926e+01
6.987234199000911872e+01
6.488826395900954935e+01
7.555580330783857335e+01
7.154517619222868063e+01
7.554254057714082649e+01
7.137823938791105149e+01
8.235143570311045380e+01
7.864494039579184914e+01
8.012770949483990535e+01
7.465343061114435841e+01
6.278995763642694783e+01
7.105221022770101058e+01
7.613880556675010780e+01
7.906523964844056707e+01
7.254839728841902513e+01
7.682515031439521636e+01
6.885245105529082821e+01
7.118621400844808988e+01
7.282970838321701024e+01
7.024454727939453846e+01
7.261161605923945217e+01
7.428161635523177608e+01
7.627839534331936022e+01
7.913356541171957304e+01
7.678835939155376877e+01
7.363680541716395567e+01
7.107508184759781500e+01
7.257074700955288904e+01
7.170573449685159062e+01
7.249585688816165430e+01
7.253384829768364739e+01
7.943214022346096215e+01
7.100483681715618900e+01
7.278217613574933864e+01
7.617569927553837772e+01
8.135193167999611319e+01
7.245336969217188994e+01
7.296754063676186775e+01
6.959583390346497822e+01
7.203742136040493449e+01
7.857795720751001056e+01
7.280268889400339560e+01
7.334760017682428668e+01
7.708742984747991045e+01
7.500188791795669374e+01
7.783581735214207242e+01
6.636593847873487562e+01
7.156350413377045072e+01
7.341368905192288707e+01
7.797783630320947168e+01
7.103314120088150219e+01
7.722454622343803976e+01
7.831127644796899290e+01
7.291857895739212836e+01
7.669622703693912058e+01
7.312299444807358384e+01
7.629425147775279470e+01
7.299946229294219791e+01
8.191222770686039212e+01
7.826224089129279093e+01
7.473740095249723936e+01
7.149814435804134405e+01
7.322335713246327771e+01
7.389620165806122998e+01
7.752542110539944531e+01
7.589735121671782281e+01
7.228942800563741855e+01
7.067094965115094851e+01
7.556333672009677116e+01
7.885272989924509091e+01
6.817955140167401851e+01
7.679497620607065755e+01
7.101627102480210851e+01
7.826448014527872488e+01
7.837888948555152524e+01
7.693229881891267041e+01
7.220989541112976440e+01
7.317099534515909909e+01
6.913604930032300899e+01
8.009663922629040655e+01
7.023293735056770970e+01
7.680647770521905215e+01
7.367418114669682438e+01
8.079880603123574190e+01
7.672166162113212806e+01
8.122115892840875517e+01
7.130003174637188579e+01
7.692540775015919507e+01
7.919777017733724733e+01
6.975418576569454387e+01
7.946559589622395947e+01
7.662948084811871752e+01
8.220000733734383402e+01
7.031951246640186071e+01
7.785883626364424970e+01
7.749731957304919661e+01
7.186990050758907955e+01
6.845138814928014881e+01
7.862057640969690908e+01
7.730185605959299266e+01
6.939220032435007113e+01
7.764637977468888153e+01
7.088552376944815592e+01
7.256499750417924588e+01
7.835777835128750723e+01
7.754933596991239142e+01
7.643056565823498261e+01
7.508070180817114192e+01
7.011142471631345074e+01
6.884587637254497849e+01
7.272750660091345765e+01
8.031801185765367279e+01
6.983002372158141213e+01
7.019434428769781675e+01
6.768141468363144497e+01
7.893406465778288350e+01
7.683902201128786658e+01
7.740494683094348716e+01
6.807620132317180150e+01
8.003223606507332022e+01
7.941844931875499469e+01
6.980506241969048631e+01
7.111351578495029457e+01
7.692935388290118226e+01
7.153375261686289832e+01
7.741981643942648361e+01
6.713445862616313775e+01
7.074822820009359248e+01
7.986189729622068967e+01
6.605694763984128315e+01
7.676039883964706689e+01
7.957656684119672263e+01
7.992219480045746138e+01
7.147118764456428153e+01
6.867047252375708410e+01
7.585510551135909907e+01
7.867516566851247717e+01
7.156757291720774106e+01
7.598351755583935585e+01
7.255711991441596354e+01
7.945918203708284011e+01
7.931371199594977384e+01
7.908140627767761544e+01
6.992377644818003546e+01
7.920382805697728656e+01
7.774752788128657244e+01
7.862748253891082584e+01
7.767332394387361205e+01
8.057515699933321685e+01
7.678836025451575154e+01
7.209338219533564995e+01
7.689544755692286060e+01
7.529626201578156497e+01
8.134362131380740379e+01
8.198753041560611621e+01
7.116360073483176052e+01
7.952855477794155092e+01
6.703436478817982902e+01
6.753319285918001924e+01
8.176255286476695971e+01
8.015373196867011529e+01
7.248483363330421980e+01
7.318125162823838536e+01
7.422824667418271360e+01
6.466141644070971495e+01
8.020587520713094420e+01
8.249133381520471175e+01
7.964051290709933539e+01
7.234598480722259239e+01
7.812588615521217150e+01
6.788824031035787243e+01
7.812951671937848630e+01
7.233350012406700102e+01
6.640371108447428128e+01
7.919260469338135522e+01
7.072637729123493955e+01
6.926272948779393346e+01
6.920261734110532359e+01
7.204987783365848486e+01
7.020838290987782671e+01
7.049392722807060352e+01
8.329271875900526823e+01
7.868728448673215325e+01
7.280852107119478944e+01
7.280415065841866351e+01
7.763113137493412808e+01
7.036881152710662946e+01
7.697833774640871241e+01
7.987232019676829964e+01
7.262632729151005151e+01
8.508608077933052982e+01
7.243345192868322613e+01
7.921873323662842381e+01
8.455243068454325339e+01
6.735702618931637176e+01
7.941335191017832074e+01
7.626920291533542695e+01
7.082932491350496207e+01
7.139769335433273056e+01
7.223532893201026184e+01
7.410185374510764689e+01
7.231069720745460927e+01
7.750274879485864687e+01
7.861344433676921994e+01
8.248957504118324380e+01
7.038282669995822971e+01
9.267467501476748737e+01
6.271726922878304578e+01
8.667273507819879796e+01
7.463658273682547417e+01
6.124836553155950725e+01
9.655706100337506825e+01
8.146945496137472276e+01
7.928628217218428631e+01
1.009490929415653540e+02
7.645440284455538915e+01
9.379786771453566985e+01
9.954465824409743391e+01
6.225551880900421509e+01
1.024278423525298507e+02
5.737350794950230437e+01
7.796555433144425251e+01
7.753591697277053640e+01
9.753158106576969999e+01
5.273336484354866371e+01
9.350582482040661603e+01
5.114979076987621909e+01
8.592650683299422099e+01
5.019963711536411921e+01
8.506282966242496002e+01
9.644856008459279906e+01
9.476090381172659249e+01
7.627385924484846669e+01
8.422853058108698576e+01
8.718736043126975233e+01
6.871974199519851823e+01
7.595220419023452507e+01
9.191251864254246584e+01
5.774745933943460585e+01
9.863878536281249865e+01
6.776353977433601017e+01
8.638982059796265389e+01
7.426788285868107664e+01
7.448672414299950617e+01
7.667270612468954027e+01
7.277652909967230244e+01
8.194881184320227874e+01
6.454313150095167373e+01
6.616628585114526118e+01
9.673264635679494461e+01
9.158859232348966373e+01
1.002546577306276276e+02
9.248977385536987583e+01
8.292176578431292455e+01
7.528695290039753729e+01
7.692019229957777782e+01
7.914896433965503775e+01
8.480797480924094600e+01
1.007641028858085122e+02
8.546468301992688055e+01
5.618572724582089251e+01
9.106942122967450359e+01
8.664202406707637749e+01
6.864110708317895160e+01
8.208249711849899199e+01
8.269772643242642118e+01
9.047828640328565086e+01
9.007281054594402292e+01
8.173248121167922875e+01
6.352276859431039213e+01
9.702844673595848235e+01
8.221122757429371575e+01
1.003426086727356505e+02
4.359088644297383297e+01
7.715615690890169276e+01
9.281622657998163106e+01
9.663657968101655626e+01
8.060912594668404552e+01
5.337628685046639987e+01
9.238007188632718680e+01
6.585529187631712489e+01
8.491156883572570280e+01
6.053808496032991115e+01
9.577412564789545968e+01
8.227613093236277564e+01
5.409172424342661145e+01
7.849021326256502107e+01
8.846555674134515357e+01
1.006060805871874777e+02
5.047583121744720103e+01
9.394575546412147560e+01
8.463849348877633361e+01
9.191159716177001826e+01
9.954096661907487942e+01
7.316207595924002760e+01
8.519966128333419420e+01
7.753572728129918801e+01
8.454855098637659694e+01
6.153416254644662331e+01
6.189986261862111405e+01
9.989409090019402981e+01
8.637874765712301439e+01
7.031884342778978692e+01
7.050415299726434171e+01
8.733670531701281448e+01
9.650503761509610001e+01
4.509588509712796878e+01
8.482609723594003981e+01
7.857010075336937405e+01
6.297686939236771764e+01
5.502378946664374837e+01
4.940250944590097504e+01
6.438378419877611236e+01
6.450720820018131008e+01
7.514002569880256033e+01
6.467609543811755657e+01
6.314721797757402300e+01
6.417333792645970902e+01
6.548450729046760443e+01
8.813540882613038718e+01
6.658867271978424185e+01
8.577334206213868129e+01
7.231686026357736807e+01
6.657377596248488771e+01
5.291945747950139634e+01
6.424076732351265662e+01
6.505736017378863778e+01
6.383299457051217729e+01
6.495618165921194986e+01
6.721504324547686338e+01
6.371195930130487284e+01
6.397640196546978331e+01
6.341195558877932115e+01
6.385668163889664584e+01
8.492544691648448918e+01
6.402868275479293914e+01
6.735340560415517075e+01
8.924834607090765815e+01
9.651425162644812872e+01
7.140732368050039724e+01
6.945007864201105008e+01
7.767171441180389024e+01
5.931061777123753842e+01
8.181204885703959917e+01
7.645389084242077615e+01
8.941959687294234982e+01
8.432557170892741283e+01
8.439665263005105089e+01
7.344030179650263790e+01
8.364882488791684523e+01
8.539424704437072933e+01
6.359646204804687386e+01
1.003912043717768796e+02
8.807058934845385068e+01
8.974769035325034849e+01
9.430109028734868559e+01
9.562688222134012506e+01
6.511100100303329441e+01
9.204748445872849061e+01
8.722647713724305163e+01
7.422237200935686019e+01
7.446448777562669363e+01
8.428021055802406636e+01
7.338978881738795224e+01
9.223015344483991385e+01
5.148484860067751612e+01
8.044807934681655581e+01
6.410371228110375341e+01
8.340044186534949233e+01
7.307885316202214199e+01
8.543431889835889592e+01
8.677526560019860824e+01
6.913060790590391491e+01
5.875499790732573047e+01
8.509370625046496173e+01
9.106207287640766879e+01
6.739368491745207734e+01
8.153047650000910096e+01
7.747962183351245358e+01
9.798521212130982860e+01
8.536869870724493126e+01
9.659227245286044194e+01
8.099977527973049973e+01
6.416728204738407726e+01
8.401530993697372196e+01
8.336700867665116732e+01
6.384016049709234153e+01
7.125370783606260261e+01
9.093301873739011398e+01
6.292459852989330216e+01
7.447190310356270970e+01
7.994390818676669141e+01
9.582628181373937082e+01
9.897105801708923423e+01
5.019977075999288019e+01
5.522690697238166280e+01
9.645860641227385202e+01
9.537804254651040026e+01
1.006304557992386037e+02
7.440777112919298020e+01
1.014946675528857298e+02
8.946924018515007049e+01
6.198210779208124421e+01
5.964909979347881119e+01
9.784531154126092645e+01
7.906503029704464325e+01
6.281025277982681132e+01
8.845609986810671899e+01
8.808900027332838079e+01
9.782212427663370136e+01
6.937420035810370678e+01
4.993552294738370989e+01
7.096842940109452513e+01
9.408064573069162861e+01
8.584700833389858587e+01
8.738587418877841628e+01
7.708977159638101284e+01
9.234217778010494726e+01
5.574489472030708015e+01
9.140697061989074257e+01
7.450580576126192511e+01
6.149392927561332556e+01
4.563293304038536746e+01
6.868665668675441793e+01
6.235308033895366009e+01
5.945488742911747693e+01
5.859432590005791042e+01
7.423114952259616928e+01
5.823056818850498928e+01
9.572918723902522231e+01
9.409502952996359681e+01
6.316123590323931580e+01
9.398087750979541966e+01
6.439559093055851235e+01
5.395874452968347867e+01
9.222817100759507980e+01
1.007763870771344159e+02
8.607361182565043123e+01
9.824558407223682366e+01
8.307454767086207426e+01
7.711616761700301481e+01
8.998919496022864450e+01
8.883740350441387079e+01
8.756501876160183429e+01
8.134236528516609610e+01
6.264061977825683414e+01
6.431278758383271565e+01
7.400264449930369892e+01
7.389451839436350156e+01
8.443550532270336362e+01
7.958992403008969063e+01
7.573652512299172201e+01
6.423929489312868668e+01
8.969775610664903809e+01
5.313162728428788739e+01
8.856179060776911172e+01
9.907194598953040554e+01
8.492093466019997550e+01
6.706264781644216555e+01
8.587618973958726087e+01
9.343462985387598962e+01
9.277514951292262424e+01
8.867040439304426513e+01
8.830570380488059357e+01
7.201104943128670755e+01
9.544668314608620108e+01
8.315723445240423928e+01
5.465120339239150127e+01
7.142458103993186569e+01
8.850601048444138996e+01
8.007011908861676375e+01
9.325774278312553633e+01
5.271695087693854731e+01
6.326661489792452642e+01
8.832024129719474104e+01
8.841142104848779582e+01
7.419422696802976702e+01
7.027573743061451239e+01
9.266061915402261207e+01
8.516545845315388874e+01
6.141764001649562488e+01
9.339059103923671046e+01
9.954855012837489880e+01
9.923111679909359850e+01
7.685113696190623500e+01
6.447532938184630780e+01
9.529163120215046945e+01
6.705388338065419873e+01
9.385277258303111125e+01
7.761570511375117576e+01
9.964997067622269356e+01
8.944610959618512425e+01
7.741486002593399007e+01
9.268633672370607712e+01
9.838578274482664199e+01
9.615111971601035634e+01
1.010729774990051055e+02
9.428577820275886268e+01
7.728696884376492449e+01
7.190637923439169299e+01
1.008175463961115952e+02
6.418351167098322207e+01
9.754124593852890257e+01
8.627973144252852933e+01
7.407537468945784553e+01
7.824756056846067054e+01
9.910339828725935263e+01
6.483269802611974342e+01
6.487837898270791470e+01
8.769118780710704186e+01
7.507831902280904046e+01
9.936641205466304427e+01
6.331561846433680785e+01
8.798102581762307750e+01
7.304194649559975971e+01
6.544813394184437527e+01
8.940662072085972056e+01
8.183721130811957778e+01
8.679403846368886377e+01
7.340617810593124659e+01
9.566548828168565421e+01
4.365225532522896401e+01
8.348758370893072822e+01
7.601423870754292977e+01
8.685541217677683790e+01
7.471148816600334897e+01
1.010994620341691927e+02
8.513373468975082403e+01
8.961894990848372800e+01
6.514185227868819084e+01
7.859593237843863278e+01
6.191643878533302825e+01
6.479378127961858524e+01
8.521867276688584525e+01
7.543482422855339564e+01
7.390683125428630262e+01
8.577330256303410749e+01
7.416392804738146083e+01
6.356649057995374363e+01
1.007660399958620161e+02
9.064195505799534658e+01
6.742235214495342177e+01
9.533213326360750273e+01
6.532874724761001062e+01
6.543324221132925800e+01
6.779130258140429532e+01
6.526605834808432860e+01
8.945791225563209537e+01
6.391971702243164088e+01
7.368355406462291057e+01
7.068831314947699695e+01
7.886919086719277061e+01
9.535596830632552212e+01
8.687402245868906903e+01
7.949338006647650445e+01
9.306913262824055266e+01
5.084758663631737363e+01
5.272770571674467277e+01
7.652713182246871781e+01
7.534441015747371750e+01
7.365875567060645324e+01
7.452222781953949493e+01
6.357240495420738569e+01
8.211653325749142596e+01
1.007129531864001422e+02
7.380080740056467903e+01
9.828006172506333371e+01
8.452511116793607471e+01
7.289520685554478518e+01
9.681061365381401629e+01
7.891160610093862715e+01
8.106139703460519286e+01
5.829707315011508229e+01
8.333497262860039712e+01
9.434164443231820485e+01
9.291957154369762861e+01
8.872775324586076806e+01
9.001938555215939175e+01
9.737945045701849267e+01
7.884448111493330202e+01
8.592374291320012958e+01
7.793374915534771219e+01
7.133720900698213541e+01
8.512104812754577665e+01
6.174392854693051902e+01
6.462289726979884108e+01
8.761649603715331125e+01
1.004664247867656712e+02
8.077935048339894308e+01
9.032312957104883822e+01
8.413067490430584883e+01
9.046934129277509840e+01
9.551913469794781975e+01
1.003732969124537533e+02
8.821465917547268987e+01
8.378718210750535889e+01
9.645908591537946108e+01
9.877147099160745825e+01
8.347430891091713079e+01
7.914422777343776261e+01
7.466427969404885800e+01
7.895850066051281146e+01
9.062915792721695141e+01
7.902482543269610460e+01
7.514288654072915108e+01
8.438698290149666548e+01
8.781038738083354644e+01
8.840246169247670593e+01
7.812810027591886808e+01
8.947179195412510921e+01
5.970458409400289668e+01
8.529624944679051168e+01
8.733376963796369807e+01
7.300536717839435141e+01
8.964845546216447758e+01
8.838273365008112137e+01
8.825368576283869970e+01
8.935592683954263293e+01
7.241330391232060038e+01
9.327746239910180748e+01
5.985714104707881233e+01
7.915654718941918588e+01
8.360153154571295886e+01
7.028860908553100728e+01
5.429253025213037631e+01
7.365973583710871253e+01
5.922984116910122054e+01
6.687231302831061441e+01
9.527590927979653657e+01
7.684061480336147554e+01
7.177604809966251764e+01
7.171848927030202958e+01
9.253003677835583574e+01
1.017779123378851125e+02
7.385760087653191874e+01
7.879245584035568584e+01
9.085821693287500977e+01
8.348511694700096086e+01
8.766680431620697789e+01
9.897238914842064617e+01
8.259224142421373926e+01
8.459208431542541007e+01
8.395290752803136058e+01
8.474584130338047316e+01
5.313960370519662035e+01
8.324125787006740040e+01
8.639514787321681411e+01
7.914864871148401448e+01
8.436579779229498399e+01
8.770956184025661173e+01
7.059374320738139374e+01
8.539941224451008850e+01
7.902382335672542979e+01
9.151679342443546261e+01
9.162757897181720068e+01
7.284172094983739498e+01
8.542926362337874480e+01
8.330278174940568192e+01
8.986615064604657732e+01
7.628583802804530478e+01
9.182226925598915557e+01
6.354762710263405268e+01
8.583271441361800669e+01
8.425997818960993868e+01
9.075093001715508478e+01
7.465455148366459071e+01
7.826353551374197082e+01
8.259881894744832209e+01
7.524692777409688915e+01
5.776434858812199025e+01
8.302277579722240830e+01
6.439850454913721478e+01
7.194788522807186837e+01
6.655334471816078690e+01
7.136881636742502621e+01
5.640018607940732664e+01
8.319355934971667921e+01
8.166586323163153338e+01
7.075809644948397192e+01
7.207666395922863956e+01
8.790356974197813145e+01
7.820125679954026054e+01
6.252172006006374971e+01
5.389176182114288594e+01
6.255339121746098385e+01
7.273482771503901745e+01
4.756991045317654709e+01
7.559342916990624417e+01
7.120481974965321115e+01
9.723467589692478441e+01
8.268053520893066377e+01
7.191721416019622382e+01
8.342172083420889805e+01
9.700912839921799957e+01
5.978725836324932175e+01
9.283036182336191189e+01
5.990853086921271142e+01
9.848142717158069104e+01
7.072599267586208782e+01
6.797356970095952988e+01
6.797356970095952988e+01
7.700211331861058284e+01
9.306500486500209490e+01
9.684540280354795527e+01
7.209226024420325984e+01
7.155340899049454606e+01
6.632872291607759507e+01
9.400811634448831455e+01
8.595681509324202807e+01
7.288354230931395250e+01
8.145438309026442880e+01
7.136509024628793441e+01
7.878369173258487024e+01
9.260679571100025953e+01
6.242312112675207914e+01
8.982433370829699015e+01
1.000454358084024307e+02
1.009908427540598836e+02
8.799008639933157383e+01
6.207697915235875996e+01
9.343943837810250841e+01
7.086409937190694563e+01
6.297375197625864729e+01
9.202566152989327009e+01
8.193201547941582419e+01
8.415098359152671037e+01
8.802951517520492075e+01
7.604486816446545561e+01
8.529605039418416368e+01
8.465230225743525239e+01
9.777735808158273301e+01
8.621711351796434997e+01
8.941974433889649276e+01
6.692527835185344998e+01
6.155462968892027220e+01
6.496533767913676627e+01
9.814278094417412035e+01
7.754604626360196562e+01
7.134017582197857621e+01
8.519982455368987928e+01
9.399461993277817839e+01
7.035378592428821776e+01
7.941751814298615386e+01
9.913065125792279275e+01
8.506098979746801092e+01
9.429311589299763341e+01
8.323610034310381423e+01
7.859447237446896395e+01
8.798673772612090715e+01
9.499751235827049811e+01
9.027583725501656886e+01
7.165119758863154686e+01
8.346054922774975182e+01
8.083883114974656792e+01
8.997075206581733653e+01
7.937129175584091456e+01
9.280533261154081970e+01
7.495282043189027377e+01
5.065667723087415908e+01
7.081122597689841314e+01
8.765195829130288985e+01
9.000054521199407986e+01
7.267672361825437122e+01
7.655959270303775099e+01
1.005588300491328653e+02
9.016807238223030652e+01
5.995391209896823170e+01
9.897764093309753264e+01
8.570888847857094106e+01
9.058445649046824144e+01
7.037702959452799689e+01
8.657456168679404129e+01
8.046381091994761903e+01
5.782098890330497909e+01
9.870864841962767855e+01
5.942621359049521601e+01
8.154272632260732223e+01
6.350027222276945338e+01
1.002130174776721816e+02
9.472280182460403353e+01
8.281709129200599762e+01
8.218039679407425524e+01
5.929912171527639941e+01
9.725266783759713007e+01
8.757119588978520142e+01
7.401651919087892395e+01
6.711860516587879033e+01
9.882411045135739869e+01
9.877410866152980873e+01
8.439403630441545090e+01
7.737419428740999194e+01
6.238546877691096171e+01
7.643895105537627899e+01
5.909023866786547785e+01
7.427649501507355012e+01
1.001909684909591647e+02
8.854590929417716438e+01
7.625430885385858915e+01
9.462184869705814094e+01
1.003123099585216664e+02
6.850480873745060251e+01
7.579220688695718877e+01
9.353018260290210151e+01
8.555901611919580318e+01
8.785387966040124752e+01
7.771689439213473349e+01
6.528299108325892064e+01
7.136214886001361890e+01
6.437072527772500052e+01
7.733419860987808647e+01
7.365294895822810872e+01
4.515312402746667431e+01
8.327774744530493933e+01
8.069714699334973318e+01
8.894203000520990088e+01
9.483635300960557402e+01
9.049083947368932002e+01
6.902822595938063444e+01
8.665740507295903683e+01
8.145880621180737080e+01
6.472011524060394549e+01
9.734304411984003025e+01
7.937711003625946660e+01
8.012430007180786617e+01
9.406044763877515891e+01
8.767864660564339374e+01
8.414753960010841638e+01
5.005416344465747613e+01
7.428138244236470200e+01
5.980005000455690833e+01
9.902769301626054244e+01
5.406896249730302628e+01
1.002098549407835151e+02
5.052281202141785599e+01
9.993850562692020389e+01
6.167739122053712464e+01
9.955231453061411173e+01
5.677108633200920451e+01
9.336102547278149189e+01
7.348514138408393137e+01
6.771848798918045986e+01
6.347019077056836522e+01
6.476226685811067796e+01
9.197886719264127464e+01
6.252866470407279564e+01
9.076588424393031573e+01
7.099213875432153031e+01
4.988843148915827186e+01
9.382032756474893631e+01
8.103488518199561952e+01
8.408096847114674688e+01
5.867137239049595365e+01
6.305691860209736888e+01
9.256781460324687316e+01
8.000284203398589966e+01
9.436449545972966746e+01
9.648338935167309671e+01
6.431574076994971279e+01
7.201036119235700994e+01
7.346057474969785517e+01
5.323219325776311450e+01
8.244182526548507894e+01
7.333055609638395822e+01
7.827490708908528916e+01
8.894574385270298933e+01
5.724003338610031477e+01
6.733363460289811542e+01
8.774262103246995537e+01
8.725999403440627589e+01
8.794690213302072834e+01
7.573797353573039004e+01
8.029722213840697975e+01
7.386744596735763935e+01
6.636100847684664927e+01
7.314970881169799100e+01
5.194121798349543440e+01
8.077614971663830090e+01
6.614096193152752790e+01
4.723559585363236835e+01
7.507647244656166663e+01
1.022645500599624739e+02
9.603217614039535022e+01
8.824920491895046837e+01
9.120501079252522914e+01
6.567733710653799051e+01
7.334508651189219108e+01
5.933353530314794000e+01
7.646916964249921023e+01
7.434807564583785222e+01
8.330074219874875041e+01
7.891493164809492100e+01
8.918555685394424870e+01
7.903302814514815111e+01
9.377771884381384382e+01
5.309133485348633030e+01
9.472285473568591385e+01
9.355657199531462709e+01
9.308131617483221021e+01
9.327959717084850411e+01
9.098224354295936678e+01
6.940544172592377947e+01
8.013188485924422366e+01
8.568916282890538128e+01
9.579200032274219723e+01
8.432397713921680804e+01
5.792248878323009365e+01
5.834628060549074746e+01
4.396467860975585040e+01
9.004572477379008433e+01
6.530439146778638815e+01
8.370030477552472803e+01
8.392707797259518543e+01
7.377996714505849241e+01
8.532341719808744074e+01
7.740051783745778380e+01
7.459603690531552900e+01
8.924821991364515839e+01
7.953421068839986674e+01
8.238019629823661205e+01
6.028466583361500852e+01
9.157858924048136373e+01
9.958533049100191192e+01
1.017137426955764994e+02
8.486823421115667543e+01
8.869436654121834351e+01
8.187828882794549656e+01
8.027175338100505542e+01
8.769043236460053947e+01
9.130545074291983099e+01
7.439059821156183716e+01
8.576846636545545266e+01
8.147381790013670866e+01
9.181285090322103315e+01
8.046940365414211271e+01
8.022135023974075807e+01
8.928826932619912782e+01
8.340204112991574448e+01
9.996268066697287225e+01
9.697993104822222676e+01
8.738025563436180221e+01
9.247954069126275556e+01
9.764687322799444757e+01
7.542274126612731777e+01
8.404251046686368909e+01
9.655063049608946812e+01
6.243170162021088743e+01
9.352996154674720231e+01
6.141249340253463629e+01
8.347307388567115538e+01
6.523466822936518383e+01
7.240151851245066439e+01
8.231188213858520442e+01
8.237543387306571674e+01
8.115214889148684563e+01
9.527220777011872599e+01
6.200431334621606538e+01
7.174259877418514009e+01
8.474508917950079478e+01
9.188069487838278349e+01
7.815393529269556439e+01
8.533428571832331500e+01
8.174713962356885588e+01
6.767217785094447891e+01
9.158894259858774944e+01
8.269039815547060357e+01
9.667886502585936626e+01
8.858590943503909898e+01
9.226082152400330472e+01
7.918589658999943026e+01
9.922992806867344484e+01
9.512409749760865907e+01
9.003843899787206340e+01
8.867790044916026204e+01
6.479473247700165928e+01
8.390616051371739559e+01
5.383154378579302346e+01
7.290429595631775328e+01
6.972965674552942517e+01
8.720065850304240485e+01
9.516256118107162365e+01
6.335549994381843675e+01
9.086246294482307917e+01
9.734651126165098844e+01
6.517201753692873467e+01
9.012361468443833701e+01
6.715480214727625707e+01
7.238571871104404920e+01
8.525411828490642563e+01
6.076813686851508578e+01
1.029285103500314165e+02
8.358305470501636592e+01
9.483949458067047544e+01
7.854734618352939890e+01
7.193005955378193050e+01
8.578126113862735735e+01
9.636503069623921647e+01
8.699638896087412832e+01
7.610790299194265174e+01
5.621800251753857225e+01
8.690026148950772722e+01
9.469635932104338849e+01
7.811744432834677809e+01
7.330280685512201444e+01
8.593833908766524132e+01
8.218656823799024380e+01
8.050879488310663135e+01
6.629181404869555649e+01
5.097624525905364123e+01
5.972841181268215394e+01
9.014039429539835169e+01
8.268217663332433176e+01
6.924810481786056471e+01
8.401717055350826513e+01
5.824862354977710766e+01
7.381977407565133831e+01
8.203159280905933315e+01
7.745255385019007122e+01
9.450605326351258384e+01
8.760893095763603355e+01
7.532772246852786679e+01
9.485952336026862497e+01
7.755799490240300997e+01
7.982852552285538650e+01
9.616591059453421053e+01
7.873406063887105688e+01
8.268623643039097715e+01
6.205679395544956378e+01
8.178828971081955501e+01
7.773951350788864545e+01
8.169139730856586823e+01
4.799498394900124509e+01
8.747792571191287436e+01
8.275966537907069664e+01
9.744205766386038192e+01
6.069859474835515556e+01
6.306008462898886080e+01
6.396296792771028095e+01
8.919276047364513715e+01
1.000181688803651809e+02
8.344391492711081071e+01
8.508191911187523715e+01
7.938487176228004216e+01
8.461247407635190143e+01
8.385290879542566245e+01
9.748149431251943042e+01
7.580767182799243642e+01
9.151754358465241523e+01
9.629004724400098780e+01
9.498742534682280336e+01
9.886515161926038786e+01
8.746523955787097293e+01
9.291860198565115070e+01
9.597429827996809593e+01
9.622500726645864688e+01
7.797553629112765350e+01
7.670129725480660454e+01
9.345090928059300950e+01
9.937548657812379815e+01
8.139217744886140338e+01
5.567020537377459988e+01
6.161262699861687508e+01
9.898242780035474198e+01
7.688510935714330685e+01
8.585514389463048701e+01
6.929118216720483758e+01
8.709073680937896711e+01
9.633787220264827056e+01
1.011815663070089784e+02
7.601966907147411234e+01
9.598290210005019674e+01
6.984296266071585535e+01
6.128245068796378803e+01
4.690190297576865675e+01
6.254189024097979654e+01
9.027581047074113485e+01
7.574901085128749401e+01
8.636889791308773567e+01
4.918110030508584174e+01
7.869889525865920632e+01
9.246351397728035693e+01
6.867703368083891746e+01
9.109725647331767107e+01
6.481351544798937425e+01
8.164668685160191330e+01
9.335378838165085824e+01
8.046702060920289057e+01
7.960719560601232558e+01
8.738416552851366248e+01
7.853768725176996668e+01
9.061571301653020782e+01
8.690558579306217268e+01
7.637566553359187083e+01
7.705256569427881175e+01
6.546295748481234966e+01
7.393976991908924390e+01
7.611317318923732955e+01
6.901174080511803766e+01
1.007983988846263230e+02
6.389888324160523325e+01
8.434335212131354353e+01
8.574493954963045894e+01
5.161181706078200193e+01
6.510353942103188274e+01
5.659601906707139563e+01
9.956317533288198263e+01
7.481170667304063215e+01
9.470712227624224511e+01
8.424019546607746634e+01
7.414721847791713571e+01
7.731305587520263600e+01
7.613260853301171949e+01
8.681512134885991827e+01
9.141864557753797271e+01
7.948428688690046329e+01
9.392976691841283809e+01
8.400429767264419922e+01
8.473956472437834009e+01
6.918469575994609500e+01
8.297273866435335776e+01
8.059075248522658796e+01
7.189617533950648465e+01
8.076194881717896124e+01
5.899836005555620488e+01
8.691125065338367506e+01
8.596060212901458897e+01
7.216998736752411503e+01
5.790247831034526627e+01
9.223464174473974708e+01
9.604716081786780535e+01
8.120367758591297047e+01
7.732100242289131131e+01
9.428806607075324564e+01
9.611488612394325060e+01
8.852957152921941031e+01
6.345404280752612891e+01
9.109323485030162715e+01
8.881219489859762461e+01
8.096796090611324814e+01
9.129552833890383567e+01
6.233099821619191516e+01
8.514856631911101204e+01
9.879406836288838178e+01
1.002364883134222424e+02
8.514249575074040877e+01
5.970151692159741685e+01
8.178174970732037252e+01
8.011579838652525609e+01
9.769668360439966648e+01
5.443883477021482520e+01
8.571938844783493039e+01
7.276826610681499119e+01
8.632840091617292444e+01
9.158936231892467106e+01
7.764829657315401334e+01
7.872562171026041256e+01
8.951784447859260752e+01
7.269321196946238217e+01
6.593407329754282387e+01
9.005938385833695747e+01
6.496340773695254711e+01
6.784383382204204338e+01
6.990825767864025408e+01
6.657294863041009592e+01
9.044577350677411687e+01
7.984419955200014840e+01
6.082490895783619322e+01
9.869664442530773840e+01
8.692538759551420924e+01
7.267576218353741524e+01
9.983647972251810643e+01
7.608310430784226241e+01
8.332146770027999594e+01
8.255023485409461159e+01
7.342117096212395211e+01
7.085612515659127553e+01
8.948559001260332479e+01
8.868489884185564165e+01
8.496383289359282287e+01
8.781096137390559875e+01
8.141127745695385443e+01
6.432824494299508444e+01
8.158840338120538149e+01
9.167391372322914833e+01
8.119511951780089021e+01
9.884645266093724558e+01
7.999670769203356713e+01
6.490832281198665044e+01
6.142563893894840277e+01
6.362989975721846037e+01
9.086366956342007484e+01
9.968063597830749245e+01
9.842228262657248195e+01
5.947813285636618730e+01
