1.342234327526468718e+01
1.512828054723279791e+01
1.355684450021557730e+01
1.204494820315412440e+01
1.921129714445915226e+01
1.445655011541407831e+01
1.087861663818523006e+01
1.153126222054084415e+01
5.524782996593105899e+00
6.575912157946257608e+00
5.850818066927458538e+00
5.725089893156956045e+00
5.304207565695093329e+00
8.332417192975931641e+00
9.062589232709949982e+00
1.083194522656992831e+01
1.050314981365229272e+01
7.836183631192031207e+00
6.423341843149236396e+00
6.774457637200575810e+00
5.850818066927458538e+00
5.072126638211011951e+00
8.014610873184562223e+00
1.090066279215963085e+01
1.215170045241120178e+01
4.670258709351585935e+00
7.319527608486546377e+00
7.418351000553025543e+00
8.731243676366437612e+00
1.114114519289351612e+01
9.798460202431215293e+00
4.879706629070346580e+00
9.857281209659472410e+00
7.911086899197131928e+00
8.318747552000415268e+00
7.239123469183920356e+00
6.510643014487609292e+00
5.719225093039597141e+00
5.829813877250328957e+00
7.141456288003380060e+00
5.026935233241387913e+00
7.389905564843965990e+00
5.603334059120521182e+00
7.003511283618656158e+00
8.414823627393953842e+00
7.268704932006289532e+00
8.068489430966954146e+00
8.761438804946880765e+00
9.248782328625399174e+00
8.152177920855113058e+00
8.363481653805566296e+00
7.057646428119948467e+00
6.924678293729829903e+00
4.871949445896577302e+00
8.167320717592579271e+00
7.518965227201591439e+00
7.690946216758846710e+00
1.059580881788055429e+01
7.898424522643374246e+00
8.188217041733320656e+00
8.663245778866155433e+00
8.583931174426039590e+00
5.435883568659718001e+00
5.187234844692900637e+00
4.871949445896577302e+00
5.255930753776504538e+00
2.181821768888451984e+01
8.981816714931202483e+00
9.904592001465974960e+00
1.060520495052274725e+01
8.051815597898675847e+00
7.248503703926544972e+00
5.823170175419891237e+00
6.889128223106869342e+00
6.836543484085789046e+00
5.911342051462513680e+00
6.390127381750430935e+00
6.534282077505212172e+00
5.289345173874873574e+00
6.423445738383135151e+00
6.454193293941858478e+00
5.684528684023514522e+00
1.498268597226277876e+01
7.554562878784113700e+00
5.284936237041127249e+00
5.164660444169541620e+00
5.177437274191575511e+00
5.596606701768798153e+00
1.334015496454812144e+01
9.409342114677608393e+00
5.715909672342305292e+00
6.715013037073644497e+00
1.758801375753546736e+01
1.386312206964253768e+01
1.182654895446041721e+01
1.788614449905418624e+01
1.372476904667436060e+01
1.032650292901545264e+01
1.782977707311651372e+01
1.047021164597594911e+01
2.119027263991432619e+01
2.138946791712507078e+01
1.214825097704937562e+01
1.487314984452460109e+01
2.152275654819021966e+01
2.308208068713597427e+01
3.865896504806855205e+01
3.968067474499218150e+01
1.807640953332541756e+01
6.041135654518238418e+00
1.439932878705555730e+01
4.875493084901182606e+00
1.144499553625153609e+01
4.157723144628565848e+01
4.349838041737307037e+01
2.551914004616661558e+01
3.753337094738090940e+01
4.110692213791378435e+01
2.161572207805751233e+01
1.105100587230088571e+01
6.816262248861207240e+00
2.206299428033899801e+01
8.464390132392315635e+00
1.174534268162584638e+01
9.258290958581788743e+00
4.379997206231244178e+01
3.041681143244957397e+01
6.002430626791285029e+00
9.691113370612009703e+01
7.015018139067457525e+01
1.484011138642671135e+01
8.903728454168804873e+00
6.801882908730098620e+01
2.195983814335133033e+01
6.471537973091746210e+01
5.943788278314445961e+01
1.984487084373086674e+01
1.666146251506184583e+01
4.435080000735901962e+01
6.756054712331429180e+00
5.816520702279320609e+00
7.641719923246062862e+00
5.209188958466090646e+00
1.399832959253298093e+01
3.510849065924422518e+01
5.605441029504075345e+01
5.875951871544007332e+01
1.690419486711431674e+01
3.054192985690722395e+01
2.442896571519091964e+01
7.341197004830009121e+01
3.354931283158929034e+01
1.972255209512964669e+01
3.249070168275303416e+01
2.204060620140120719e+01
1.222314183654746600e+01
3.333226353518480778e+01
4.325083689264915598e+00
1.857200994104908887e+01
2.746410447284775458e+01
4.643962302810433762e+00
1.111314694786005930e+01
1.942377718786832475e+01
1.856528756068996699e+01
1.747582684473906411e+01
3.681928997441716689e+01
1.385779462720252297e+02
8.513512515541884795e+01
5.206127110380201373e+01
1.100389836154420919e+01
2.081929573685091484e+01
1.761498777922947667e+01
1.444955948049935657e+01
1.445336855511192375e+01
2.634660925730174696e+01
1.356460045206580212e+01
6.426718402043094969e+00
6.534351526107410990e+00
1.113940891811852296e+01
1.379713628782805834e+01
1.565872939497256411e+01
1.160143560815298081e+01
1.068690187632024724e+01
1.409728520406055452e+01
1.418713935934307280e+01
2.051468967911776531e+01
1.546073463410571591e+01
1.645055602171466091e+01
1.606497806845870002e+01
1.444181205470403562e+01
4.749722075735670401e+00
1.234378487413841441e+01
1.161430756579545331e+01
1.006221003835623407e+01
8.688877943221781308e+00
1.725146749801950818e+01
1.864593169821914387e+01
1.580075703747660221e+01
1.439151159242683597e+01
1.227021716439866772e+01
1.278954515248256207e+01
1.040571383102215286e+01
1.128155021663789093e+01
9.966729605391071445e+00
9.466468570229528368e+00
8.834051257249585731e+00
8.555784210375309229e+00
5.767502358188982825e+00
9.502303852352214975e+00
7.984430325537987372e+00
8.690966456222563252e+00
1.080408950372595811e+01
9.823068258624502391e+00
9.167852643210459007e+00
8.962749191318511777e+00
2.084470890010971544e+01
7.479269389714975347e+00
5.939532763650906766e+00
3.399009558486463334e+01
7.281852571457766210e+00
7.571838102941785387e+00
6.302950514737452714e+00
5.808188778698022858e+00
8.701032354305512584e+00
5.649746301650835356e+00
6.305410281152152407e+00
7.737685172293442548e+00
7.360934682309614452e+00
1.004660253639883827e+01
5.561625584020839064e+00
8.305935637211128153e+00
7.273204857390416223e+00
7.167518509847253583e+00
6.969836252113057462e+00
7.494101457446036285e+00
1.048861103276165530e+01
8.828055194818210438e+00
8.446686610073976809e+00
9.723871441962691264e+00
6.901673975630359337e+00
2.959297458595145258e+01
6.401804478094879514e+00
1.165271850465001080e+01
9.845754304284728420e+00
1.341590425636757367e+01
9.809487608502932332e+00
1.657023587807383791e+01
1.129234844278445671e+01
4.675312639864936060e+00
7.978745857678156028e+00
1.570928267439107628e+01
1.919750443460454647e+01
1.644396842912223278e+01
9.070802120919605471e+00
7.081747970605661635e+00
1.109709615333172472e+01
7.531728394426900230e+00
7.006734634498401171e+00
6.792211841715130483e+00
1.419979417614988648e+01
1.081770587848778398e+01
8.290218407013176360e+00
1.455718482743582598e+01
1.471588095164223731e+01
1.737308525507753387e+01
1.495798710952224830e+01
1.496957025294106103e+01
1.318834559724395206e+01
3.169673918942851287e+01
5.139661696106233535e+01
2.321559165895917332e+01
3.022899793990041317e+01
1.466059145501515992e+01
3.478326078651944187e+01
1.109726937856430773e+01
1.790933522854336957e+01
4.842622240750604590e+01
5.942684989487072045e+01
3.562388567553959007e+01
1.621913570037115448e+01
2.439047575536024937e+01
1.493110609423182389e+01
2.095336956971424769e+01
3.719571600387403265e+01
3.582384461068649983e+01
3.855569198462337965e+01
2.806889908657291599e+01
6.314629750347058490e+01
2.255489009147273904e+01
6.110805275361347100e+00
2.400308268565315828e+01
1.282932928227108071e+01
6.201259607465478219e+00
9.682356074732457074e+00
4.117476513983973518e+01
4.619934036686324674e+01
9.695213555159614316e+01
1.060655855534746479e+02
2.542456812517467668e+01
2.716278583233446042e+01
6.749077739115065810e+00
5.414477351979741826e+01
1.325260138566015833e+01
4.354489724303164166e+01
9.783213123857009919e+00
1.028525506107504270e+02
3.913478428521565178e+01
2.326677598369171562e+01
3.513055305752422441e+01
5.563611986621291550e+01
6.023198529552717062e+00
2.171095065929057100e+01
4.202619002943388971e+00
3.785090897094414686e+01
3.386170080082865752e+01
2.381406056228128421e+01
3.723401645687117423e+01
2.382716960531580597e+01
2.002363380828799677e+01
1.689348857529618897e+01
1.373162058996532053e+01
2.358263923579820798e+01
2.506250429421596237e+01
2.934898469798966403e+01
2.356314858681552593e+01
2.322617068360315074e+01
2.808593326438372628e+01
2.773820801648756174e+01
2.204429376446834610e+01
2.564917298069775953e+01
2.495319037140524898e+01
1.836579789434646770e+01
2.267674555312454743e+01
1.951176949184944931e+01
1.649406948227988323e+01
2.281594269826614152e+01
2.204558750395071698e+01
1.435335242740947592e+02
2.351215425533706593e+01
1.811662917237654824e+01
1.693965543625777670e+01
1.144295525456331930e+01
1.045116013200039440e+01
1.475357827256591463e+02
7.679099000411988563e+00
1.762536770046084555e+01
1.533968971374309653e+01
1.874486636653084304e+01
1.025161918973030062e+01
8.445170231216392764e+00
9.606312293309034800e+00
9.821219378025945801e+00
1.082021679120368773e+01
1.924323954727837815e+01
1.588786484880553118e+01
6.940595071857964093e+00
1.529071890969169090e+01
1.656430223332716167e+01
1.666365847963217561e+01
1.420228701655564940e+01
2.701686950827825484e+01
1.281956423551784319e+01
1.411171554321748900e+01
1.175949436984331697e+01
1.335017094379265323e+01
1.395098988438157050e+01
1.501825431138275668e+01
1.959371279954718759e+01
1.848042867919669163e+01
1.205055555483167673e+01
1.382183625104907954e+01
2.128308879925517161e+01
1.470814250504487575e+01
1.469624664808889136e+01
1.378032718503573051e+01
1.180875023880356522e+01
1.104304197766956186e+01
1.204086072767752746e+01
1.193258290889727391e+01
1.060860168662198610e+01
1.426435450335494437e+01
1.436297201127713308e+01
1.430598734423366203e+01
1.444952402221163723e+01
1.478965731773269887e+01
1.733471404037021557e+01
1.116521784304502241e+01
1.669452202653702955e+01
1.641859227755444195e+01
1.854194433391152330e+01
2.403468024006518178e+01
1.065409375779714907e+01
1.141633111817699664e+01
2.587540997755989736e+01
8.565101937876962168e+00
6.405586705347017684e+00
1.591462778909204978e+01
9.440307347812032290e+00
8.789380222216548688e+00
8.334631249167729905e+00
6.983661500936861444e+00
7.890107655970367340e+00
5.263253412084094585e+00
6.297758853505594168e+00
6.960351726726186428e+01
1.625889959509654759e+01
1.501098719533385406e+01
1.039209691850569861e+01
9.657764895729254562e+00
8.050060495663643678e+00
1.019842115508772373e+01
1.385878023964271755e+01
9.494434646997182980e+00
7.686166707976968659e+00
4.846838107409921292e+01
1.017299084757423344e+01
1.112989559954622010e+01
9.751314072911949182e+00
7.236383022317818714e+00
6.201867110075669487e+00
8.783599828556150513e+00
1.158499653036960453e+01
6.971328689788969690e+00
6.878633722534156725e+00
6.933198813905659286e+00
5.111406207684487413e+01
6.616101006231906112e+00
6.385748096392907414e+00
6.077537195323861496e+00
7.057581821560897417e+00
7.303989151607323649e+00
1.400777228721388035e+01
1.283856231920733926e+01
8.733754415953004724e+00
9.360352400066439316e+00
9.708252427469508561e+00
2.832244466864861110e+01
7.443555027085929865e+00
7.507314256130436014e+00
9.541457732098141520e+00
7.574744572539847454e+00
9.153082663068200731e+00
9.351872342762485246e+00
8.682439891982793867e+00
1.271300423946026115e+01
1.380372186850820171e+01
9.610729646091886735e+00
6.392475338151080422e+01
9.740023362118776618e+00
6.886183372767173516e+00
6.268709314563583490e+00
8.078269837782183771e+00
1.021064950028105578e+01
8.323050251500028196e+00
1.146103906602352751e+01
1.204680285063783884e+01
1.180831390366886247e+01
1.126429740737671104e+01
1.019559733304075166e+01
2.680018628023340099e+01
1.039834335853747049e+01
5.742873996437145578e+00
1.856453665978303036e+01
7.087773895385243605e+00
5.240020260405438002e+00
4.696200618044557018e+00
1.497535606565572763e+01
1.318950639675360925e+01
1.375694108570577434e+01
5.469023855088391173e+00
5.777963817684226733e+00
1.729767133783409960e+01
2.941972479076997971e+01
3.401341716616882849e+01
6.710355978324250792e+00
1.357889733885659744e+01
1.513965372253706931e+01
1.062229563539526112e+01
1.195141481476971634e+01
8.311873373856544234e+00
1.849960197096270420e+01
3.916181498480299439e+01
3.282308108035852712e+01
1.142183523268630729e+01
5.377065899434981588e+01
6.109764270188574642e+01
6.628489648958057501e+01
7.347848547517754980e+01
4.825413859824413976e+01
6.067235693291033272e+01
5.323389245836582262e+01
1.972607859166671318e+01
4.443245118513470260e+01
4.479712174902897459e+01
3.784212514011183259e+01
3.648961504376102738e+01
4.302468834182146651e+01
4.232788201007519291e+01
6.181710104162237229e+01
5.384677568744329079e+01
1.354227142625315672e+01
2.088188292076432617e+01
4.277940194624998327e+01
2.787737618719704713e+01
1.940504734763190342e+01
9.987955361292142342e+00
1.178853775022241201e+01
3.116740759559081297e+01
2.067274836524715198e+01
2.254386940715732024e+01
1.470600644953959169e+01
1.480283895134306960e+01
1.124701732926918218e+01
2.285658884395294166e+01
1.879377452428951401e+01
7.891481304509170513e+00
1.567686387559058403e+01
1.542355577922733190e+01
1.711100653742584754e+01
2.927525001119642312e+01
4.828640912607189506e+01
1.996892330241530544e+01
3.844105329640716207e+01
4.652805437291341661e+01
1.031594355941579408e+02
6.508180943833040999e+01
7.252128526987989687e+01
7.257004218883851365e+01
6.161229931860086140e+01
5.439365825373829466e+01
5.040493299731934940e+01
2.114070437017207027e+01
5.963093050568026854e+01
5.942605183037227334e+01
5.654998749143572923e+01
5.565416868981789378e+01
5.193247307221415809e+01
2.555543194062500945e+01
2.610512034588221297e+01
6.279271399454899871e+00
6.156872227106688023e+00
2.678861748333375914e+01
3.704351311513450185e+01
3.861638979248704118e+01
7.904118631777130588e+01
8.941228404417132936e+01
7.704505047050909639e+01
4.797114544206543485e+00
5.849602947854675605e+00
6.536926797481994811e+01
5.167345377692232944e+01
5.450415540423764327e+01
5.408986207829241266e+01
3.971003555819688557e+01
4.054149724215205453e+01
5.718784260395907637e+01
5.415574129188993879e+01
1.429382810584030494e+02
8.167618962269678207e+01
7.695865416886584853e+01
5.927797112529887613e+01
6.435178000873206017e+00
4.640953300619538879e+01
4.317135369799281364e+01
8.066543089494955154e+01
8.097039245995215140e+01
2.647467862183379239e+01
3.898725210726234280e+01
1.729552406557026245e+01
2.409519764142100584e+01
5.438648540220988536e+01
7.144983951629960472e+01
5.271880058762309318e+01
5.301220133287780811e+01
5.069884760999336493e+01
5.989510828292562650e+00
1.312624647259380417e+01
1.033776997655964180e+01
3.551931574216221321e+01
1.528177927845190531e+01
8.402469798999679540e+01
2.570960922228890411e+01
1.235631518088516145e+01
1.165850003788468214e+01
1.465014847905313466e+01
6.222603936173720207e+00
5.869316898258562532e+01
3.089011319630598251e+01
6.782974325264635951e+00
7.281827240172896154e+01
1.077389668578309312e+01
5.116145185011302665e+00
5.883019417427871822e+00
1.179092648989031318e+02
1.255155730052396450e+02
1.132946925340092008e+02
1.123637228890740545e+02
5.375603868159581822e+01
1.188317505780354253e+02
1.011679384388205136e+02
1.181135395167386548e+02
3.102227700251172848e+01
7.074548307285883197e+01
9.562267524065619284e+01
1.294036438450928905e+01
8.045229167812588855e+01
6.678208417130812791e+01
1.032810881392750275e+02
4.373759851671344734e+01
5.563369107204670172e+01
2.521138784025263746e+01
7.185266669296600739e+00
5.624594711971948868e+01
1.653881514906241890e+01
1.069004726090764379e+01
4.487999839201065377e+00
1.465491372848360108e+01
9.926585944250001958e+00
9.231910279140057796e+00
1.076567947197932007e+01
1.134707991806323513e+01
2.685352481367635846e+01
3.092327342264310275e+01
4.102874886445756886e+01
4.133693459308417317e+01
3.867463852972315408e+01
3.442385756093163707e+01
3.539078513343039845e+01
2.461096574615767096e+01
2.691629259721582557e+01
1.385102888911510455e+01
1.207707019669884474e+01
4.494812687096992931e+01
4.372483509589022788e+01
2.125841627677825940e+01
1.833775491045718553e+01
3.102395113911622104e+01
1.865860571633048437e+01
6.831919826485648173e+01
5.693442467989292055e+01
4.771984154800620992e+00
8.841916302506233194e+01
8.013013141658709060e+01
1.479729206471462533e+01
2.389790466891739484e+01
8.980110038101594583e+00
5.132352376039208508e+01
7.134022210634117300e+01
1.546817303262607268e+01
1.060176034770993247e+01
9.763289007911231465e+01
6.125458475833478644e+01
6.861963501512413188e+01
4.937377637998773494e+00
6.337943156568054803e+01
6.374138114139756617e+00
6.174155539167956874e+01
7.667668156293565573e+01
5.876102218621743134e+01
3.830775047700876001e+01
1.784364299210232474e+01
5.694706894595282165e+01
7.676298516610515321e+01
4.520190962528042888e+01
1.267110971710587464e+01
6.816834892062287565e+01
1.401977523070319265e+01
4.822743673852760082e+01
1.946044581853298538e+01
1.738881393355572413e+01
4.453828045980529993e+01
6.061285894808683850e+00
8.298072492918547027e+01
3.364458850613521435e+01
5.604245885174121611e+01
2.200356050427342041e+02
6.062069484213023607e+00
1.253883207868480376e+01
6.305827421607294525e+01
1.031453659683416504e+02
7.064553417936687651e+01
6.678946637332271052e+01
2.224007364097265693e+01
1.661482586689715504e+02
1.484722641112427368e+02
1.561512760757690899e+02
7.365143216840426987e+01
6.703321602252226796e+01
5.583406760755918796e+00
2.204489464415198796e+01
2.709852480206110670e+01
7.320216048634490846e+01
8.088081669708232369e+01
4.772678916181081199e+00
4.867003916665543883e+00
7.822470522552924876e+01
1.034863454862716736e+02
1.444308725782555882e+02
1.449475912918634606e+02
3.740662101332943479e+01
1.684742901255418346e+01
2.167519543020225115e+01
2.038201727328071655e+01
1.285788938368595602e+01
1.114532296699048786e+01
1.211975256600297257e+01
8.267908987847652824e+00
9.537098069490422603e+00
9.468186709166538151e+00
1.927377748274673408e+01
6.631243224417516124e+00
1.956395269552026406e+01
2.360783163708749655e+01
2.936088063035409945e+01
1.801006065397674050e+01
1.385444795429009979e+01
2.686703706804375358e+01
2.125996109091643049e+01
2.828679115884232331e+01
3.233365744394807706e+01
3.199592523972225067e+01
3.382074150486997155e+01
3.871499456108067960e+01
3.157980696020129230e+01
3.303125424905105234e+01
2.601311418355992444e+01
2.885207709313660018e+01
2.705815035096068399e+01
2.639083159539509893e+01
1.830559866094960242e+01
1.779631152933485794e+01
6.627909080278527654e+00
7.064754223726674276e+00
2.540420503815395392e+01
1.979855860531383982e+01
1.773861641940986900e+01
1.532586492104181275e+01
2.170935765833342401e+01
2.542503190484630693e+01
2.557832060794430973e+01
2.472557757321553140e+01
2.336565507742295722e+01
2.461589979887269308e+01
2.093673525379777089e+01
2.152718567048489007e+01
2.484184979835691109e+01
2.602845669489721914e+01
1.704752913721829799e+01
2.444471508715021102e+01
2.188450612819600849e+01
2.010970327901446097e+01
1.846279955207057100e+01
1.608921067942161542e+01
1.385176772135419121e+01
1.107961943774206226e+01
1.302370669572125905e+01
2.598593066697617715e+01
1.761895736695911197e+01
2.209637432438199767e+01
2.803964167047142197e+01
2.787964968924370268e+01
2.260676134057547060e+01
2.306010287918833157e+01
2.798324919791623699e+01
2.872146990946949430e+01
1.446382303081470511e+01
2.660639747370308328e+01
2.678840821922671367e+01
2.959770939070267559e+01
1.897907074591079635e+01
1.734767961585295026e+01
1.634577269284490697e+01
2.096163933243643385e+01
1.946027672689130483e+01
2.334067626892897351e+01
2.139500445852659993e+01
1.296628117846850969e+01
1.929513716313537230e+01
1.966356829623585867e+01
1.678860483646424129e+01
1.677200051788323165e+01
1.527380262708808090e+01
4.694490255272880219e+00
3.985082478047075938e+00
1.497796703086799397e+01
1.801461614542536438e+01
1.811439440991881966e+01
1.494141309828068032e+01
1.775312103248514006e+01
7.951312056447163101e+00
2.493658728038293759e+01
2.815008542247196388e+01
2.525726880033203159e+01
2.273158101942358300e+01
2.244456929991422811e+01
2.157759912571307126e+01
2.814535416476088514e+01
2.477045113712839353e+01
1.364845127893798704e+01
2.316122289756427222e+01
2.623192776900151557e+01
2.279372800558628498e+01
2.618289071753872577e+01
1.081540681845386409e+01
1.366497847297859636e+01
1.542505253216575589e+01
1.696187074266831019e+01
1.475949007319752404e+01
1.358130614590129959e+01
4.894699342886687532e+01
1.228606011033527246e+01
1.198140355153407199e+01
1.178296481510169436e+01
1.286584268633532524e+01
1.192270065728210504e+01
2.743012266683808065e+01
1.293788744528769108e+01
1.527951051629010415e+01
6.506789584638421609e+00
5.819551255111574228e+00
1.054205076994859702e+01
1.747058677134071658e+01
1.321015527625811892e+01
1.150060264055059811e+01
9.740868012096781214e+00
9.800430209876058285e+00
1.058152448485330233e+01
9.901913058120308975e+00
2.147336822852158633e+01
1.752353177314314436e+01
1.798783888542460829e+01
5.956947056345235580e+00
1.629885542370632834e+01
1.795633110922006281e+01
2.015084145057473819e+01
1.995718339799136842e+01
1.532588289394124637e+01
1.421226999002799118e+01
1.843680992701989751e+01
1.460795379986785214e+01
1.530262652515689403e+01
1.519657934784605935e+01
1.203049536431993083e+01
1.696498212429290930e+01
1.719860585606346248e+01
1.888297836122715267e+01
1.462607786426852385e+01
1.419677768919301641e+01
1.323855075415109894e+01
1.316750504867233396e+01
1.138130407925590681e+01
1.147122359731957353e+01
1.670220168228365054e+01
6.385743777466120541e+00
1.650604819553073099e+01
1.519671795640329037e+01
1.768422974292522198e+01
1.558278898671363955e+01
1.533772203162020098e+01
1.424169297798465905e+01
1.541351584627581772e+01
1.907160136915185333e+01
1.394949978131987400e+01
1.501297739560891031e+01
1.616277271328899445e+01
1.365820375445047929e+01
1.606925395553898994e+01
1.498222973037890959e+01
1.428885350795757070e+01
1.469580947564701390e+01
1.466007988936564210e+01
1.261678003186586317e+01
1.440685344778991883e+01
1.204707251107350707e+01
1.333541528503257112e+01
2.432848625139441978e+01
1.678660831118100916e+01
1.130678131756820193e+01
1.081118451925196311e+01
1.397262939381123736e+01
1.287853163289656599e+01
1.266115268998993848e+01
1.281790386039152807e+01
1.277506659189483962e+01
1.228802526144651530e+01
1.305930327687546999e+01
1.001714771870621590e+01
1.063502279070759116e+01
1.452979265878356507e+01
1.440220197796318757e+01
1.762308538918577483e+01
1.678952311992720325e+01
1.613678281282656002e+01
1.644658066080967629e+01
1.740550074724769658e+01
1.828565057120563608e+01
1.555774436304965036e+01
1.268401762668062638e+01
1.285082688819881369e+01
1.212169026761497825e+01
1.207270764266505481e+01
1.546399338491606912e+01
1.596245620889676786e+01
1.698599672916100545e+01
1.482805146721803347e+01
1.285240660720969075e+01
1.422888446441017685e+01
1.149426036225968595e+01
2.249233792327515147e+01
1.210364152956848294e+01
9.973487479356924368e+00
9.659781741910538955e+00
8.971718716521454695e+00
6.727739605719635918e+00
1.050595723758941524e+01
1.209739820259876275e+01
1.089938800581250788e+01
1.250481859119941142e+01
1.164991984135664715e+01
1.825104680254068512e+01
1.280511945898438242e+01
1.137309311321853578e+01
1.223609504955737393e+01
1.242401810286971653e+01
9.865424156469838834e+00
1.180201630408173941e+01
1.028040983924981155e+01
8.996197104952946333e+00
9.766400185997479610e+00
8.178640903600479461e+00
1.873908988923870567e+01
9.021424595723260609e+00
6.922480498378112301e+00
6.845208693643532349e+00
1.389280542997010492e+01
1.236611399185760973e+01
1.320098968245743976e+01
1.681870574322239165e+01
1.560926430389054076e+01
1.408092380620449191e+01
1.497519112219720405e+01
1.488687898901403273e+01
1.477385587074465079e+01
1.605035282894674609e+01
1.403864967194066438e+01
1.704991171515466064e+01
1.446833292995385811e+01
1.548254917899991234e+01
1.463240987548543615e+01
1.238369413568280031e+01
1.375751889180818566e+01
1.665051070466870442e+01
2.300132051931015198e+01
1.539428080376415586e+01
1.690002601314218822e+01
1.542885742767789559e+01
1.331741740674399921e+01
1.495516070939048525e+01
1.651739993440611798e+01
1.724307784603320570e+01
1.238593088696408451e+01
1.580746358750617198e+01
1.177429726202981897e+01
1.438721232716539689e+01
9.549511220871901074e+00
1.158551820529481446e+01
1.348638880523495232e+01
1.246924187057043021e+01
1.099051664563633146e+01
1.074013188807909636e+01
1.097784254509780411e+01
1.194036204241065846e+01
1.366007570287746198e+01
1.122058810297953713e+01
1.287726683126270899e+01
8.839886419055106970e+00
8.515629025200416535e+00
9.112973741516725568e+00
6.836977245312935381e+00
8.623085825448081110e+00
1.042549658308191951e+01
1.450457647771390057e+01
1.412827771912782282e+01
1.365200388934677811e+01
1.137571468295905674e+01
1.403180526201549050e+01
6.963064827051705485e+00
6.446172790124136576e+00
1.360202217347973530e+01
1.515260437519444281e+01
1.392702152659624382e+01
1.335606066989182139e+01
1.102464773747289684e+01
1.199842911199118412e+01
1.387619051549179794e+01
1.394643904191811856e+01
1.918754562469621661e+01
1.347173102850039150e+01
1.349941785538332262e+01
1.096961556982820341e+01
1.199283555906308507e+01
9.312862239340095272e+00
1.026180397479738282e+01
8.948139797865781730e+00
1.327333368305324512e+01
8.424985747275668402e+00
1.334601985420080617e+01
1.008704650323230112e+01
1.377189779813366854e+01
1.284172408681466671e+01
1.254325383043280162e+01
7.080568354923608254e+00
4.566321893928402709e+00
4.270623951587715794e+00
1.212925854813913240e+01
1.290231396391194529e+01
1.445815200641413867e+01
1.333764435774227941e+01
9.726775617876484148e+00
1.478015963606391381e+01
1.323759609907206425e+01
1.737537758995538795e+01
8.638955779807249158e+00
1.517301979078134266e+01
1.651269148523977393e+01
7.725066956513560790e+00
7.380976815478010877e+00
9.852313013493988691e+00
1.001621140657407771e+01
1.324540166258696061e+01
1.137335282205011922e+01
1.259256415858023637e+01
9.981934569488068121e+00
9.415130553923194867e+00
1.015765207012219307e+01
8.687944260705073418e+00
8.439323807789554266e+00
8.842907519005290595e+00
7.786607625391664733e+00
7.257037300531174573e+00
1.305927395679459480e+01
6.867557788796142759e+00
1.096676414928425203e+01
6.903649168614865772e+00
6.963550267336456656e+00
9.172228750128555319e+00
1.352093700936028320e+01
1.233593741622530260e+01
1.157417490407174654e+01
1.219220421191129411e+01
1.152337030152717112e+01
1.478214792728307536e+01
8.309275287593282044e+00
8.669786090553381896e+00
7.919846520811717916e+00
7.185334481171982368e+00
5.999599874780517261e+00
6.328128823376838241e+00
6.195253180887072553e+00
5.582755054558737662e+00
1.002693476437982945e+01
7.163872004436306895e+00
1.174567315054231997e+01
5.920427265914574022e+00
6.234349648267691890e+00
7.861896893996873636e+00
7.832624105707466811e+00
6.212600268200945131e+00
9.504451398203539014e+00
1.112704675389480968e+01
1.045599150964340751e+01
7.021854907953446023e+00
8.721386312270562158e+00
1.357740568230219935e+01
9.326120097341936699e+00
1.028428579822796429e+01
1.189587222772412822e+01
1.373043982387629747e+01
1.253267618628194491e+01
1.370871893989764700e+01
8.709705218955116734e+00
8.498108904568745459e+00
8.418060955852725513e+00
6.554254911902800629e+00
8.336463924482464094e+00
7.603474171808487725e+00
9.337367819147138093e+00
1.161916657469053327e+01
5.650860618780957800e+00
5.156520445093761396e+00
1.215296172710300304e+01
1.303392257164766121e+01
6.098940692746056769e+00
1.346439951757728792e+01
1.240458706633111241e+01
1.300995983007797641e+01
2.223541201827949010e+01
1.291159922337835297e+01
7.732086222952377241e+00
1.206229769060631796e+01
6.884332061542382419e+00
1.331417508325641919e+01
6.388822623612450968e+01
7.454277900561039871e+01
1.415585715511523901e+01
1.368454168517707892e+01
5.420441566059573546e+01
1.699000550784168695e+01
4.806196209789996487e+01
6.920971862902125515e+00
7.729958117175641519e+00
2.788145128499228065e+01
1.314052307653213916e+02
1.867428237865841254e+02
1.765402109953210754e+02
9.079274324449816902e+01
4.426984019871099463e+01
1.259112891645912526e+02
1.864795632484097965e+01
2.422602548551978430e+01
2.379306131054832818e+01
1.143288843101674424e+01
3.042945933431964889e+01
2.664787726698798664e+01
2.036053364717011860e+01
1.598550205482148279e+01
1.382697356284327306e+01
2.573686938454273232e+01
2.760363554555075538e+01
1.714078312353608169e+01
2.579882124667599896e+01
2.575624773196056339e+01
9.575937327463389437e+00
1.438632404849135327e+01
2.410926267294894032e+01
2.556181218301318481e+01
2.166586549186537880e+01
1.800254712066071860e+01
1.734811364181074822e+01
1.699926094769886120e+01
2.047755470189035876e+01
7.414555592078859725e+00
1.657398121023934578e+01
1.999167400756281410e+01
1.078201498060709973e+01
1.590733806316340981e+01
1.360957167385640254e+01
1.391889352839287497e+01
1.529495290376508088e+01
1.477813102127857192e+01
1.096078802003463792e+01
1.993906766420480636e+01
1.531571803870656368e+01
1.026739013523326527e+01
9.928231919269112637e+00
1.490899379340031494e+01
2.204089708606232634e+01
2.024042259987013637e+01
2.386778496445387177e+01
2.349367613208600147e+01
1.776658783453762425e+01
1.970426976314617917e+01
1.772078259918185239e+01
2.128763135150657249e+01
9.246246321329165241e+00
2.082734124973280387e+01
2.098335664495680675e+01
2.148526144676039706e+01
2.057913156482683448e+01
1.976088556089786508e+01
2.190693073151608772e+01
2.247599935418450912e+01
2.469437343211095737e+01
1.734988427338161543e+01
2.527992481939798353e+01
2.547947554282629312e+01
2.065644992775332867e+01
1.709935352947448095e+01
1.567505457677368419e+01
6.822342193072890026e+00
6.760318378076256352e+00
1.234297492097800841e+01
1.206839260539425318e+01
2.126332304997587386e+01
1.473934886904450359e+01
8.872712929406189275e+00
1.197814431252743184e+01
1.657300246730400417e+01
2.311911669759198773e+01
1.580580283156134236e+01
1.493202714692010602e+01
1.463814203059456709e+01
1.427956067078437030e+01
1.291185455518606240e+01
2.015125865858727749e+01
8.222890228266306778e+00
1.011082392375175409e+01
1.284286212427958596e+01
9.731225911158494668e+00
8.969602650321899517e+00
8.461371767692151380e+00
1.180567167656526983e+01
1.652859759887854096e+01
1.437678042559657499e+01
1.545172830869336877e+01
1.965480841696142988e+01
1.549850217486938675e+01
1.465985328206430971e+01
1.714691846776795714e+01
1.670846669280444630e+01
1.315405660355869344e+01
6.378724904214989166e+00
4.967844149654466079e+00
8.546038498105639647e+00
1.003008072417865471e+01
1.155706391389146503e+01
1.787330228733670978e+01
1.150592332792931849e+01
9.364997553664135665e+00
5.282145846005909640e+00
9.621395895909373053e+00
6.786231886654081613e+00
7.757558385145325808e+00
5.717082167845994434e+00
5.914822550537282453e+00
6.272954766001885396e+00
9.688218983347224977e+00
1.761594785987964684e+01
8.120311072692100396e+00
9.131626922125184009e+00
6.356140115954960201e+00
6.542463724083362742e+00
7.119473618890204136e+00
6.314264546611029871e+00
7.344239825774670827e+00
8.743365356211320716e+00
8.677006420262044273e+00
1.008754340354947843e+01
1.771083313670542125e+01
9.453938943126294348e+00
8.735644028135554962e+00
6.271636448494071203e+00
8.386880497714177096e+00
7.953379664723747133e+00
5.481553221842308865e+00
7.185867839291539383e+00
6.006292896048443630e+00
4.363896481264480087e+01
4.244151580156741943e+01
1.542080044182533705e+01
3.371182370482413404e+01
1.091811226980838612e+01
1.136713348746972940e+01
4.263389417127885395e+01
1.059368962032058370e+01
3.164324278435237048e+01
5.345532624525798582e+01
1.473814325115964508e+01
7.693363374028511004e+00
2.771144738727096524e+01
1.338266018138837055e+01
1.250430689206481283e+01
1.193420954426169942e+02
3.871107151715725792e+01
8.090591131601152597e+01
7.925750048463834219e+01
1.280870222405040337e+01
9.578822429680204920e+00
9.450552108769619153e+00
8.985962805882660831e+00
1.340662237879979024e+01
1.149111347233663061e+01
1.029999026029305753e+01
9.179074978576993615e+00
1.660124056379628854e+01
1.910963421683829111e+01
1.741175519553523188e+01
1.480119884944623898e+01
6.081870051606447447e+00
6.602446514443453651e+00
9.265161758662788571e+00
1.693246492343045517e+01
9.151972790387276291e+00
1.166792931671064082e+01
9.817299710735348128e+00
1.476527693156319643e+01
7.496779204469543600e+00
6.293937382892255350e+00
9.487262609494015564e+00
9.032402488003347329e+00
7.532343512600308877e+00
2.080850747802256251e+01
1.370352392774487527e+01
2.087467144469635727e+01
4.974478080105141586e+00
1.111721864659041081e+01
1.157821773849321012e+01
1.609935579739164524e+01
7.426061255844168763e+00
2.325303364056208721e+01
2.564428941413988383e+01
2.258813711547879777e+01
2.710042660390334746e+01
4.689859613510472514e+01
1.549867256722119357e+01
1.590223785222488573e+01
9.976554257100751499e+00
1.247126676528699463e+01
1.476376108926866770e+01
3.426547241172026048e+01
6.962330195975433789e+00
4.120434340277200391e+01
3.686546722891800698e+01
3.821747224949954358e+01
1.851890819299330460e+01
5.166101882592160166e+01
5.365127492934171727e+01
1.043742370533940900e+01
1.478303192744844239e+02
4.230118663386081579e+01
6.506834663575745026e+01
6.318815815589569951e+00
8.268986379339711590e+00
1.179931756470939419e+01
1.019505796787151120e+01
8.155399220176278163e+00
1.192148062879354242e+01
1.360141317598371558e+01
1.018815862728838439e+01
9.682392046173895039e+00
9.637100208958290892e+00
1.314074155929527166e+01
1.345969009265803606e+01
8.925446840089914957e+00
8.623311536061949667e+00
7.288715600110067250e+00
5.812122027980419325e+00
6.387230034526609757e+00
7.754999881348449975e+00
4.767196926256774603e+00
7.376851712622139345e+00
8.282690031898225058e+00
9.350567628349786276e+00
8.831747946497054969e+00
8.797870542086526413e+00
5.961518901215725919e+00
5.466149774549995399e+00
5.331148630229804120e+00
5.474500869902857225e+00
1.063596305730112768e+01
9.543230781167549637e+00
8.685745004998764784e+00
8.959758909893121626e+00
8.592517044022649486e+00
8.561351663560445857e+00
6.764179344137745353e+00
8.057362045872844547e+00
8.846034729884575398e+00
5.979229812670545208e+00
6.346971244482349839e+00
7.099964386739128663e+00
6.738380733519591104e+00
6.856376049317909782e+00
5.973698743076576889e+00
6.421387699781300640e+00
4.961607750150717422e+00
6.269040532947101063e+00
5.176738908083080126e+00
4.615195649288288848e+00
6.863962208775532758e+00
6.954694997842368664e+00
5.214742050261674144e+00
5.720812715114426794e+00
6.091252486362951579e+00
6.315550872707353491e+00
6.594260788281139263e+00
7.067866153354905201e+00
6.930446998695683369e+00
4.834679263708653529e+00
7.454749383541794394e+00
8.015278463793812591e+00
6.416755210247466756e+00
5.600362384309895525e+00
6.583728100185743948e+00
6.562017956940382923e+00
7.852183712041669317e+00
6.429753986557538603e+00
8.987097634206618224e+00
8.737044776200118434e+00
9.909340112206669104e+00
5.991516060930309528e+00
7.525575240100928376e+00
7.703041339116167840e+00
8.922079152530363544e+00
9.714656458097403302e+00
1.122046310085448084e+01
1.108808771700521234e+01
1.243331851826147094e+01
8.484978346895861279e+00
8.063741814254024476e+00
6.429606968485482632e+00
7.843840489131027383e+00
5.164872007616592597e+00
6.614946019842960823e+00
6.353780223895139301e+00
9.826944621270818914e+00
1.768624296311120858e+01
2.742392336823951737e+01
1.399759303585154768e+01
7.256808204779029658e+00
5.169851288081598994e+00
2.190383681371230651e+01
4.381221992734438686e+01
4.222497948868176820e+01
4.062603794449199057e+01
1.419149465548109745e+01
1.379457773816232091e+01
2.015988130861818917e+01
1.135169772495944684e+01
1.148520637962741375e+01
2.022348383126354676e+01
6.661253776783820690e+00
5.412848200080968120e+00
1.627954747232183408e+01
1.745195234056366118e+01
6.178224188833008057e+00
1.095332734907508154e+01
1.079313804783089203e+01
1.224869074883140918e+01
6.476252397442114450e+00
5.747738408247170305e+00
2.337884070380634327e+01
5.978340240876844547e+01
7.929070883710174655e+01
8.062915658245562156e+01
5.797287811160524740e+01
3.417851224818316069e+01
9.201316850675851811e+01
1.029727228477710383e+02
1.020201149295038334e+02
4.188428385973790569e+01
4.926233595259730436e+01
7.942989556154026332e+01
8.848322422725240699e+01
1.169955962221236376e+02
8.607390689248821047e+01
1.112536154576922058e+02
3.353479426356248183e+01
6.699228956795128909e+01
3.690122215550263718e+01
4.615472932813460716e+01
3.355076342248032972e+01
1.183107991544598114e+01
4.671996950979323060e+01
3.168272715979485454e+01
8.839508590756284434e+01
8.956811124052009632e+01
2.369222894564411419e+01
6.254212009117380688e+01
2.974156299080362231e+01
1.491874337773234060e+01
4.244135008786526697e+01
4.875533010381754906e+01
3.029853502261234510e+01
5.841906562286326476e+01
7.915446802927216652e+01
5.220617162031632574e+01
8.168612434868245487e+01
3.101706753884439394e+01
2.412713333654252779e+01
1.890148928373340453e+01
4.759741370370407765e+01
4.217626044854947764e+01
7.233359688328383186e+01
1.224659846265421947e+02
8.361542442259981556e+00
8.473779129435730795e+01
4.905512814324296045e+01
2.555228175439637539e+01
5.367481787040777874e+01
1.193605966074859204e+01
1.423897000069808172e+01
1.151567983192616573e+01
1.368009428533086691e+01
7.980359987771148411e+00
5.815075075964324824e+00
8.708544379984468620e+00
6.601248823005436250e+00
8.610361774351035891e+00
5.891533666226882460e+00
6.485105001213432807e+00
7.963557210531030606e+00
5.176356303815976112e+00
6.590116029127480068e+00
4.638075667177142591e+00
6.323405925770482661e+00
1.067972140238425638e+01
1.145023251994410884e+01
4.943949865049170889e+00
5.153450847809365243e+00
8.263721100616136184e+00
1.418801340434118607e+01
8.215205125435582900e+00
6.247579706287063495e+00
1.309437390216726094e+01
5.775673470866619752e+00
1.514859534956039333e+01
1.259513336340882894e+01
1.881589456421960449e+01
1.928497128382350212e+01
1.238981619952177482e+01
1.078474631244419335e+01
5.903860036188889104e+00
5.225327605371394846e+00
5.558053182524661295e+00
5.712442355636595082e+00
6.594577239337398034e+00
3.840676015183900915e+01
4.561730113524737895e+00
3.624701441466519469e+01
3.023355292329165067e+01
2.926044954954129906e+01
9.157364276444017293e+00
4.287098314197422155e+01
7.023788637597538020e+00
2.025593594350243620e+01
5.203743197445721336e+01
3.932552356596688981e+01
5.527137458711679940e+00
3.729053312923587526e+01
6.313663573642602778e+00
5.915493300455691106e+00
6.570666553196240933e+00
7.504855100159114834e+00
7.073095860768092713e+00
1.189497638605200436e+01
5.236799454588336289e+00
1.720407005216778202e+02
3.207350607048564939e+01
8.695869190013446826e+00
4.056808089158613484e+01
1.014934380094764244e+01
6.650391626703058989e+01
4.940459125746340874e+01
8.503322198977764756e+00
7.681075101984647802e+01
8.971966534052783970e+01
1.158058701932332752e+02
1.444645534886988685e+02
2.188379289389146720e+01
8.779792939383096950e+01
1.201257858713754842e+02
2.836402534543280751e+01
4.783052245199991859e+01
3.998717840783223210e+01
7.411884332389264252e+00
2.937494661090629577e+01
8.538656004367338426e+01
1.557553717190029552e+01
1.070382335524755462e+02
5.034968743117807577e+01
2.207553401457669651e+01
7.360810808133355465e+01
4.969129205041095787e+00
8.157694336177470973e+01
1.710047330570940716e+01
9.068161009793975325e+00
3.588710713053144730e+01
7.854549780312962071e+01
5.876828315993342322e+00
9.050533129882852634e+00
6.133675628930274115e+01
3.947284358234209378e+01
6.054969295865535628e+01
5.667867373814176801e+01
5.554525393105962650e+01
8.712914667539588720e+01
1.035773530005358722e+01
6.723318517997819299e+01
2.182228284490751236e+01
3.228206335144732009e+01
4.228163823027904300e+01
4.615704707507721594e+01
5.053483469136258321e+01
9.533337280774230749e+01
1.583484993513172334e+01
8.327121017405789871e+01
1.099813725111809859e+01
1.446959510665375781e+01
2.138918222363436428e+01
8.192971702138189372e+00
2.657771505275958646e+01
1.073552789571033728e+01
7.720026896399040162e+00
1.992087430518562385e+01
1.562090468767641305e+01
1.294384518172851450e+01
1.146107895632446372e+01
8.733127979386692274e+00
1.117793949075378634e+01
3.559299886432071958e+01
1.746616084199326480e+01
1.356459943704111737e+01
4.760366674182939306e+01
1.637149948574747071e+01
1.428364641139573266e+01
3.186655104951571360e+01
1.039464058169997607e+01
4.525845092940773640e+01
8.082852407955938290e+00
3.551113429028794144e+01
1.290896138778258617e+01
1.228454329714062254e+01
1.955974059673407695e+01
1.326003886578589253e+01
1.852596164515734145e+01
1.467043789469689408e+01
1.718756083147134106e+01
1.773057591470375627e+01
1.487403699967826398e+01
9.300483622411700679e+00
8.492385162591231662e+00
1.596060860076377530e+01
1.578798134432526723e+01
1.708850944314788478e+01
1.445344548498341375e+01
1.210514279662859671e+01
1.236695673112968130e+01
1.687745244861837079e+01
1.415588031722257867e+01
8.594105737853881877e+00
9.513547639544016832e+00
1.168253014045292915e+01
1.291194715596659570e+01
1.486220897727846690e+01
1.564164210487445672e+01
1.731981051846891262e+01
1.381772541192137993e+01
6.519785071823855915e+00
6.711814772607694657e+00
7.146295248855772719e+00
9.907702552679131358e+00
1.103604446433557840e+01
1.006914283236726959e+01
4.895094648347394717e+00
8.483548007036091576e+00
9.401939717216075465e+00
1.318305426586305273e+01
1.398724407444552575e+01
1.346134174495378844e+01
1.152219034557179889e+01
4.865623081122635085e+00
1.423863944398048886e+01
1.411766514598259370e+01
1.444060732266219560e+01
1.612517688336044230e+01
1.409515929267919709e+01
1.471808540587043979e+01
1.478163627134990143e+01
1.478514496351177776e+01
1.281382313819165830e+01
1.135987372632065551e+01
7.100504819173785620e+00
1.359279577690999474e+01
1.471860493974167028e+01
1.486205797340211454e+01
1.072038254732247253e+01
1.069704116522027171e+01
1.009742496550140700e+01
9.566217897241301671e+00
1.386677056419151377e+01
1.439857861278134443e+01
1.487260043585521707e+01
6.244259949750275318e+00
1.219175618531301808e+01
1.067514859922897585e+01
7.844752481053786752e+00
8.584660396380181524e+00
8.454071704415566657e+00
8.610015379779243361e+00
8.023734412717118403e+00
8.214701993555699744e+00
6.219226942212428000e+00
1.277169751631556061e+01
1.160781261302325795e+01
1.427177347543033648e+01
1.016641911771717410e+01
9.602892015859092467e+00
1.121727356892114713e+01
1.189084086600248824e+01
1.192999284468637278e+01
8.729636071826975652e+00
7.423377298882244624e+00
5.163610236131769504e+00
6.206603379848480984e+00
5.435256475753137195e+00
1.377836947416520985e+01
1.361044076484509802e+01
2.243615812866881498e+01
1.129350102683811663e+01
8.495294738085855002e+00
5.019866907596902017e+00
6.955475072326787078e+00
5.836800654592672721e+00
5.690723431764482143e+00
2.051103281049699589e+01
9.966620671949600663e+00
1.051758702124035416e+01
7.063395945278712063e+00
1.159173392560883364e+01
5.822430030973652748e+00
1.012086968547051669e+01
1.398770797996667170e+01
7.689398526293371283e+00
1.465274815001414055e+01
5.304306502811878765e+00
1.249560718988360364e+01
3.762480721391191452e+01
2.589971343795596326e+01
1.282458428803472117e+01
1.282003544011019081e+01
4.125520158337370447e+01
4.358847150350011646e+01
3.258890924921077215e+01
7.321219004561328347e+00
2.005340404666251430e+01
1.914584618158103524e+01
1.759666820902019069e+01
6.812065212545867610e+01
6.317245802036175206e+01
2.444393494699153635e+01
3.968248494866184473e+01
5.761824944023846484e+01
5.121510487418581903e+01
2.624233048467249674e+01
7.244053793542944319e+00
7.109477815711619542e+01
3.497111931030816834e+01
5.715596594352022919e+01
2.496809234222135387e+01
1.625103933920271970e+01
8.569894668845259389e+01
8.476388959122688505e+01
5.557658938079622857e+01
7.135012413368563955e+01
6.375273514321862933e+01
6.015569668859506614e+00
7.770853299910568524e+01
5.985613214249206493e+01
3.966202500336321179e+01
5.963509948388933424e+01
5.348579033985211595e+01
4.761880764655979448e+01
5.888260593081127325e+01
8.056380459249093917e+01
7.783748973592450682e+01
2.788634978714436841e+01
7.504923408371447557e+00
4.296948180200602252e+01
6.614530676085919936e+01
5.903500580891453353e+01
1.033641109958965956e+02
6.811269433842225851e+01
1.001091798817740965e+02
2.705481659659761462e+01
3.955542243508233469e+01
6.232586662255001642e+01
8.711071229369669311e+01
7.277008669500601101e+00
8.214408460955768376e+00
8.187639488949521649e+00
7.494128763938270765e+00
6.540101291183960441e+00
7.965552339237538249e+00
6.437651204202283317e+00
8.008324374767441967e+00
7.182658627787293248e+00
8.001109794233139283e+00
5.416467043268356818e+00
5.616241530659445758e+00
6.283227695707265248e+00
7.251221991031022718e+00
1.068349938559541634e+01
1.045203282005076950e+01
1.775046632008480785e+01
9.529946896956458247e+00
9.273083561282280840e+00
2.021531348176085530e+01
1.204500032626366313e+01
9.054950757212241186e+00
2.922599292972631346e+01
1.806088547814362499e+01
7.415933531063016559e+00
1.014052182291058024e+01
5.518017469239090644e+00
1.669915431849264920e+01
4.724105926898506880e+01
7.624341666040418630e+00
4.807921439852896128e+01
4.170530168556775408e+01
4.278846482557906938e+01
1.489638526057556511e+01
5.857914555950853419e+00
5.015853058132810816e+01
5.102862190358994354e+01
9.226958035178562056e+00
1.089725187822818242e+01
4.577738980331457697e+01
9.310848820442478413e+00
3.112217758420840852e+01
1.084893388392289992e+01
4.170533514839570444e+01
7.190305233019785192e+01
2.951322632947789160e+01
1.946608835302274088e+01
5.362708895282187882e+01
5.340904779175604489e+01
2.849665139331943209e+01
2.185699558508553864e+01
7.839537445901947343e+00
3.506502170900507309e+01
2.081068247148673933e+01
1.680980200282299108e+01
2.463341158317491164e+01
2.497015758477476410e+01
1.614116689616934508e+01
1.818429386267721881e+01
1.799145878304797108e+01
1.175246727108118350e+01
1.231216336901268349e+01
1.065753977357168658e+01
1.901966659516037339e+01
7.196439108153732001e+00
1.458163225153083431e+01
1.670938011655044875e+01
1.094543362856297186e+01
2.230855901260153473e+01
2.058636572969667000e+01
2.081675647447087840e+01
2.012184484986246602e+01
2.089270134156411984e+01
1.055261231044190673e+01
1.971456929328380880e+01
1.925543196468957774e+01
1.805699040479937878e+01
1.781303015903541365e+01
1.972887633858798395e+01
1.739209558223411634e+01
1.969760945411997710e+01
1.894742371286642069e+01
2.270927066609368339e+01
2.041268312467391866e+01
1.023116257922489503e+01
1.838778467206161338e+01
2.181763637004966938e+01
2.042248460087245476e+01
1.770170917765315366e+01
1.316246778567258602e+01
1.152761784257514677e+01
1.619988098386500042e+01
1.517262243185444781e+01
2.379628444592069414e+01
1.001941983618179677e+01
1.019123273825669074e+01
1.861238356979512076e+01
1.575513651723865749e+01
2.056992862039519210e+01
1.817297438459518588e+01
1.774915299902779964e+01
1.873029836971890916e+01
1.920963590811903643e+01
9.409993578585973850e+00
1.230384514762342363e+01
9.119870054319489938e+00
1.412500693222055581e+01
1.560537353037422825e+01
1.706168782209839563e+01
1.508236321506112709e+01
1.760694113458938403e+01
1.660916061565415802e+01
1.422416364616807982e+01
1.207321310160215511e+01
9.699877820384187999e+00
9.145973960327653529e+00
1.021802160378573987e+01
6.232320231825486445e+00
5.967228276369848317e+00
6.193186117568764359e+00
7.177112355720631776e+00
1.133249344088149613e+01
1.128474358067727046e+01
1.035434583631669270e+01
1.420348062412396040e+01
1.286733328707791912e+01
1.528431610194419221e+01
5.882860282628938897e+00
5.052656451745239252e+00
4.372055865540321662e+00
5.413239819151023369e+00
5.141998480110763659e+00
7.194887621025428892e+00
6.275419624055348145e+00
5.765586782468614224e+00
5.090660197202624637e+00
1.204123902498081300e+01
6.003257137796540022e+00
9.905173781160295121e+00
8.656780587336271537e+00
1.293017089576446921e+01
8.545383731850071385e+00
7.159692013974937375e+00
8.548620190747483250e+00
8.072845062299897734e+00
7.974691778869432035e+00
6.510993791724080992e+00
6.817120127949764630e+00
5.890110942442354336e+00
5.202426576292619842e+00
1.444019837254207239e+01
1.127747822001796685e+01
9.003925442841431703e+00
7.494930720228551557e+00
5.301104961533809501e+00
5.332609618297838416e+00
8.258455510346045969e+00
1.786466126975584601e+01
2.022603101806957326e+01
7.310855184440057997e+00
8.578144380471995234e+00
1.593792792029542760e+01
1.802834416485457680e+01
1.512261074572110964e+01
1.534128242048569923e+01
1.483596323037074782e+01
1.287368486004249846e+01
1.624822984776879053e+01
1.476354420500153708e+01
1.738693246134996073e+01
1.768641460487269157e+01
1.362304698561775140e+01
1.443585376559168587e+01
1.126202867262076524e+01
1.453651905659562615e+01
6.904551285996793020e+00
2.738033083049372962e+01
1.737072780603296351e+01
2.346274307912630519e+01
2.400719436651846905e+01
5.382962723164195218e+00
1.184484060404894734e+01
8.066646889413402022e+00
6.124535458937487853e+00
6.242403315313853618e+00
6.108627023736747041e+00
1.941075058665143871e+01
5.908619387028435810e+00
2.017844351038984030e+01
2.566356503913651110e+01
2.495304115594945671e+01
3.266076398843593864e+01
3.602423787160511637e+01
2.401580196112089993e+01
3.628376451069912889e+01
1.788364392197818020e+01
4.960790116276236006e+00
1.536500806082117521e+01
2.097667033259667235e+01
1.924025935051250613e+01
3.702505090663419196e+01
1.648119707882117169e+01
1.108814213484858335e+01
1.575822283685162084e+01
4.678087253530981826e+01
6.803820848047624281e+01
2.547729640339894885e+01
5.055797888476737256e+01
4.441668069525395168e+01
2.352109595557872268e+01
3.002899679628136553e+01
2.358738555896862010e+01
2.387990517981486960e+01
2.401615067072688703e+01
1.051384531802778532e+01
5.907907148020774990e+00
1.464624998789454580e+01
1.638994071586419565e+01
8.995087747363852415e+00
9.034254052256184053e+00
5.244470950449991342e+00
1.886127213409357850e+01
1.367729995079316119e+01
8.787976342080639824e+00
7.376772129658907495e+00
7.409687033386841648e+00
5.378949632503276845e+00
5.623778799298889908e+00
1.761358478070332012e+01
1.247533887096645522e+01
1.050704481463878537e+01
9.585018426451915374e+00
9.748136867216855350e+00
9.012110955318414440e+00
9.514683209777176742e+00
5.596761215402678680e+00
7.863287559134563232e+00
6.301227491797359193e+00
1.082533959185867545e+01
1.259107302890268620e+01
1.230107597212150772e+01
1.213976072076807888e+01
1.168383109699033362e+01
1.141664422561882475e+01
6.278830668531872661e+00
5.512007699105815561e+00
3.109264698596584608e+01
1.643790347250291717e+01
5.626845226568351954e+00
2.332120981885995903e+01
1.807430388263339793e+01
1.723884132018793736e+01
1.762725604630081122e+01
1.714883518589275013e+01
1.422519826266323051e+01
1.093881501105112619e+01
4.878636734568521760e+00
4.669595981470168411e+00
6.530448038483411821e+00
1.161514462480814380e+01
2.436228379431170410e+01
1.886023255448278135e+01
6.006914611436458884e+00
1.419908774960305031e+01
8.035871178497423273e+01
4.106325628023887475e+01
1.023865321683279177e+02
8.800840905992870944e+01
6.827784545659743287e+01
7.131359290985423627e+01
6.583387075166334057e+01
7.047246856417800132e+01
3.206271170734575549e+01
1.890215772891993495e+01
7.282158083124906867e+00
8.997971154859293108e+00
6.960248674257962342e+00
4.796321126934129353e+01
1.498413288171009228e+01
4.360833536600445370e+01
2.885176604368478692e+01
5.553919265866220201e+00
5.579829253692087043e+00
1.433630713579941585e+01
4.762200033121079912e+01
2.380436847023399594e+01
2.582326708504219326e+01
2.960479164175755074e+01
9.027696137822747602e+00
3.597976298596704936e+01
3.434731882140177817e+01
2.960842242836073268e+01
5.619576662344308637e+00
5.165417836133779161e+01
5.949224532788722541e+01
8.462350420908244075e+01
4.385875601182058325e+00
6.756783585395243108e+01
1.162548931257082785e+02
1.285313539182338261e+01
6.933148608016286119e+01
6.503404510904411495e+01
6.906778364171039186e+01
9.615689005296843561e+01
6.400417381402171202e+01
5.175542813138453369e+01
7.526834534700583390e+01
7.683823433890700016e+01
4.974063784642843444e+01
4.033959268769779527e+01
1.006932174516869480e+02
9.414448629574427230e+01
4.154604451810576649e+01
3.688483300167367673e+01
3.464852442808846433e+01
8.960922939196471759e+00
5.522480811754733487e+00
3.391162242522797499e+01
2.169149127456510229e+01
2.169885675241341261e+01
2.152889452636204481e+01
1.249742985576308918e+01
1.710709772015572838e+01
1.299672576827040515e+01
2.104855559720418157e+01
4.144022407571713273e+01
2.395749164659776653e+01
2.583422914136487591e+01
2.427411695549899662e+01
1.781372439854424883e+01
1.639775298697443873e+01
2.176861526680510295e+01
1.359726912836069879e+01
3.490831503722905182e+01
1.194388917369722094e+02
5.855128284346616141e+01
2.482221508031667767e+01
5.431816844084871576e+01
7.246475618330735813e+01
5.905543942802664503e+01
4.659317243065103753e+01
2.288801314933963482e+01
1.246428198741276994e+01
7.238292244287447552e+00
3.238596085361217547e+01
9.817140955150155435e+01
1.035266888641651235e+02
5.528012702255296063e+01
4.258451501634592518e+01
3.207405704572634875e+01
7.451771897444741555e+00
1.508752249867672646e+01
9.118030184465348853e+00
4.518620217095059566e+00
3.280784536065711876e+01
2.161785985281050415e+01
2.101620627186372303e+01
1.111106454358951368e+01
3.505171525076704597e+01
5.096213246720463275e+01
4.250795554912632213e+01
2.299094644724850056e+01
1.822412503398783201e+01
1.616783575411904650e+01
9.522031288039611852e+00
7.654740541293936928e+01
7.605923176702815702e+00
7.811380242266899643e+00
8.127024327530673276e+00
2.267737312561959229e+01
9.094030512811833944e+00
6.192738535133882394e+00
6.864467759701709859e+00
7.268709755742519540e+00
7.311264000462341706e+00
9.369029472757157251e+00
1.121104599271413349e+01
8.149048178088289518e+00
7.278094124238177365e+00
5.657295870323393316e+00
6.645286426819391856e+00
5.467284517942709421e+00
7.105132501748913754e+00
6.661771893911272002e+00
6.446322192342682555e+00
7.747329433824504008e+00
6.877236141962428384e+00
4.919000253330932715e+00
5.112269478452743598e+00
5.303519168081139767e+00
5.573820220667982994e+00
5.910992719084274150e+00
5.437280549867717028e+00
5.939026853485659174e+00
6.336950192566533246e+00
6.023682028615869655e+00
6.400211045784843122e+00
5.084187769973852689e+00
6.279254222816078368e+00
6.054123262298725550e+00
4.890300382283570002e+00
8.819932740659780279e+00
7.592663776547013299e+00
6.015694235610868468e+00
5.264012142999262345e+00
1.064569249641665927e+01
7.481594358876482609e+00
8.907089000665530776e+00
1.103902238503311040e+01
7.899110532590302824e+00
8.201404082978058341e+00
7.461336137581108474e+00
4.899582865201590920e+00
5.873628868333860886e+00
8.315674985701519972e+00
8.142911390607382671e+00
7.205703199736227305e+00
2.086630641833981770e+01
8.103552643222874607e+00
7.945360964828272365e+00
4.771540338718605945e+00
2.218757905926260676e+01
2.329221898824728498e+01
6.988589936755404075e+00
9.934421568983283990e+00
5.682985894082766443e+00
6.114096310989068250e+00
5.503535934561587517e+00
6.622776278509111769e+00
5.538913747780866537e+00
5.826140084918452366e+00
1.511045784239582801e+01
1.416208993484275602e+01
9.738428450071552334e+00
8.403162613925109881e+00
2.143644836036078871e+01
5.834902572236752682e+00
1.395345465714419753e+01
1.903230636962673827e+01
1.846735429736764544e+01
5.842564015341669581e+00
1.037005105381324377e+01
1.085184897374566759e+01
1.246260596530730957e+01
1.459240830257096988e+01
6.788655592547292450e+00
5.889446521335379714e+00
1.802651529372843697e+01
4.904866448544667357e+00
5.512692588485224476e+00
7.577483696586257089e+00
7.872957062152050156e+00
1.181747201724511775e+01
6.025284234850322385e+00
5.143631118067950148e+00
1.544492685458328829e+01
5.732852156079486505e+00
1.754397669827276118e+01
5.983586899580678242e+00
9.249507485043634958e+00
5.367398049292527951e+00
4.839325328265380755e+00
5.807587867342911103e+00
1.861589563311672180e+01
8.805798805576003474e+00
6.099014041837879319e+01
4.749866123176904154e+01
3.387559947951199746e+01
3.323181683814554077e+01
3.392014552116327764e+01
3.706975467998780260e+01
2.134642432974831650e+01
2.124904875937465931e+01
2.015529471300008879e+01
2.002263001637147610e+01
3.468600299406310228e+01
4.278205514416937660e+01
2.063570661535342055e+01
2.937414032521049734e+01
1.363597710938740448e+01
2.937560347030088437e+01
2.745751606703017700e+01
2.629698722216309292e+01
4.051969527021916662e+01
1.986241147439922727e+01
1.655520305668521175e+01
2.557548777565864739e+01
2.736206073421308815e+01
7.687402464292742543e+00
8.863924666336664870e+00
5.618116489672483560e+00
5.109821808772703200e+00
5.819003489822692998e+00
3.951852620641437142e+01
1.183371945268294745e+01
5.262082842992314546e+00
5.477407896501205187e+00
1.047852233967128477e+01
1.339416759659379785e+01
5.334628983990094220e+00
2.155105635768387273e+01
2.800626573719696921e+01
1.334474213017684718e+01
2.121655681987571640e+01
5.832483321188918879e+00
1.532771719581002223e+01
2.250467944258721431e+01
2.865731062231867199e+01
1.261401059157190296e+01
2.356497454057052465e+01
5.293937531116530693e+01
5.576667960383452538e+01
2.907893835897048973e+01
2.448159717908520605e+01
1.003075678687109118e+01
5.978849391688167536e+00
1.841150935106874087e+01
2.370377203478588513e+01
2.327190677578445488e+01
8.102858348335256267e+01
4.666332070025371870e+00
2.590843384615909528e+01
2.798777361389351626e+01
1.510381726918623890e+01
1.982678986377982966e+01
1.885970975635457236e+01
9.908239687111734639e+00
1.349665176807278222e+01
2.410104472797323538e+01
1.155516291024062348e+01
1.189494135548660303e+01
5.706591309131582079e+01
4.115255046411564166e+01
8.149518045702130564e+01
1.126370273573808731e+02
5.805729571345091600e+00
3.214265132338702102e+01
7.016077521588722732e+01
8.453239688920805861e+01
9.323612396759726550e+01
2.126452459527939354e+01
5.259926813554124436e+01
5.970279210873173525e+01
2.538727001222106949e+01
1.066370957878404084e+02
1.259194960564534327e+01
5.044684714700432693e+01
4.395700891695175727e+01
1.454569461872901286e+02
8.902530102160436343e+01
1.122809978776613775e+02
3.839581816247199697e+01
1.032923096623558337e+02
1.037431223714283490e+01
3.947057021804833710e+01
2.255152059926605190e+01
5.106904601260642806e+01
5.179610527091012528e+01
1.696411567903923157e+01
5.872701227786836142e+01
6.908202123495080116e+01
8.837023246949247834e+01
7.136473761546920969e+01
2.294838746535812035e+01
7.946631194658199604e+01
5.788686473000609567e+01
1.018163588837245896e+02
9.797756314794037635e+00
1.823134162675369652e+01
2.578846081605733076e+01
9.233423807758709856e+00
6.328144204468987510e+01
3.264153706406779776e+01
3.457699053760217112e+01
6.255228054341798583e+01
1.698388559721346880e+01
3.827161435314572202e+01
4.632488106689638840e+01
4.243757657898333235e+01
2.837242667613710623e+01
6.985092805811180483e+01
4.241224441828087066e+01
1.082813546655348489e+02
3.914921461004070125e+01
5.718820028237267650e+01
2.203614179035311693e+01
2.004137971258306905e+01
2.519370762607621828e+01
1.738883188167592309e+01
7.206542801173345225e+00
1.289686950817745448e+01
4.278296907239456104e+00
2.686710346657756432e+01
2.614025193489203502e+01
1.598913422058013012e+01
4.873524903632155514e+01
4.195464500191341273e+01
3.614729815093244980e+01
8.500391072196661923e+01
1.098293637591049503e+02
6.165506816830590253e+01
6.003481278191185311e+01
1.750591401222326837e+01
3.238357740003277030e+01
5.167696403794620608e+01
3.629881586808773619e+01
7.953471627240931241e+01
1.772472908894068411e+01
4.916372780412713972e+00
1.453903385449611996e+01
1.569082916488982526e+01
1.634970691079583460e+01
3.327738357506138556e+01
3.005970796829501168e+01
3.987783129635807455e+01
1.528861887184167934e+01
2.248104455917947675e+01
1.340172043136497138e+01
1.710852827560078637e+01
2.669734423673693868e+01
1.884708699004480081e+01
2.028331653839294546e+01
2.040896421643884295e+01
1.064861975494148538e+01
3.567680480291093659e+01
1.857838112128990815e+01
3.608906411198490360e+01
2.229769735053924862e+01
2.694214919834115207e+01
1.467680911326827342e+01
1.494744064783733428e+01
1.961895069035472261e+01
2.877598026072007897e+01
1.233452082245509196e+01
2.326067017839904594e+01
1.790344168169979611e+01
1.337036765676483441e+01
6.609699784013624679e+00
2.126735584479908781e+01
1.433619129298957340e+01
8.496028082561654315e+00
7.833002952387580820e+00
2.185358759555062491e+01
6.605173658386982893e+00
1.075124538326587320e+01
2.007858219434399061e+01
2.066893401361264893e+01
2.472598615519546428e+01
1.991849690219146041e+01
1.373464691817260963e+01
1.126154365081642972e+01
7.667326222402595981e+00
6.041173249148440760e+01
3.365891312770897770e+01
1.070440047604101252e+01
1.288898219175025694e+01
4.348573841194880174e+01
5.309406370052873569e+01
1.746063731668807151e+01
1.404863262410767355e+01
1.200149119524814800e+01
7.410490411126485988e+00
2.519086331208682594e+01
8.507939754283206923e+00
1.387460840909402471e+01
1.952535674276970923e+01
9.995964080368690219e+00
2.383173641304409074e+01
1.170687644074094891e+01
7.441193636923137511e+00
8.924874337792845225e+00
6.052029835719515027e+00
2.735186744993541197e+01
3.253061189971609934e+01
2.492109316463963609e+01
1.006941011147514686e+01
1.140805539843435312e+01
1.893509880001574075e+01
1.594154547510229847e+01
1.243092853211759596e+01
9.985576738671156249e+00
1.734467714282019202e+01
1.477127606068545873e+01
2.031965465386813108e+01
2.075035378401258157e+01
1.706967703040319151e+01
1.820504276991792736e+01
1.666352581719478820e+01
5.147364494297770321e+00
2.050504996013620129e+01
5.086831690163851505e+00
1.942049383850332234e+01
1.195953472395076389e+01
1.919111868063516013e+01
8.976983416452132047e+00
1.368245588551171643e+01
1.576294696537955353e+01
1.515009333887016751e+01
5.228288756229761525e+00
8.077263778106633652e+00
1.813965264651613296e+01
1.840873520986081147e+01
1.375983756975193195e+01
1.301445706653294110e+01
1.313518858944260970e+01
8.575890232371046196e+00
1.108511026542841371e+01
1.042700248655597051e+01
1.060286869819104538e+01
9.850561456725646536e+00
2.047417449406797374e+01
8.110972966991733202e+00
1.255037695548156762e+01
1.281677416294566996e+01
1.402615322630810724e+01
1.060571834891296916e+01
1.073945291506875854e+01
5.415600670891665303e+00
7.365569866470901950e+00
1.202491655125414560e+01
2.990368452152709722e+01
9.297440710266103636e+00
1.292909418128277821e+01
9.844564957127731830e+00
9.544669147537941711e+00
9.984234748319538610e+00
9.897301375862603834e+00
1.103999532545229378e+01
1.074246371356484353e+01
1.049701057672089988e+01
1.125387040403520622e+01
1.114863082452455423e+01
7.763635850309373865e+00
1.159416194612827411e+01
6.659701947308611203e+00
5.065331621050396471e+00
1.144798257218591964e+01
7.519371747736623313e+00
7.389181249598413714e+00
7.423273403800302539e+00
9.743524234005915829e+00
7.990165372707049407e+00
7.815638198897246092e+00
8.649892127532799790e+00
1.226324716733519971e+01
1.330996150935652445e+01
8.461819820772467082e+00
1.446316384256919996e+01
1.360501826455947949e+01
1.307913494715784708e+01
1.037228196599263264e+01
1.234700097304477673e+01
1.681032017213258101e+01
1.537209290167603548e+01
1.325984668428023205e+01
1.239252170419836041e+01
1.358033883335617631e+01
1.338096793119943406e+01
1.332718210014058968e+01
1.705553207526590143e+01
1.392153483607861197e+01
1.417830901914506292e+01
1.606164671664554433e+01
1.381819980507104972e+01
1.331291059932936882e+01
1.228716457595167100e+01
1.073449245332667168e+01
1.152316556063625264e+01
8.544693025708271605e+00
9.525470833301193707e+00
9.992535729071326145e+00
7.532869745257688265e+00
6.501671474940561524e+00
8.517078480822304343e+00
1.003653482434633126e+01
9.025371649520341322e+00
8.631663603330183676e+00
6.263053294065345611e+00
7.463218897027824816e+00
8.172722900964659587e+00
6.764889248804426103e+00
6.460296711212054177e+00
2.127450638803352589e+01
7.001367317964438897e+00
5.566191343867697761e+00
5.643814472089449197e+00
8.580299354636713005e+00
6.100840997857833514e+00
9.672118500053498380e+00
5.846703473761023062e+00
8.826509488408241566e+00
9.843335529691108476e+00
8.035360063019380661e+00
7.725750114838699112e+00
1.051135614669455798e+01
1.506383427369134509e+01
1.275538593333447857e+01
4.206326294046108139e+00
1.316299434356366405e+01
1.617031605223170132e+01
8.256647535538130356e+00
1.242097692044832158e+01
9.949789773577649044e+00
8.138705923087245608e+00
1.049584680447562057e+01
1.407422080897874395e+01
1.120356601800880370e+01
1.113006667087795520e+01
8.245327773614443245e+00
7.818398120534290285e+00
9.166990553202573722e+00
9.091368672718223465e+00
9.061862689505723267e+00
7.429984099561950828e+00
8.350082190776040747e+00
8.051677540820714185e+00
7.941452779547433671e+00
6.374457302851772589e+00
5.790921776998263937e+00
8.077243999385148143e+00
7.270177899003442690e+00
6.385836994507970488e+00
7.729909122409464040e+00
9.690614683631249449e+00
5.813639991122974138e+00
1.260660586863309085e+01
1.206713529182890632e+01
7.898300243965191036e+00
6.654170983517578186e+00
9.194098836133230535e+00
7.887696134225683053e+00
1.115986976119570961e+01
1.133006782021388936e+01
6.908262703684153294e+00
1.214276583061267267e+01
1.424338562374105521e+01
1.334455255462937018e+01
1.223901845851939996e+01
1.610375606490913469e+01
9.254190285963296958e+00
9.494003416747519353e+00
9.534579706003285082e+00
1.089795284523030716e+01
8.295834897840103750e+00
1.008602638916826422e+01
9.000839965267170228e+00
1.216407684919103360e+01
9.726774754840015191e+00
9.688855989182961537e+00
1.134705512105117009e+01
1.167862039973316790e+01
1.077830392261783565e+01
6.406422561202619548e+00
9.083406117075380592e+00
8.228684720392303475e+00
9.819430956122340959e+00
7.537608658065836131e+00
5.986684703074869773e+00
9.204056117511344226e+00
7.909168085243595492e+00
9.248629040459007911e+00
9.480975591217877252e+00
9.583907592102811179e+00
1.465210249580947455e+01
2.020488952534014615e+01
1.406043555125044975e+01
9.275138560385418174e+00
9.095599270876780551e+00
6.496440062205447674e+00
9.540263906520134896e+00
8.646358527596278876e+00
7.637503169605749598e+00
8.102264345802591805e+00
8.174767562655549824e+00
7.409808334883058123e+00
5.413043817946045166e+00
8.087464601502649231e+00
5.950255570665018645e+00
7.144882445760972089e+00
5.529587906636122874e+00
9.228442594532188181e+00
1.119975998373400827e+01
1.307371395864539210e+01
1.446936315501871029e+01
7.119439627503933110e+00
1.710340977384773709e+01
1.443833592021807277e+01
6.500253216879347207e+00
6.071440208798355442e+00
5.293523848537187604e+00
7.153923177045864001e+00
6.944427718242325298e+00
7.666390662889917884e+00
5.719543745491660225e+00
9.762205922762676735e+00
1.185368984439505269e+01
5.502471096535977324e+00
4.832747814297866817e+00
6.647771886227479499e+00
4.652445028818978479e+00
5.954554660056128768e+00
6.559722484897562822e+00
7.933926344404216735e+00
1.024060996174140392e+01
6.247901584116004159e+00
6.601210280289717680e+00
1.100068519175314385e+01
5.079053085178938609e+00
5.639809957665380402e+00
6.939228651236455825e+00
7.029205667690652248e+00
4.990195632204986076e+00
1.414508818701412274e+01
7.227627898029722608e+00
7.871008930704219253e+00
7.051327925577106193e+00
1.997433605567643156e+01
9.300646654484300058e+00
2.442937805965575038e+01
8.394730106307523698e+00
9.877769164718444017e+00
1.711163049091269173e+01
9.756556602308810611e+00
1.107552235533742291e+01
1.627883899068239515e+01
1.065499316362570781e+01
8.547515893253882169e+00
7.608988308572262049e+00
9.414816350426098879e+00
5.843907581067623092e+00
5.366668316463726995e+00
7.563502171077590042e+00
1.027433001153643488e+01
1.139857804154904741e+01
4.941155687097737115e+00
8.008489021139334696e+00
7.048174535922969497e+00
5.576809352119108887e+00
1.409280809742297436e+01
5.766633618004023631e+00
6.339817242301609923e+00
8.191864834875907775e+00
6.052963176507793364e+00
8.151835941689988374e+00
1.696793562660317178e+01
2.277805318067949614e+01
1.472177695654741569e+01
1.669146034210055163e+01
1.921022783931098843e+01
8.064720785406208847e+00
1.898822244041432228e+01
1.760792948301719107e+01
1.780527039287644442e+01
9.225377939563985663e+00
9.247925806498081158e+00
4.766627883511615593e+00
6.049868763680149364e+00
5.136131072002851461e+00
8.995810257507422136e+00
5.452948562735470794e+00
5.531598679317279554e+00
6.005357533069091147e+00
4.939770176607221508e+00
6.324864930421789211e+00
8.340125494364187375e+00
1.164769689535156338e+01
9.106491806481010087e+00
1.446316995313305043e+01
6.297529218710050003e+00
5.011216645403733239e+00
5.106186381112528316e+00
5.276155208421287490e+00
6.878935442776301201e+00
1.762440690497119888e+01
3.883639180080029263e+01
2.339002333712347692e+01
1.480552532090881357e+01
8.273932708570859162e+00
7.725687336801804861e+00
9.016096275077046585e+00
6.262594652515335980e+00
1.781166044941095450e+01
1.142967121208541670e+01
3.319136282562126894e+01
7.953428902033535586e+00
1.413918051367663864e+01
7.262937529905663325e+00
8.144346823378894484e+00
1.126180006770419340e+01
6.309765285462400008e+00
5.574068932819005617e+00
4.857338599730274709e+00
7.530226156195737097e+00
4.970586882182005617e+00
9.018616005042840555e+00
7.214956743687286789e+00
6.563662419406208315e+00
7.958656404079273550e+00
8.556128495730668249e+00
8.079397548353702163e+00
4.697408614669964066e+00
1.421963331312417900e+01
9.107250600704386301e+00
1.031896657057046518e+01
1.733192665048630232e+01
1.884892485372530047e+01
1.442011296797039144e+01
1.324212129651722236e+01
9.831498123827230984e+00
4.517044858082246428e+00
6.684938056703326303e+00
4.558322967163033645e+00
5.200749194348608384e+00
4.979573470807323154e+00
4.903548184017987310e+00
9.125039548352821939e+00
5.218466308672462084e+00
4.884010530992917154e+00
2.720633149669433237e+01
8.831981509666295693e+00
2.258997597016517389e+01
1.344633563768893758e+01
1.187488359553429440e+01
2.464265946603267210e+01
1.944166373326941510e+01
1.893333885944240791e+01
5.486506842963610353e+00
1.913119007021667883e+01
9.768443889061652285e+00
2.007494013548055278e+01
4.772910648813183343e+01
2.029633857734158653e+01
2.250393547205931455e+01
9.640354890295272483e+00
2.616741608813035924e+01
1.910482828660590116e+01
1.854489211804632021e+01
9.242231472823135618e+00
4.730576797918170762e+00
7.335948893189939923e+00
1.889713612388099051e+01
7.449311327803653349e+00
1.608320421355370655e+01
5.410681273789867518e+00
9.200261393971715052e+00
1.418736581286523979e+01
4.822586744200589237e+01
2.769358831527567233e+01
2.664345211589974483e+01
1.307307240238856849e+01
8.562217173119627489e+00
3.732342903494542696e+01
1.321107702626347091e+01
2.898640971578403835e+01
6.845180367019780832e+00
1.547123879801214485e+01
1.596074469298793197e+01
3.655485523339644516e+01
1.630807130941859739e+01
2.394754964036015110e+01
1.743314637150585966e+01
1.624046351623831441e+01
1.902390203910022848e+01
2.300920501834642451e+01
6.647923140380542328e+00
2.564738433849849031e+01
2.206384771138265322e+01
3.317426701922347121e+01
8.682170973021454685e+00
3.562520846128456498e+01
2.791636229182945073e+01
1.723507918409692152e+01
1.942033920612473352e+01
6.929093466481508301e+01
4.362402629567658607e+01
6.503932498301095677e+01
8.364182343306148937e+01
9.116884194711664335e+00
4.968100222877728811e+01
5.399615905375493696e+01
4.750107884986938700e+01
6.365245461377993763e+01
3.856726864932578991e+01
2.174892279571912468e+01
5.109832117522148387e+00
8.643791723255375814e+00
3.802681347724202254e+01
4.374638342986532535e+01
4.022204506585107708e+01
9.320052894917800757e+00
6.638578707233180864e+01
5.149047238995148490e+01
9.047533046028531700e+00
6.590571249050282177e+01
3.818989527493584291e+01
9.145563429474150041e+01
2.911657060670729180e+01
6.196290871063276740e+01
7.757385495206550274e+01
8.701751495463318165e+00
4.331472973131031523e+01
7.950657568465281599e+01
1.799591695706217820e+01
7.656057445309822640e+01
1.102640081318312042e+02
1.167489622387990096e+02
4.655306793762837003e+01
1.617050687649296847e+01
8.144135560340231450e+00
3.101077638934849645e+01
8.543720720374105326e+01
7.434476244386874555e+01
7.868832015558771786e+01
5.182260681373266209e+01
6.953134901377239885e+00
3.192661110051288276e+01
5.021105165408441451e+01
7.024621131109523731e+01
7.224685384579416336e+01
7.866328550802519359e+00
4.377527005704202878e+01
7.362864175825785651e+01
1.093673404969699590e+02
5.259592782317544390e+01
2.044143669374749805e+01
7.088632079552910170e+01
1.052746043861228173e+02
1.047452468011850968e+01
1.196043692638653653e+02
7.612663967808654775e+01
3.726383238237671947e+01
6.097906478920162954e+01
4.910495969296001562e+01
3.219868097457222689e+01
4.174887989211167394e+01
8.667656733175476802e+00
1.498054536756072430e+01
2.246492914549759234e+01
2.630140764402264963e+01
3.052605857617911767e+01
7.023541818890147681e+01
3.354449464999300545e+01
1.110809620433883005e+01
4.168666881093114540e+01
3.647596729160488138e+01
3.883452242888348138e+01
1.168685729152525354e+01
6.954177613813411263e+00
5.665275420972740505e+00
4.980404347236092377e+00
9.216497470593168373e+00
1.483896577591159271e+01
1.371593972593351296e+01
1.555678378580206633e+01
5.199755619584196964e+00
7.732017135300162991e+00
5.188499447467157921e+01
1.513488345321439432e+01
8.762289013876911170e+00
8.209734727362583584e+00
2.864355815355315826e+01
3.965641596633960120e+01
3.590389375607363576e+01
1.312905555135155566e+01
1.877630767327626060e+01
2.188369888521915385e+01
7.873497885536653307e+00
8.389398278081035443e+00
1.270271912398659886e+01
2.024920828619899282e+01
1.505357629624568894e+01
1.260160051493770261e+01
1.818684619582132456e+01
7.851426274400093774e+00
5.087159707068523495e+00
5.483852743954987830e+01
1.195117852299672023e+01
2.316223605769003413e+01
1.924507684778589223e+01
1.820683085779181454e+01
3.109214122758623589e+01
1.043696657241488701e+01
2.006126532539441598e+01
7.614472420919355500e+00
9.178687741239901499e+00
1.487971778681103174e+01
1.258288388452365147e+01
9.073387662247002439e+00
9.195706862421621608e+00
7.911492457146962032e+00
8.362665559337555621e+00
9.188114037158193526e+00
1.334933135570194729e+01
3.736208524258680086e+01
1.246255294097324828e+01
7.437746937949090409e+01
6.359103912933837677e+01
2.425294839340995168e+01
3.611231863897138794e+01
3.665294616096991120e+01
2.761045790312001813e+01
4.644838144439850325e+00
2.094716709018640799e+01
4.037922481171338518e+01
7.544588165703723703e+00
1.570328751496247932e+01
1.216588509778399008e+01
2.218789885683320762e+01
7.861238248913306137e+00
4.872377400961354255e+01
6.578751883407750078e+00
8.857385778976931689e+00
9.076482522452165824e+01
2.438068123189840364e+01
8.862947602103494660e+01
1.711306904096283432e+01
1.009254906365224542e+02
9.259627932345134127e+01
6.291052458337711073e+01
5.083930545632991027e+01
6.679502270441310507e+00
2.520114043745464727e+01
6.084684323198362499e+00
5.056912405915061193e+00
5.099430232646519734e+00
4.748063039324262213e+00
4.736022753313029909e+00
5.167945101861827872e+00
4.730538079392621498e+00
5.346358975145879100e+00
8.467407303961513421e+00
4.942700319679639520e+00
4.608558850519275829e+00
5.330835401247099981e+00
6.323708901659400361e+00
7.964794293481227250e+00
8.947637214809684991e+00
5.638347220549675853e+00
6.118058493374682882e+00
5.693144642596923433e+00
5.815273176748438466e+00
6.876829875360042976e+00
7.104847578013918863e+00
5.897421859821632140e+00
1.154530483277688901e+01
7.025952257031376824e+00
8.127236328858677084e+00
6.008315355697995130e+00
4.698869413249044946e+00
5.514364368677011186e+00
5.317256955346975289e+00
1.597237039357952071e+01
8.003063623810973581e+00
6.884316391623382714e+00
5.947039260416148387e+00
8.849527937147223966e+00
9.085961281565909431e+00
7.631597747316500424e+00
7.264876325209167263e+00
9.303638701660036148e+00
7.735469418353324578e+00
4.975258737956886002e+00
7.391507113085776126e+00
8.918107984768807839e+00
7.468479285907747567e+00
1.010779858135028952e+01
1.294848572980356494e+01
8.005972526194030436e+00
8.241822686486059979e+00
7.049890614193931704e+00
5.582478218769318268e+00
5.875787657129578179e+00
5.005865567410248573e+00
5.601901267926505668e+00
5.699773468693698497e+00
6.568572157324400251e+00
1.369257063316955580e+01
8.204402449750006099e+00
1.143482817983219491e+01
5.543089420433284786e+00
8.528287680336060106e+00
9.632803454496995599e+00
9.364847426442040046e+00
9.358751070430722407e+00
1.535652038092960403e+01
1.001914768288810187e+01
8.467705674262864690e+00
7.338707418704347951e+00
5.266651668203517822e+00
5.160452587254642509e+00
5.346759100777552121e+00
4.800628097593391708e+00
4.152671520873925104e+00
6.189348545130009427e+00
6.131673056307181291e+00
5.637214408987987646e+00
7.985663780479548279e+00
1.265098450238486372e+01
8.348769319373815279e+00
7.271652657018011112e+00
1.106778890677703409e+01
4.678487947950224601e+00
1.830910373041638550e+01
5.650963331079709384e+00
1.012249865934935578e+01
1.346334716337919524e+01
6.132431113346086704e+00
5.768142518997228407e+00
4.740532967126902086e+00
5.253820998450176916e+00
8.403196145925742044e+00
8.517253892907756807e+00
2.091067842121186970e+01
1.074580364941862065e+01
2.492928505826210994e+01
4.695456472435087392e+01
1.834616626181840715e+01
5.958118826337492457e+00
8.537320346816152039e+00
8.278057194972575417e+00
6.295250585835822754e+00
7.539074556889461043e+00
1.748574944157961042e+01
1.663899426140743998e+01
7.915409716967781506e+00
2.566266637826088726e+01
6.019140832718115952e+00
9.830687623351144211e+00
5.349495680175066603e+00
7.816280615409004540e+00
1.057672292705476380e+01
5.568923133570589101e+00
6.690086194022409671e+00
6.468248835600068247e+00
1.133385026385357897e+01
6.266601635327154973e+00
1.626017333897384276e+01
9.392169462085192322e+00
1.782432006896753762e+01
6.393295844222850022e+00
7.059624919677582433e+00
7.686931466160798365e+00
5.944672106244413889e+00
4.541337757839981393e+00
2.161643265589150431e+01
4.242634571613059791e+01
1.813331565087811370e+01
1.855411649430520171e+01
1.012779185867568970e+02
3.106502825103963517e+01
8.871885728633694512e+00
1.092364944872241850e+01
2.006146707542457008e+01
5.863230363787652166e+00
1.633243174981322809e+01
3.768496499755423912e+01
1.785916488261938184e+01
1.374054883056323462e+01
5.384104596717385505e+00
4.783955224657324834e+01
9.984448927278958053e+00
9.977667564616851337e+00
7.733616595761167112e+00
9.337663192213076968e+01
1.081849612990816780e+02
1.222889144253581009e+02
3.903866749532872404e+01
1.058345486396767257e+02
4.308823299489112202e+01
2.993440362211667249e+01
3.419088420688855479e+01
2.262108763694158142e+01
1.144780159203690140e+01
2.084705575912180819e+01
2.032502362765285753e+01
7.492301918742594324e+00
1.014418300236169479e+01
9.587296197115733776e+00
9.789489450905815460e+00
8.444442607429454029e+01
2.661213266991658344e+01
2.689765839016060056e+01
1.750121455765599165e+01
5.058825632567783259e+01
1.526130630066438520e+01
5.306166525514230159e+01
3.951992275041627778e+01
2.709670330999873045e+01
6.103637577362738043e+00
1.021070341564972068e+02
7.433944372800546319e+01
6.379365143612129430e+01
5.963355793106076774e+00
3.374183338777475427e+01
3.104245071434008096e+01
5.891655564157746738e+01
2.618760919925444242e+01
1.491134096384973162e+01
4.583149509061225757e+00
4.793369580535385310e+00
4.974551409517170342e+00
1.743893916666629096e+01
6.267946293201845265e+00
1.835943349566681349e+01
5.940453393724438591e+00
6.652706708738151065e+01
2.297940385229517091e+01
9.098378812655178649e+01
8.868305873309463294e+00
4.052243209112391042e+01
6.912768299589635035e+01
9.484971722502356783e+01
9.011907635964813323e+01
1.460322873783767506e+01
1.409873417620547116e+02
1.339577892619834998e+01
7.303407925377771903e+01
3.569950104816449254e+01
6.974390715149648479e+00
6.135923978689365299e+01
7.661434990262763733e+01
2.278776492636125539e+01
5.769037869340312596e+00
1.947279399689449164e+01
6.560442772770006314e+00
1.239337036220645061e+01
4.607568516804377623e+01
9.773039038635705111e+00
4.967022548407424409e+00
1.342522444461505593e+01
1.103124067861956448e+01
1.854518147687740637e+01
1.250245497494973357e+01
3.208885894623092128e+01
1.117958110011601924e+01
9.067225843989740852e+00
1.083955872409749865e+01
1.950826163696156357e+01
2.315500356090360512e+01
1.409074157104030434e+01
1.816417439087193486e+01
7.854152018060279516e+00
1.198791342708977048e+01
5.743858753626581937e+00
1.453247578703915721e+01
1.992857132664657271e+01
2.060569638003082815e+01
2.003319676702674101e+01
1.848549873453112724e+01
1.649818340498275759e+01
1.559318838107031091e+01
1.236156453248534248e+01
1.308742946564065157e+01
2.629267774973637728e+01
1.744877575064856856e+01
3.550811256833975449e+01
1.483218399905432783e+01
6.781177124582304927e+00
8.789795818381008985e+00
1.963240775816313644e+01
2.419542028721647497e+01
1.821999818607464050e+01
1.298894714637511250e+01
4.353523457310296862e+01
2.451220267331231284e+01
1.741593013126989575e+01
6.728871108478893248e+00
1.829136796957926592e+01
2.257264227274403723e+01
1.868904099075040648e+01
1.789712372011612018e+01
1.691433638488817692e+01
4.482712812029058114e+01
3.436782868687276249e+01
2.775796291112190062e+01
2.247217559928938968e+01
3.342554790147020327e+01
1.000850539856742927e+01
2.989992628782499651e+01
5.174333750149908262e+00
1.925901886299676491e+01
1.712819434621937731e+01
6.752419219108793058e+00
5.719599282548383457e+00
1.370833851844725970e+01
5.343050582028062045e+00
5.553829452853735305e+00
8.045826650469663832e+00
5.767277611326723452e+00
1.427635385213534391e+01
1.899292761472013780e+01
5.522430126062530142e+00
7.337730666223055032e+00
1.261084125477829687e+01
8.496275816874812037e+00
7.693046680770471824e+00
2.199428343491731042e+01
1.922770281322460661e+01
2.094959166164830933e+01
1.925631224889513859e+01
2.761093572911965310e+01
1.984284077625942189e+01
2.029820635790379768e+01
1.929201803761099754e+01
1.855143321664598233e+01
8.666191661992394657e+00
2.232841657827348314e+01
2.492994074939953109e+01
2.524246899159303936e+01
2.471099214329064964e+01
2.466258659226276251e+01
2.367241809008667630e+01
2.311497124472248643e+01
1.250698327792258979e+01
9.085707566125558188e+00
6.083368508477329684e+00
1.942196851742409081e+01
1.676789532551281781e+01
1.636834660535657449e+01
2.407064995897634319e+01
1.497946463315888721e+01
1.216627971067633496e+01
2.026814504777123460e+01
3.034315586693261579e+01
3.091573693025081582e+01
1.712528987865629659e+01
8.206020560708644496e+00
8.374778057979204604e+00
9.017730279127528448e+00
7.137925157922153652e+00
1.546674239756267788e+01
1.379862760658352983e+01
2.342760929554724569e+01
1.057810296440574405e+01
1.289170964146718390e+01
1.328069579312333204e+01
1.391349436158952280e+01
1.498718540907255203e+01
1.719648914509425097e+01
1.741428198544882733e+01
1.781044538972242464e+01
1.868206718086716123e+01
1.531109523938884465e+01
1.267107881917607770e+01
1.046231902784676748e+01
1.191992828731194543e+01
9.895353959486969941e+00
1.299932304422806695e+01
1.347742849841870694e+01
1.508300858832049585e+01
9.368457933704570806e+00
9.038156720835416991e+00
1.162842163016201802e+01
1.549706705782588578e+01
1.598764090119361825e+01
1.838236975487387426e+01
2.198475213470782563e+01
1.822934424411511500e+01
1.486161755008798657e+01
1.840577103345778553e+01
1.957332887939221067e+01
1.365695364668866674e+01
9.130959497497791233e+00
9.463334680217595718e+00
1.079361686966777611e+01
9.300069947620883681e+00
1.308674809336269185e+01
1.135713325829376430e+01
1.905492416584245419e+01
2.021018143473871120e+01
1.037663910329336048e+01
1.025410467226059374e+01
8.493508914281438393e+00
9.491013024465274839e+00
8.677470278726334030e+00
1.427633738389677198e+01
8.890496767477186424e+00
1.139080635786876528e+01
1.332752616781958288e+01
1.251808953738871111e+01
1.500954706861337229e+01
1.829135970955639934e+01
1.406306773996760029e+01
1.137029500366425694e+01
1.000238036460109470e+01
1.459126721529444914e+01
9.589105999061096952e+00
7.818823423044984899e+00
6.777326553927151664e+00
5.952719368208584605e+00
6.464106545401926418e+00
8.275679349251969796e+00
1.397984780420294726e+01
1.071172464108690292e+01
1.126211506737150359e+01
1.305097136613713182e+01
1.448591492294562144e+01
9.468949410261467747e+00
6.345511257477676637e+00
6.488209484978095354e+00
6.275859593979680184e+00
6.006591707627086940e+00
1.136044862690463475e+01
1.169640995996720001e+01
1.116725067989750819e+01
4.511417060879696628e+00
7.296041561270483200e+00
5.423648620032250456e+00
7.860393263946821918e+00
7.232359980866336358e+00
6.742872481692620212e+00
7.544484941985630577e+00
9.528131119876194433e+00
7.020301134170214397e+00
5.347953230089212084e+00
7.856381442132047255e+00
8.057087084708976832e+00
6.072282904922573721e+00
7.509329978054011256e+00
7.668029339552693280e+00
7.423186937282117981e+00
7.400787497988296160e+00
5.906526252897434937e+00
7.417449048612274609e+00
6.473017054552385297e+00
1.121272463211210102e+01
2.470483572600843658e+01
9.084799557550692128e+00
7.087923948565475030e+00
5.484863174529346352e+00
4.958762823468874537e+00
4.871320864061980060e+00
6.923694009117925319e+00
7.006978561618685042e+00
9.564567191025037829e+00
1.016160173880123452e+01
1.260747154431002315e+01
8.854295135572620268e+00
9.216933415286860054e+00
9.027346929234246531e+00
7.492495764054027063e+00
8.232629160741478103e+00
8.162310556691510399e+00
7.877880905614050633e+00
6.833814301603989172e+00
4.907334507997368256e+00
4.708876789946843999e+00
7.728409703823311716e+00
7.982513684885176986e+00
8.283502404098229022e+00
7.711961644342888889e+00
9.511385991903130943e+00
7.543880647430651010e+00
6.837395081200607017e+00
7.043332369984883101e+00
6.407308816219194014e+00
7.963773768960214383e+00
7.592115047536998063e+00
7.844553177813185840e+00
7.351107088783304100e+00
5.735465352389144122e+00
6.498176610246475526e+00
1.540636003440378055e+01
4.942458441912961575e+00
5.275529582906505865e+00
7.822410279465271898e+00
5.036514753493247731e+00
5.360837640940798288e+00
7.295903945883988939e+00
4.899956956789609741e+00
6.506391089167113506e+00
6.436517774608385700e+00
4.793787221169004908e+00
4.879064472026562349e+00
5.289321418419357101e+00
5.280792650861964255e+00
4.847459411461696455e+00
5.080024355010694492e+00
4.695974296643989021e+00
5.578736399380576749e+00
5.420191070967211644e+00
7.097885519072961280e+00
5.761857823409147983e+00
6.382931592234889706e+00
7.586896794007256695e+00
5.834034362394321604e+00
7.345412240623893751e+00
7.214136308520435747e+00
6.174358950883544139e+00
6.324781902611272599e+00
6.060718087716715274e+00
6.320162621457686924e+00
7.436634859698789235e+00
7.497624962846530572e+00
5.442826667914677508e+00
4.450647938142591187e+00
6.865938255229770526e+00
6.066028099185225564e+00
6.020089650201899012e+00
7.348780556623182747e+00
4.874065153383601690e+00
4.825615650561273284e+00
5.196708993261164977e+00
5.652984918971101003e+00
6.786633711039947059e+00
7.345396172415676439e+00
8.030334337311170856e+00
9.080859363962776598e+00
7.419384116173677768e+00
5.220272719374294823e+00
8.131316108707737911e+00
8.344044758063835943e+00
7.145112574531665928e+00
7.893798497477835241e+00
5.609126757494869331e+00
5.709434587635469072e+00
