6.343528246367068135e+01
5.589123997488871254e+01
5.226439251098972250e+01
5.530893112883467921e+01
5.858133503538245179e+01
5.394952297733511415e+01
7.234597728160919416e+01
5.067998571173526301e+01
6.129961691739740814e+01
4.750389415313330232e+01
5.542113934404388687e+01
8.472772945781792941e+01
5.552149882761817423e+01
8.481138722316389078e+01
5.638161849992389563e+01
6.121044552776194791e+01
6.688857364890553470e+01
5.884130524614325708e+01
6.540532629885734650e+01
6.102986585958259269e+01
5.542113934404388687e+01
7.308532919344941092e+01
5.143021690820519609e+01
7.053062775413754082e+01
5.635721138845300970e+01
6.940595874918791708e+01
6.748031424428029368e+01
6.595058323596677496e+01
5.691689908896012184e+01
6.518322151415645749e+01
5.627313779224977708e+01
5.596671154304862483e+01
6.711451279349836341e+01
6.966897072242110767e+01
5.354425280693988753e+01
5.930471817952702906e+01
4.479800653903685514e+01
6.998503687436253529e+01
7.190944656794859213e+01
5.443452024667055866e+01
5.496501793131778868e+01
6.274008200660254175e+01
5.503191175182182349e+01
6.363972405684843636e+01
8.091430934666968255e+01
8.020902206577483184e+01
6.988313077213111058e+01
5.489902847955018927e+01
7.051748112717594097e+01
6.399681064143644704e+01
9.148749476605011921e+01
6.997452869184157009e+01
6.490995518773698336e+01
5.768652381636704263e+01
5.806443973393431435e+01
6.237420916673415405e+01
5.271370916583011024e+01
5.385324838896808330e+01
5.074868057104389152e+01
6.249032602747251275e+01
6.418226507644439494e+01
5.172069341701138967e+01
5.800984798274388510e+01
7.292855167474156985e+01
5.768652381636704263e+01
6.888624956407079480e+01
5.393506194695685707e+01
7.083602549996599862e+01
8.178141053776535330e+01
7.945876630096731219e+01
6.764914453882511225e+01
7.335258129220082424e+01
7.297950439432082703e+01
4.563573198438766809e+01
5.056656887582635562e+01
8.205086949888573145e+01
6.833447836926349339e+01
8.354990957520800521e+01
7.114523775268624206e+01
5.511300951808670590e+01
5.562281363444842697e+01
7.116135714027667802e+01
5.562498875063674575e+01
5.952441624912042784e+01
8.102618859591441947e+01
6.792764765833865681e+01
5.921930043563600776e+01
8.505845545040183708e+01
7.302618581089066652e+01
7.598484545502806498e+01
5.550507369956314818e+01
7.481016783425317840e+01
7.926571198184348077e+01
7.186555106593714015e+01
4.938592404701745409e+01
5.548664461315795648e+01
5.781408106152108672e+01
5.825058501762354979e+01
6.770303187416294577e+01
8.583794708024692000e+01
5.717317039827663194e+01
6.621646806857442868e+01
6.326291426965795495e+01
8.210590019730615552e+01
5.782969256467114860e+01
8.430989638278150267e+01
7.922536248249087976e+01
5.791180325192123490e+01
4.096344037206260680e+01
4.540641454586833703e+01
7.856308414884418312e+01
7.148663164130543635e+01
8.553038678153582453e+01
8.740830392825849060e+01
5.325534291759222327e+01
5.594337912556935066e+01
7.757389806587720216e+01
5.927293483848536226e+01
5.647676458204529837e+01
4.433423465205237335e+01
6.045770549425779450e+01
7.488985064029228056e+01
5.241837918816610653e+01
5.844019586227193486e+01
5.612019744046792624e+01
5.343148459612233836e+01
7.157604614818471589e+01
7.819976060806894225e+01
4.991820297103908644e+01
8.418382260380131754e+01
5.574223214271884785e+01
7.894475784048512423e+01
7.169039625094012536e+01
8.750990082029501593e+01
5.649571173271231572e+01
6.207603977128614758e+01
6.465665678344680600e+01
5.026937093107252252e+01
5.295368264353832899e+01
6.068624527225139786e+01
5.980959807960294938e+01
5.654507418664363172e+01
5.214368559574092643e+01
6.119554766346642083e+01
6.783895430370664315e+01
5.978975151241473895e+01
6.266777663281937549e+01
5.889239795706164671e+01
5.705690622035717041e+01
6.137988949915344250e+01
6.210308060699593113e+01
5.543839190011630080e+01
5.126322550810122891e+01
5.661235854536854362e+01
5.448791584639829466e+01
5.337990462155737958e+01
5.192793846133141500e+01
5.974655138693852052e+01
5.854071003122744798e+01
5.980971210070217836e+01
5.849024240489563198e+01
5.671425321008951670e+01
5.145387871322127182e+01
5.854272256028834676e+01
5.922013469734695690e+01
6.807475458294371151e+01
4.624064763730055461e+01
5.536513240820136872e+01
5.424077856584305835e+01
5.243871424457294950e+01
5.557704805328613418e+01
9.149887231302814428e+01
6.339116006442499440e+01
8.204567344149187136e+01
6.227453591979720926e+01
8.443028488248586427e+01
6.669822648871425486e+01
6.043150543640815187e+01
5.678400501335296724e+01
5.942670945228694990e+01
5.704149552596887673e+01
5.314781635518315994e+01
6.805547570515432199e+01
5.712922370564765373e+01
5.248474647515834590e+01
5.844923258703841640e+01
5.672163825494934031e+01
5.796624669244607730e+01
5.436590698609298045e+01
5.394516814627479562e+01
5.662105657111833068e+01
4.809296389541000849e+01
5.359080601580841119e+01
5.002374873434641245e+01
7.486545883992087624e+01
6.702760393805777994e+01
5.617124122466479008e+01
8.140021652512332651e+01
5.725403322064028799e+01
5.837295999597763085e+01
5.019581834638018591e+01
8.125249909378273117e+01
5.986113242157573211e+01
6.920039106579116606e+01
6.261692094626670269e+01
5.694214568648971664e+01
6.249459880354095276e+01
5.757590566301956159e+01
5.501750964708188008e+01
5.756428841316772349e+01
6.022092208394843027e+01
5.994193362819582660e+01
6.863424362431854320e+01
6.777029421443211277e+01
6.801872017443962193e+01
6.709056740929781881e+01
8.325771265172843982e+01
6.083776173567054713e+01
5.918619222006016400e+01
6.737416803495924000e+01
6.678299867069780760e+01
5.622559246960918955e+01
5.746593427520721775e+01
5.646568564363006715e+01
5.268484227173646417e+01
5.504707040258112727e+01
6.261589487667612275e+01
8.092867933796975422e+01
7.692230509277005979e+01
6.739617477738900675e+01
5.555363682882816789e+01
6.110326625966192182e+01
4.782065356891851593e+01
5.886712595656357649e+01
6.320431476964178330e+01
5.251406364142284389e+01
5.887511731902403511e+01
5.210958072899239824e+01
5.739952051090382668e+01
5.768584004726297820e+01
6.057244361483022033e+01
5.216345982643694157e+01
5.812029866049496007e+01
5.622400156168769314e+01
5.371196200314222580e+01
5.544281493416042395e+01
6.863336071412471995e+01
7.818722824126493265e+01
7.950421630487606706e+01
6.437357128676907791e+01
5.304828227651460537e+01
5.408527096050315919e+01
7.990918209182251530e+01
8.450421464782714054e+01
6.302764448682513887e+01
5.800934568173800443e+01
6.931077359361813706e+01
5.695380320323525325e+01
5.561891968428123079e+01
5.323732607758184798e+01
5.796915476691808067e+01
5.323088886630895189e+01
5.846966613919870071e+01
6.002440526871396997e+01
8.246581825357723972e+01
7.921671450703988171e+01
8.038956062347763520e+01
7.131310117198070486e+01
5.484820383926008702e+01
8.028519737203485818e+01
5.873665455645381428e+01
5.909840814279660748e+01
7.691332787801235327e+01
5.569677443268317063e+01
5.986135088258431836e+01
8.249038498659281515e+01
8.037137670248472432e+01
8.097290018809195544e+01
7.740628264096810085e+01
7.673253367592437257e+01
7.691243986541732625e+01
6.221597681424984216e+01
8.158210338335149459e+01
7.809624829595325934e+01
6.372571719449227601e+01
6.551643478705798884e+01
5.832065610741124573e+01
8.188719076833258725e+01
5.763135735730347164e+01
8.175090906011068626e+01
8.171636150781809249e+01
6.040165590406101614e+01
5.495399193459812182e+01
5.322052377074313512e+01
5.830703676720217743e+01
6.073021227313464010e+01
8.155227927836487822e+01
8.320441929833209826e+01
6.036921256687865167e+01
7.678960042010697862e+01
8.129110850082732043e+01
5.979794602950683924e+01
5.403731272230898242e+01
6.159001007496674873e+01
5.897253088642571583e+01
6.492347796844245522e+01
9.282937455986294140e+01
5.175640422798890228e+01
5.662712334135948566e+01
8.150378803955487683e+01
7.762304551803424602e+01
7.237081096680778103e+01
7.709622620186365793e+01
6.660038490445819548e+01
7.830341958095999644e+01
8.473736578741367964e+01
5.373473862186595795e+01
5.263761592921389365e+01
5.371941956468179313e+01
5.742035986073129550e+01
8.058781696495972824e+01
7.801652907134506165e+01
5.323055581651063051e+01
5.339182749516906057e+01
5.828374873498773212e+01
7.973876768651918212e+01
4.763638686701877845e+01
5.053782056837896874e+01
8.064696286618612930e+01
5.685879220608856599e+01
5.660406691717754768e+01
6.287644510742214976e+01
5.941166632184030050e+01
5.551447083095499124e+01
5.960642502753906768e+01
5.121165339490176649e+01
8.962857020147461640e+01
7.926790170361407206e+01
6.516951418080827807e+01
6.561507015814676436e+01
6.432341391748305170e+01
8.333851415931489726e+01
8.299091796426665724e+01
8.587055043390969900e+01
8.272457069809564700e+01
6.079792046882857193e+01
6.117835581957931623e+01
7.433208007255116456e+01
5.840822093090185518e+01
8.084116244442788002e+01
5.556215424006156667e+01
5.643034387001578267e+01
5.880501425932465764e+01
5.882897842896802132e+01
6.157279079095560093e+01
5.446251746140300298e+01
7.284551619226581920e+01
5.415318368105827318e+01
8.267759767077106403e+01
5.758942858623461092e+01
6.784363135101246201e+01
5.659700500438268733e+01
7.933105776410536691e+01
6.043111345683060165e+01
8.258910222066548101e+01
5.729374867493073964e+01
8.272019856027716855e+01
7.815961366698849133e+01
8.472752564625064053e+01
8.080305026643742394e+01
8.441839236736720409e+01
4.643924838915080500e+01
7.992268192407854599e+01
8.217773812207747142e+01
6.122897263961621661e+01
5.550630102344582184e+01
5.157673993287159675e+01
8.466417182964737265e+01
5.675924976999120020e+01
5.748537025232113251e+01
5.954675468344733957e+01
8.186758502512599023e+01
6.000942736791325416e+01
6.496934354909423348e+01
6.898194462202745569e+01
5.574830895736157288e+01
5.628404877133765183e+01
7.381582138103422608e+01
7.163795851344426069e+01
5.544974602482413673e+01
6.770056041728931007e+01
6.053442934391740238e+01
9.403288766440725510e+01
8.540800488370197741e+01
8.199150764333144537e+01
5.181943504072806661e+01
6.226981727131189359e+01
8.314555462366037375e+01
6.462118327734759760e+01
6.272095079505474757e+01
5.264915600257011619e+01
6.337683269342540626e+01
5.982128038317023311e+01
5.930681447733627465e+01
5.762761882135219338e+01
8.642913190591579564e+01
5.318710535878219048e+01
4.663986785276238578e+01
8.357883902062097548e+01
7.774153987167703406e+01
8.012965408475491813e+01
5.720594009610020692e+01
7.934762716407298910e+01
5.959396459125194667e+01
8.467561827121389229e+01
8.074745118630688978e+01
8.721551519342432357e+01
8.151247505737146071e+01
6.775774114800570658e+01
8.457727357946055236e+01
7.345767812470189995e+01
5.239585819459194482e+01
4.801597276555129667e+01
7.934793929887054276e+01
7.914659416122977120e+01
5.235948694577075457e+01
8.162873952233485397e+01
8.113469100529314915e+01
5.073332825356085607e+01
8.512619011453993778e+01
8.044856866674426499e+01
5.517675478874704709e+01
6.255481181114093658e+01
7.960021748182995793e+01
5.630215944691043717e+01
5.650627398445410421e+01
8.508453791966496738e+01
5.674997406950929957e+01
6.260107623078695838e+01
5.450689909983543657e+01
6.126093888773024076e+01
8.178123803005178161e+01
7.598218192860339570e+01
8.191442232260440903e+01
5.231026519927991814e+01
5.800895746139953246e+01
8.313096007470007009e+01
5.566363878807681687e+01
4.867117368682999512e+01
5.506050498330018428e+01
6.089660093073131719e+01
5.489977793961885055e+01
5.419336184707631077e+01
7.521766640305493468e+01
8.087733515309321319e+01
7.752361343678978756e+01
7.933373196743195876e+01
8.292745639880838837e+01
6.801980205046470473e+01
8.668748706658877268e+01
5.643864153214247636e+01
8.029796232889999885e+01
6.071279387888774437e+01
5.666012551199614933e+01
5.060083974624154735e+01
8.276857210287595024e+01
8.398445469608191161e+01
6.130272974276218889e+01
8.273347657080107354e+01
4.866220288788879600e+01
7.881435934181385505e+01
8.235233528828095473e+01
7.555337946906334423e+01
8.340448837347939559e+01
6.499192281920348080e+01
4.669354946575383991e+01
5.825760320825779814e+01
6.091848726807243963e+01
8.230553287076966740e+01
8.370869249155639125e+01
5.376968968441354946e+01
8.186466592646647200e+01
5.360531389763296062e+01
8.158155320899813034e+01
8.270896143377652265e+01
7.553969734969641081e+01
7.932746478748300945e+01
7.979895240054329975e+01
8.201911116454846251e+01
8.234794558698139610e+01
8.032263674685395927e+01
5.542068866248669678e+01
8.184297997983229322e+01
8.397640119986580487e+01
5.455495542346325522e+01
5.708613247344788277e+01
6.799712666972386899e+01
6.408434329785049499e+01
5.820939630970920575e+01
5.893128548744921602e+01
5.730179462522815470e+01
8.210220967647114776e+01
1.207127554939973493e+02
8.316275781836380077e+01
8.073948235178229993e+01
8.439651559293461958e+01
8.841225659114385849e+01
8.042375124440295053e+01
8.292967506752741258e+01
8.378545249785278770e+01
8.082091350391064566e+01
8.287975691165060255e+01
7.912661171045049002e+01
5.794911267179726622e+01
8.097724702503290928e+01
8.273645104049693089e+01
7.999485962955345997e+01
7.789478679293709718e+01
8.038342337756607492e+01
7.901532561807459842e+01
8.506067480538963821e+01
8.353850534448275766e+01
7.498558881855070979e+01
8.286705503602121325e+01
9.057219457836740162e+01
8.144337287945825210e+01
8.304184931639309752e+01
8.055564420596043362e+01
8.363478456961227891e+01
8.107097793340795988e+01
7.637504402091691702e+01
7.974597297395401085e+01
5.497508063214377927e+01
7.973436777413282073e+01
6.392423407974407468e+01
5.760442157885176329e+01
8.082775171840860651e+01
8.139607591621488325e+01
8.802295324108412444e+01
8.422716581614739084e+01
7.762759383693490634e+01
6.415541859273153591e+01
8.092800883945400869e+01
7.514480437070884022e+01
5.986020946800427112e+01
5.903524668708278256e+01
5.724448583592145212e+01
8.148934746848797772e+01
7.237859719133550129e+01
5.898800577835658032e+01
5.363798877771205298e+01
6.282212144119031194e+01
5.853279542168518645e+01
8.301877824780241610e+01
8.147515572753972890e+01
8.023256083418678486e+01
8.201637348665538241e+01
9.263893669157683064e+01
8.167579031400052259e+01
5.914315323699328530e+01
6.124804772812415621e+01
8.292078018276279749e+01
7.960954341606408491e+01
7.816440761504874501e+01
8.129432316088170296e+01
7.954257247609081105e+01
7.942664473449646323e+01
5.445780946054168226e+01
7.856977331395903263e+01
7.904453868884989731e+01
7.623476403401328128e+01
6.635206231903833896e+01
5.851872327455571110e+01
8.177725611549249152e+01
8.156510379436511471e+01
8.243165159475925918e+01
8.355402780682540254e+01
5.657776799221157660e+01
5.706423172061835203e+01
5.943690179219922243e+01
7.976019014516180050e+01
5.712053975232745273e+01
5.769323289383528675e+01
6.114842321131737179e+01
5.487693369706165214e+01
4.887776983647363949e+01
4.609668766118639383e+01
8.108418174470111239e+01
5.204906870679609909e+01
8.069631031290310830e+01
5.913373689309388936e+01
8.615073973257155160e+01
8.286985881948282895e+01
8.023406521500361066e+01
5.848239061447441145e+01
7.507333178501558280e+01
8.085081069418750133e+01
8.256292617330240091e+01
5.494538789952351010e+01
6.221313328956455280e+01
5.381938611530821959e+01
5.876111899829736984e+01
7.259085238889591096e+01
5.619881950825687511e+01
8.674533433389129300e+01
7.873581624633469289e+01
6.288986303383168064e+01
5.296336951573471197e+01
7.002712799285694700e+01
6.975528520114079356e+01
6.441864941085886187e+01
7.875535518447500749e+01
5.455902609877699661e+01
5.270282229568272925e+01
5.380572591097470792e+01
8.099275717628296434e+01
5.893756852685590530e+01
8.352259783306422491e+01
6.153594572409240016e+01
4.618137635388276863e+01
7.529856946198901824e+01
8.373262813419242434e+01
4.741400971893960303e+01
6.944157878210761226e+01
8.188631248147882502e+01
7.996762201548573046e+01
6.098514186886808375e+01
7.990262063552043514e+01
5.975279243719404576e+01
4.891417101133453116e+01
7.898339038767147713e+01
8.035864610826457977e+01
4.727926766677713744e+01
6.233700382519818106e+01
8.243495404859582720e+01
8.064895532533444111e+01
8.088285811052408292e+01
8.239407474514975149e+01
7.941637901463843718e+01
8.060823195247766648e+01
4.634282854385696027e+01
8.198492856738840828e+01
5.620830091821243002e+01
5.463472308273341582e+01
5.810010706190315943e+01
8.069741914783791970e+01
5.399880520418548002e+01
7.963451811077143816e+01
8.061096342981150542e+01
7.955226826697565912e+01
7.454848894022327954e+01
4.619921580679955753e+01
6.009282273305204569e+01
6.345738051387466783e+01
8.086003422770444615e+01
8.365305344381503971e+01
8.144349927250770804e+01
8.222745700661035073e+01
7.963818766289395512e+01
7.078164476201175148e+01
7.963130286106557776e+01
8.001294532276938298e+01
8.451455428930478320e+01
5.777140827472707230e+01
7.299624114633144245e+01
5.865744597289565121e+01
6.172495339970437556e+01
6.458047476709397472e+01
7.146449456319776061e+01
6.966648370825740244e+01
6.817819503951044169e+01
7.925307341905646297e+01
7.760371666238904709e+01
5.917291040477569197e+01
8.105858287804296936e+01
5.903198628412346949e+01
7.599349415420397236e+01
5.562339678319720093e+01
6.010637278901358371e+01
7.361061693942616557e+01
6.477592436965079514e+01
6.596411435966302861e+01
7.945469601366259838e+01
9.093289022377247477e+01
5.307367686968598974e+01
7.823679721217592942e+01
6.717479578803627760e+01
9.116642809263332481e+01
5.817441864077541425e+01
8.356596879821516666e+01
5.974689466947882721e+01
5.974877355218596620e+01
7.798274195628755479e+01
6.847985750747943712e+01
5.447894622208750093e+01
6.194497322938699568e+01
5.716734080684605601e+01
7.494580806736911427e+01
7.775215365690004887e+01
5.942801509303450302e+01
6.723680104614787467e+01
5.333423847017665764e+01
6.769417990027885423e+01
7.273916585964047954e+01
7.551734344583356062e+01
5.469999612188131266e+01
6.600316663106360693e+01
6.768678723755675719e+01
7.504052333599905467e+01
4.693717029495896043e+01
8.398784916200193607e+01
3.916003555672887160e+01
5.379345763351592069e+01
7.672656619071790374e+01
5.501077970460966782e+01
5.612222664228806224e+01
6.224516592504097190e+01
7.844319792003412317e+01
7.536597571490153769e+01
8.107442578668099031e+01
7.820672002095125208e+01
6.541221698488689640e+01
6.522898244514361465e+01
8.529755883099116431e+01
5.634235676172656326e+01
7.999571569903081070e+01
5.694979838212150725e+01
6.117452085048898880e+01
5.692951938773962439e+01
8.538634424745640672e+01
7.516254554177790226e+01
7.169904834307105546e+01
8.489469388290308416e+01
6.920220579983319453e+01
7.597237863169894467e+01
7.519766548614771295e+01
8.248582234556089077e+01
7.091163116167530234e+01
6.979924550520138382e+01
5.358469674815733441e+01
7.705287994100447690e+01
8.081905049120986462e+01
8.211601635647038222e+01
8.555027083616033678e+01
8.389078734022724859e+01
7.638739694913334688e+01
7.702787207767487132e+01
5.115986975732235464e+01
6.421381207520876444e+01
6.181845429840364403e+01
7.704868779633738995e+01
7.239693504186762141e+01
7.769096629454884351e+01
5.302086247084731951e+01
5.801091776975806624e+01
6.051634142779868597e+01
7.258962598364131225e+01
8.239349045339784539e+01
5.442646592995895105e+01
5.489786216180853984e+01
6.247059025367389751e+01
5.095682794834822005e+01
6.219679294463740149e+01
5.925880079467911798e+01
7.239600246335417921e+01
6.053284014987781347e+01
5.091650593211560505e+01
5.893854225801142377e+01
5.564775830770337706e+01
7.684928119239143030e+01
6.591666221865648367e+01
6.103209330544688527e+01
5.471465304434987331e+01
6.829449611773060269e+01
4.585140771631316881e+01
6.515410242950819963e+01
8.099476698212026804e+01
8.123522598463807753e+01
5.686778966812191527e+01
7.291513745431569760e+01
4.475864381920941071e+01
5.465019398059951072e+01
6.136807528808915890e+01
7.358152045748833814e+01
7.272721841154478284e+01
5.582618175896943313e+01
5.330547186124228887e+01
8.249896312553210009e+01
8.121965827743007083e+01
5.744545838497068502e+01
5.339110079358137284e+01
5.640155566263893405e+01
7.458914217381227729e+01
5.627057072233181856e+01
5.560621392573956712e+01
5.512459742289392750e+01
8.355146155068496228e+01
7.798182171771448168e+01
4.870161324096613953e+01
7.975273594397964416e+01
6.836045502543939278e+01
5.766661854974665147e+01
8.510807697015916062e+01
8.418897902499078612e+01
8.355970356904992968e+01
7.707139238139120607e+01
7.003525411156731195e+01
7.619451633723920736e+01
5.917738688304972072e+01
5.641101277712778739e+01
7.271612926457318338e+01
6.459811544762929714e+01
7.933757928332001086e+01
7.346997021525362470e+01
6.292336028903482514e+01
7.584805073290176836e+01
5.912641361365863446e+01
6.648015572677029184e+01
6.577130708349395150e+01
5.598093826907454940e+01
6.385978329708523660e+01
6.142860552885098002e+01
5.771824425815024284e+01
4.425867474340007135e+01
7.764742108685376820e+01
5.932778844944868268e+01
6.096375144086043463e+01
5.917748141914700710e+01
5.491303255315268217e+01
6.842004876651267864e+01
5.385397333563083322e+01
6.219178048306405060e+01
7.425316535023240760e+01
9.384907921232661465e+01
7.580039100383660866e+01
7.957826993668587079e+01
6.836414128173544213e+01
5.329355502649622878e+01
5.283063336853522429e+01
5.706351273293613957e+01
5.435897121604378412e+01
8.113220434315169882e+01
9.304758230539098918e+01
5.560108044678718642e+01
5.350027879177400081e+01
6.019750141105068053e+01
5.293680392733644879e+01
6.021018798747102352e+01
4.848838328794658992e+01
5.702834833614671339e+01
4.798249231545626969e+01
7.634015760727065469e+01
7.502392730816856670e+01
8.550760987550222580e+01
7.395574711923160294e+01
5.772693704635567968e+01
4.791827571102960093e+01
7.858301154123215326e+01
7.660241114730290235e+01
5.682150688850428821e+01
5.560160008809989307e+01
4.699657948220721693e+01
5.820096341794884864e+01
5.645167037096934592e+01
7.326503452633296831e+01
7.486498175243870890e+01
5.921637413740647560e+01
8.182107878380068655e+01
7.756981213857500279e+01
7.556026682409707007e+01
6.895941324968038089e+01
7.418053016135155531e+01
5.521008877261616021e+01
7.027683885813387121e+01
7.062095716005536872e+01
8.209811051803410464e+01
8.128331590025072728e+01
7.538144389778503296e+01
7.870090800184175350e+01
7.730515478339358992e+01
7.911243381968823485e+01
7.492037389288407212e+01
7.773666933510591548e+01
6.234443059181954538e+01
7.809851757130793715e+01
7.868072927613884815e+01
8.645903113878942747e+01
5.837116186558728259e+01
5.837890770684257546e+01
6.169937030829725444e+01
5.866367222597909148e+01
6.508134427950150780e+01
7.618125567054669034e+01
6.610071209619950139e+01
7.631014178600462117e+01
8.618322239153545183e+01
5.821583792140900471e+01
6.163742742532839003e+01
6.355291674106552335e+01
7.457743525063759193e+01
5.439653386815072622e+01
6.767106730923265445e+01
5.242747428494705275e+01
7.620027851314526401e+01
7.549652864524112772e+01
9.131170676370625472e+01
8.177706100826175373e+01
8.814255705267170526e+01
5.552765401998433958e+01
8.593301624517621917e+01
9.148735207318091511e+01
7.536655659766057624e+01
6.578572169939167225e+01
5.853296633217006217e+01
7.799667826480401800e+01
7.857748603954492239e+01
5.821644827043695614e+01
6.901910672969883365e+01
7.374427482743477924e+01
6.071793400349880443e+01
6.834045960033887468e+01
7.221029107512103451e+01
5.286775372994237898e+01
6.928646428419763481e+01
6.625917783443183851e+01
6.521117712864327132e+01
7.959904107149624508e+01
4.121868780873580818e+01
5.373232130898519188e+01
7.969572887713863452e+01
5.904432180355183846e+01
4.850217326246841765e+01
8.014039269500466389e+01
8.019982562926702485e+01
5.937003189899348143e+01
5.723401589350713436e+01
6.008631952609387383e+01
5.893680676390621187e+01
5.843181825723334555e+01
8.202674279168060423e+01
7.385624335992588385e+01
5.204490167807099965e+01
8.921519092722499522e+01
7.583227728904563492e+01
8.336951013479836092e+01
8.121517347620401495e+01
7.493773585279528504e+01
7.624749094177290942e+01
5.266742787090412037e+01
7.944335522007938266e+01
5.211178423671291426e+01
6.636407634763557439e+01
6.054037927568887056e+01
5.910310234774053129e+01
5.720677947021011533e+01
9.385883736409475375e+01
7.962804520585504520e+01
7.951774519038370670e+01
5.461766277355901877e+01
7.765340701829397574e+01
5.146303621446216425e+01
7.806894868624722506e+01
6.865597365606687674e+01
6.848787794332616841e+01
7.328271116702079269e+01
6.824584041898387454e+01
8.092134798548002550e+01
5.808468226828134817e+01
5.171880119056400815e+01
6.763050401869550399e+01
5.962926251821376411e+01
5.102183640457418079e+01
6.004885927693197090e+01
5.829092411599206969e+01
7.538574044643269190e+01
4.723832881569817488e+01
6.026248312769858728e+01
6.884630754904799232e+01
8.075671974466234815e+01
5.366979731792338271e+01
6.899841163859269955e+01
7.739253594552050686e+01
5.771356381939212810e+01
8.362807346954836873e+01
6.250435690924616949e+01
8.185508694449718803e+01
7.306088409730114108e+01
7.927004878157822532e+01
7.557393740889270362e+01
5.910687645613079155e+01
7.371869285175247910e+01
7.298738508497626754e+01
7.314163205335326268e+01
7.785069468566534567e+01
7.943569139029008852e+01
7.466932332709397713e+01
8.333727888473005407e+01
5.766091331001774734e+01
7.579323485191666521e+01
5.799488135981727055e+01
7.627070481939171032e+01
6.265211741123991374e+01
5.007985480551448632e+01
6.367480082103609362e+01
7.120297768964357488e+01
7.677360279898404372e+01
6.950866182604335108e+01
8.264760778184626133e+01
7.835657585437976991e+01
8.714171463143966889e+01
5.948337910397710004e+01
6.454270315322081331e+01
7.444448112478428925e+01
6.649336053581845363e+01
5.908902401843561591e+01
5.343529140131758481e+01
7.947823455924779523e+01
5.845644714834291733e+01
7.115011584491104202e+01
8.028384279623386988e+01
7.670226189006538675e+01
7.423506447292494670e+01
5.850916684747851804e+01
7.467896570996900607e+01
5.955580434567778525e+01
7.650109017620783902e+01
7.505692936308405194e+01
5.709393974283153028e+01
7.902116936783751555e+01
6.078455904094114715e+01
8.424698325116371223e+01
8.314742202588027453e+01
7.662692913781658888e+01
5.792156445831831491e+01
5.927022116541528618e+01
7.857669492174788672e+01
7.263564193844167960e+01
8.761400450678132756e+01
7.306124093176107692e+01
7.836334401731717492e+01
5.551330057365175463e+01
5.998821993931210272e+01
7.366983680280954161e+01
7.731317213786019238e+01
6.566907989446100657e+01
5.701994333448895702e+01
7.707291985368399878e+01
5.325881234869078895e+01
5.600027534660853945e+01
7.537398181533752961e+01
5.384124056689277893e+01
6.794490197916357488e+01
6.197291602844701686e+01
5.841500786457202565e+01
7.818043255300067074e+01
7.644117011958771002e+01
6.339393328296982588e+01
6.226920840721933814e+01
6.196473268143250834e+01
7.991587336707740974e+01
5.597013418776347038e+01
7.697724961071037342e+01
5.500128162658837994e+01
7.759497468738102555e+01
5.983774675157295775e+01
6.064218769777651374e+01
5.832787782527056208e+01
7.648112218240557070e+01
5.336523050439363658e+01
5.042474644344544288e+01
7.681940175834721174e+01
5.597506569545944899e+01
6.856494612795215460e+01
5.369568716323944813e+01
5.550473689026060242e+01
7.738758081029969560e+01
7.510858942303364927e+01
5.364867675171015549e+01
5.564091280091120240e+01
5.952790520152900910e+01
7.852255677648876997e+01
5.883542651144063740e+01
5.546984307881145071e+01
7.583590884413412425e+01
6.040664902948281423e+01
8.589610705423093862e+01
7.867019410270465585e+01
7.365267681743343076e+01
5.982471277606628490e+01
5.758754595524197128e+01
7.667622174396358048e+01
7.946033516534640739e+01
7.891319913187923873e+01
5.826440324990878139e+01
7.964289421380344436e+01
8.019387934868366585e+01
7.927234712652494864e+01
8.081112886436454801e+01
8.186240025617095739e+01
8.348889621093049129e+01
7.801015072751683022e+01
5.763072256322261921e+01
7.790130478742379694e+01
7.528420482692220617e+01
7.913613116907330891e+01
7.588642631958614970e+01
7.568645299009668292e+01
5.652544592279416236e+01
7.826983399331682278e+01
7.490121192687023211e+01
7.555495888755947931e+01
7.706023998681489218e+01
5.944539510736662891e+01
5.935923954665287994e+01
7.719288507874875904e+01
7.697547793125134774e+01
7.685231114505569394e+01
7.668148216556406283e+01
8.291016589036763662e+01
7.949802167019620924e+01
7.171950065089090742e+01
7.915858967010474601e+01
7.695905075623410596e+01
8.234621007805228032e+01
5.680173255842900204e+01
8.026365425515672314e+01
8.162099486897334089e+01
9.729411026535376550e+01
7.507095322418669525e+01
5.799638030238003950e+01
8.006703456506318162e+01
7.846868710434081606e+01
7.438016099416573468e+01
7.404087433236843196e+01
5.961435664992004035e+01
7.664806541852642852e+01
7.779162398314211657e+01
7.957200837395572535e+01
7.920909093512827326e+01
5.907882915659870093e+01
5.772216595009729900e+01
7.956207037782615998e+01
8.049903087781636657e+01
5.618351439437594763e+01
7.411461408783168281e+01
7.476118618040187869e+01
5.787867443882073815e+01
5.477818185129398643e+01
5.948122010026329320e+01
5.784229210690701706e+01
7.731016181018074462e+01
8.412931131125274931e+01
6.114509696209338330e+01
8.012909968374142977e+01
7.712883420615453645e+01
5.920644726148465509e+01
5.039846218923207033e+01
8.113946693339552496e+01
6.098043503320020164e+01
7.791413875754558660e+01
6.252284692272658617e+01
6.008903358847615550e+01
8.667785618510124834e+01
6.206211158717540144e+01
7.602163983103231715e+01
8.005579124920419076e+01
5.777850170252928308e+01
8.254110290669562744e+01
5.913264410562812401e+01
5.832576783538688403e+01
8.169480587997850307e+01
6.058468551203494457e+01
6.947487898015781127e+01
8.503794676162721089e+01
7.144075055680806940e+01
8.160644262422735551e+01
6.801623641881920435e+01
5.365796850882599500e+01
5.964237043865570342e+01
5.735529188070371021e+01
7.895508013454350760e+01
6.628857834075819255e+01
5.125509149471259462e+01
8.846125798961280395e+01
5.835751187113368843e+01
5.766286862931826107e+01
6.882284476075524537e+01
6.432248336906357622e+01
5.795572364375274788e+01
7.866527279964648756e+01
6.451458568789220749e+01
8.374229926197148188e+01
6.335804768241675333e+01
6.967910891467985834e+01
9.624554351802892427e+01
6.434678587752098622e+01
6.095412247167424624e+01
5.469499509456934305e+01
6.422349840231268558e+01
8.473891856820063140e+01
7.953513553994750396e+01
7.209896718765385515e+01
6.726554490130556019e+01
8.324486737575628581e+01
8.319408148177382145e+01
8.324291262241253264e+01
8.221157793631968502e+01
8.303566382054719952e+01
6.392023470221398895e+01
8.007996659142602880e+01
6.253618679707086869e+01
8.386866544029560089e+01
8.337438659738570834e+01
8.633057484451377661e+01
8.161941768580328471e+01
9.407145807167424323e+01
8.210612447087575561e+01
8.891183296223614718e+01
6.287990124027527372e+01
6.031606803635500569e+01
6.000492476816811660e+01
8.482038907633756253e+01
8.276152991395481706e+01
8.222017316193209524e+01
6.148835481851475038e+01
5.745301566557522222e+01
7.260102065076448241e+01
8.716143953257945043e+01
8.157180129324177642e+01
8.342317512850800654e+01
8.426313010479313448e+01
8.510283577306280733e+01
7.803244729573489735e+01
7.751287898347054295e+01
5.843437800146259065e+01
8.421927464581627021e+01
7.947157672616857838e+01
6.061339373402837793e+01
5.490457301766824827e+01
5.518283518191251602e+01
8.183480400570432778e+01
5.385441787376251455e+01
5.573257229500987364e+01
7.855009627882536449e+01
5.830490756959884635e+01
5.854927353594200667e+01
6.159312304674963201e+01
5.270433708825166264e+01
5.831714035175921396e+01
8.772947167570998772e+01
6.235233069037712283e+01
5.763329456441793042e+01
7.286290776094379851e+01
5.717163348876853490e+01
7.940614685375416570e+01
8.068522768504323039e+01
5.819240732369467395e+01
5.720176191421887779e+01
7.986872820394657424e+01
7.803905414267204321e+01
5.387512521008540745e+01
8.124518963616249323e+01
7.887698203279219911e+01
8.128141690848617884e+01
6.074610543791114736e+01
8.254689994115740603e+01
6.979161761529518060e+01
4.580244825131556041e+01
8.195671213521846710e+01
7.696032039451340268e+01
8.118668696201368107e+01
5.607542530979031881e+01
5.360415147938953595e+01
8.120645738674659242e+01
8.170294777442120449e+01
8.881627249891580789e+01
8.241371394423104846e+01
5.579556278467867969e+01
8.187773040858569118e+01
5.121717985273236451e+01
7.660798184454503712e+01
5.568165764818091645e+01
7.797450080742214595e+01
7.768128308817347261e+01
8.427756913348873979e+01
5.808596994864267060e+01
7.758158828996678835e+01
7.974602865141791597e+01
7.906575558487936917e+01
8.188318315266263880e+01
7.979502155275658026e+01
8.079019512070688336e+01
8.423990264885605939e+01
6.013347607034479836e+01
7.887435866674971408e+01
7.939417967789295005e+01
7.147334784454140788e+01
7.233055189229686732e+01
8.362698010796778192e+01
5.557083650878944781e+01
7.718491429481844079e+01
7.476019646785010764e+01
6.016002461417679115e+01
7.335404202250401795e+01
7.844856964555283696e+01
8.214510272716887584e+01
5.881288231907439723e+01
8.029575058520686071e+01
7.872278463468946086e+01
5.812172015120647472e+01
8.674780990668898539e+01
5.165691536511624093e+01
7.942671339186244950e+01
8.633822440683997002e+01
8.194713946202945465e+01
7.847619964095537171e+01
7.166172619703340274e+01
5.429247205147229494e+01
7.115179785620196640e+01
7.459835828238489341e+01
7.799602492394079434e+01
6.068910776448433353e+01
9.247401814014320109e+01
8.430746059769185763e+01
6.071335135939764882e+01
9.398543274902858968e+01
7.804733487664404379e+01
5.888740341337426543e+01
7.805869262399237130e+01
7.265541138316820025e+01
8.601687867632662687e+01
5.240307566474994871e+01
5.165804367620255988e+01
6.047896761348395955e+01
9.881339005035144396e+01
5.986123141634431022e+01
5.567971969808550625e+01
5.618460659504268051e+01
8.315042326699617092e+01
8.784884169602884185e+01
8.298911594524241764e+01
4.597731526514717615e+01
8.540688350371060267e+01
6.951998131829130045e+01
8.848502072627550774e+01
6.685238846391855816e+01
5.824829625227747698e+01
8.541871794468531220e+01
8.718306559325192495e+01
9.245745261553044259e+01
8.642152306050638799e+01
5.835543586584296349e+01
7.738569653423294881e+01
6.596264813499658430e+01
8.249862307527529026e+01
8.532166952298247509e+01
8.475420323238149933e+01
5.753782974856788002e+01
5.668019136034980932e+01
8.846959894806144575e+01
5.759598679656558318e+01
8.121356701966196567e+01
7.896811582828594567e+01
4.079443435865184853e+01
8.510411385337555146e+01
5.932919794350819132e+01
5.121749704784213009e+01
7.123341894488432047e+01
4.738889844081074187e+01
5.878544356880924227e+01
7.997635128380647984e+01
8.519345107535011152e+01
5.166208075339447703e+01
8.467657578476567437e+01
5.043045221828761271e+01
5.029630599121408352e+01
5.610614388385808127e+01
8.132577501737017656e+01
5.192909188934026332e+01
7.936442741666741085e+01
5.308616928152786585e+01
5.824171287886706949e+01
5.293337358994489250e+01
6.148209896267761110e+01
8.532798038268136054e+01
7.830943592193325742e+01
8.469284812851145716e+01
5.482779193572594778e+01
5.654958121909344726e+01
4.929508625948817979e+01
5.395957273679196931e+01
8.261470614374462684e+01
5.963510825227452727e+01
8.425167807637402007e+01
6.926335838525226052e+01
6.428284397809557049e+01
7.257289983821834767e+01
4.619614313343269885e+01
4.505351423920913589e+01
5.133503671480596608e+01
7.566155257197387130e+01
5.597899494384573416e+01
5.978612389715350872e+01
8.677716080017953004e+01
8.287080859357756424e+01
5.607016322314348855e+01
6.055126218966920959e+01
5.663994449863304226e+01
5.795416490212908656e+01
5.920649468349812850e+01
5.286088050649235726e+01
5.856537476551562094e+01
7.818025319529758121e+01
6.547673277289052862e+01
6.880026457038763965e+01
5.742527120792905748e+01
5.798999270094488168e+01
5.700461515729495687e+01
5.618771654831260065e+01
9.315614949959376645e+01
6.245754814243444741e+01
5.808282682368906080e+01
5.534965975011805028e+01
8.213391561574017885e+01
7.893991997763242807e+01
5.571152637334932933e+01
5.964649679772702484e+01
5.894662436125263127e+01
5.410164420620073855e+01
5.777327212608123119e+01
5.423122809033696257e+01
8.167765161351272241e+01
5.627160976748432830e+01
6.149438093401215610e+01
5.529069763242627999e+01
6.160067417128421852e+01
5.561062399900231412e+01
5.869786177170848873e+01
5.895282438974989248e+01
5.656667099035749402e+01
5.402548291468838926e+01
6.959804535270200176e+01
6.197682900505878223e+01
6.079857380650192056e+01
7.805957344595508118e+01
5.827164648296461991e+01
5.379687475608936609e+01
5.644752232629206645e+01
5.440042126276724588e+01
8.579809372267942535e+01
6.414451085614510362e+01
4.580136362620603308e+01
7.665876722766415696e+01
5.484842228690781951e+01
5.655945454252925941e+01
6.692269769659473866e+01
6.246758834880299815e+01
5.442024386059298280e+01
6.174729104901517474e+01
8.514720173237566314e+01
5.782626648818418857e+01
6.034136422660770904e+01
9.259129614603310188e+01
6.114825926123852895e+01
5.878137218215242399e+01
6.903388081435376478e+01
8.635732756247644204e+01
7.518232920304765798e+01
5.696520568227341386e+01
8.692405174401584134e+01
5.586114059042451174e+01
6.232048335722595311e+01
8.378363475143257233e+01
5.787720802398254705e+01
6.062410241021417789e+01
8.123453359446548916e+01
8.867547045194234556e+01
6.575856087340102363e+01
5.849796402556655295e+01
8.670439355612639076e+01
6.101242742544614828e+01
5.785388097526291773e+01
6.680975960857833229e+01
5.777303887896472645e+01
4.815386213343834498e+01
8.687340920262880672e+01
5.809836821496323722e+01
6.924946646426118946e+01
5.659106065857969270e+01
7.865858721839420298e+01
7.103790286503513585e+01
6.311100062372219810e+01
5.356828733942471388e+01
6.657339132725189756e+01
5.776913166075598127e+01
6.096165979719598482e+01
5.515694901166524744e+01
6.051968916727783920e+01
6.501057204334055939e+01
6.024302788168316170e+01
5.946107841866095356e+01
8.013140808930121750e+01
4.797687026660783971e+01
5.159184887978357636e+01
8.330915216579741411e+01
5.661076133439854630e+01
5.796568726393061866e+01
4.927615196071406700e+01
8.577557622041841512e+01
7.030213138603504319e+01
6.172365534887205030e+01
5.829774807711631013e+01
5.912311464188005061e+01
5.298034721198807517e+01
7.473220058723970283e+01
6.285461428188735056e+01
5.211540240544751867e+01
6.055151625756467837e+01
5.803956246837127253e+01
5.252986217775719524e+01
5.770304058289612925e+01
5.626002287821361136e+01
4.490031154748243836e+01
5.814766812502691096e+01
8.680022065747019155e+01
8.242754480823809615e+01
6.164684755063063193e+01
5.747037128044014054e+01
5.765055240965615724e+01
8.337477275991012959e+01
8.140299439638988588e+01
5.993938316031149327e+01
7.969620569195795667e+01
8.309162250738222610e+01
5.835123265027198158e+01
6.383209037572783018e+01
5.327657821088675405e+01
5.116405940671511132e+01
6.086787642726658731e+01
6.149775801936576869e+01
7.034536034348705869e+01
5.857446870982595755e+01
5.836859235137028179e+01
8.413167362318378650e+01
6.046848817236148932e+01
7.109407239934189704e+01
5.836396786671981829e+01
5.560797124591852736e+01
6.650066054734979559e+01
8.778346499208579701e+01
6.127901370270146941e+01
8.641906300366733262e+01
8.608422690529731369e+01
5.550625266862643770e+01
8.619358806110453486e+01
8.081234905321555573e+01
6.082010173858520830e+01
6.202391644991841702e+01
5.658847405054258672e+01
5.786861742104490958e+01
6.440601244288660610e+01
6.799286464420745801e+01
6.065030445743769860e+01
5.650071008940569328e+01
6.159219733301330280e+01
6.600366345461212347e+01
6.947138731937984346e+01
6.035765401422089127e+01
5.899113200664738343e+01
8.230886702405112487e+01
8.367790584297321743e+01
5.589357877273023689e+01
5.951180201622614163e+01
8.466022681932874150e+01
4.919868716123714592e+01
7.011555625160823979e+01
5.159514451336445973e+01
6.437418952203699973e+01
6.566913882141136583e+01
8.338698038266353763e+01
5.783739309290729835e+01
6.090337906033029469e+01
5.900318138387298461e+01
5.780236095532337259e+01
6.817187503188925746e+01
5.977704028464057018e+01
5.943543316983875258e+01
9.210686527571036208e+01
6.007101956956699951e+01
6.831900034056452853e+01
6.209336676404528532e+01
6.116461945078312823e+01
5.719959373614655362e+01
5.726060544299495803e+01
5.586085743541295301e+01
5.981156724801419244e+01
6.052259974625662409e+01
5.104526283975553014e+01
6.267961811682932449e+01
5.814580406311159777e+01
5.470281230477290535e+01
5.050693476476568833e+01
4.070226115689025903e+01
5.509265692114592383e+01
8.121785037540351482e+01
5.946771989425393912e+01
5.799498598331884835e+01
6.146371623498701808e+01
5.863415057817190501e+01
6.085217030946603955e+01
6.539243200159459946e+01
6.888316830525914725e+01
6.326898228761386633e+01
6.166939549607936755e+01
5.684755535535472148e+01
5.756776787577980059e+01
5.609077815056929950e+01
6.574842825609567853e+01
6.331954586172552268e+01
5.842524271884104081e+01
5.424427148856551639e+01
4.941035826955192789e+01
6.132379918914244854e+01
6.202739163367602515e+01
5.802366551695256902e+01
5.949712511675966908e+01
8.007809473143160517e+01
6.066368956602747176e+01
5.827177161077713663e+01
6.453850316420991362e+01
5.446668895344173933e+01
5.970544790056347040e+01
6.039906114554377581e+01
5.812008955093735807e+01
5.245339778136628439e+01
5.233424348192283304e+01
5.164099043733938998e+01
5.575166346683359109e+01
8.148496636660057391e+01
5.562708351385922612e+01
5.268866023854824476e+01
5.045242876140095944e+01
5.819736029536744581e+01
7.099034013925815145e+01
6.278274147643549696e+01
5.648856225813264587e+01
4.983540399807621668e+01
5.737567101640473055e+01
6.577294963184790788e+01
5.872053112153097487e+01
6.044375263130363152e+01
5.596550647315167737e+01
5.990291921517438567e+01
5.143907527800303825e+01
5.656728391112942944e+01
7.038992102220272784e+01
6.410461169671926029e+01
4.763790038345688771e+01
8.448723986465452640e+01
7.941269708709089059e+01
4.978842751711074754e+01
5.785693986067067840e+01
5.628692679085630601e+01
5.125864228766904773e+01
5.757045430827084687e+01
4.840984111327295381e+01
8.414000133600278275e+01
4.668579929282044105e+01
5.203628160202202224e+01
5.895936120595754204e+01
5.100219279596493038e+01
4.616381856727322486e+01
5.682731557393687183e+01
5.825461111878701814e+01
6.102052830361340341e+01
5.257147833097020850e+01
5.960484086080023758e+01
5.467984188772193477e+01
6.263131007035174491e+01
5.720063870391632577e+01
5.020846855110109885e+01
5.999653670010537354e+01
5.268321935746583051e+01
5.746192548002281342e+01
8.387682673122309041e+01
8.621602562789179558e+01
6.133870865479079271e+01
5.641617266291319055e+01
5.720977902053132169e+01
5.774933209844048321e+01
8.161354883116577241e+01
6.022770550657933342e+01
6.046204042525564404e+01
5.616075438640392292e+01
8.737802698403966417e+01
6.543433117877674476e+01
5.577796702237875337e+01
8.500317721417761163e+01
5.763125570057857061e+01
8.525438185537022662e+01
5.482823220531014385e+01
6.819521324247888572e+01
8.394876928291864715e+01
5.595554682218956088e+01
5.638178390152552311e+01
5.755267949883935330e+01
6.766746205681501181e+01
6.792428351182215351e+01
6.395754557884574609e+01
7.928616396267112520e+01
5.545032556951883862e+01
5.215077718938678686e+01
5.177483472889194616e+01
6.144252610292426198e+01
5.976801375740360101e+01
6.238564609419982077e+01
6.255289475704069702e+01
5.970476568986368449e+01
7.882902908805230879e+01
1.058471090519348508e+02
5.655867155796011048e+01
5.570410818730108815e+01
6.754196517734973781e+01
8.118006147483832535e+01
8.192086605807534738e+01
7.431875882285926593e+01
5.376717237391475379e+01
5.112348053838611861e+01
5.369187045220564158e+01
6.499431249101138519e+01
4.962871849305970784e+01
5.672496119378395463e+01
4.477550634301861976e+01
5.407510149121145560e+01
7.650929272516357571e+01
6.845177902715161622e+01
5.802439245124022449e+01
5.753564042143162283e+01
5.905671565442600723e+01
7.352782368313523875e+01
5.421186663776556003e+01
8.252302130035822358e+01
5.614833227200597321e+01
5.743378848861023300e+01
5.856784590576786798e+01
7.484405675096186883e+01
8.439446782318897533e+01
8.307861351920000459e+01
5.970871606495425965e+01
5.839470100736005520e+01
5.690423885775187784e+01
5.989977711392523219e+01
5.389307110887234131e+01
5.965903942962656004e+01
5.883646293575857555e+01
5.831779620274483733e+01
8.537440897328143308e+01
8.620572663185556905e+01
6.422416116598466829e+01
6.030794674595841798e+01
6.088024545398635468e+01
8.259755133266131111e+01
5.892744876539949672e+01
5.571914822913748111e+01
6.609928141562548376e+01
5.821803138375966569e+01
8.396296459147610847e+01
5.996614902079438281e+01
5.596354232928986505e+01
5.421792707898732289e+01
7.425412355191178904e+01
5.411536795258979993e+01
6.800654699500606171e+01
5.097051871124587308e+01
5.587184905062233042e+01
6.153064198033793275e+01
8.050633302778574318e+01
4.251863044535850378e+01
6.094152074507550765e+01
4.814921683932581686e+01
5.978226717093679099e+01
5.826412418013205041e+01
8.297589717467614889e+01
8.745738071399318869e+01
6.394721884034278503e+01
8.645126493583758531e+01
7.061798358536817943e+01
6.196185768407558214e+01
8.392949911040855682e+01
5.946929864436258839e+01
5.474458470245384945e+01
4.984668786535596041e+01
5.706233333920587114e+01
5.924551660142616072e+01
6.356578606147068200e+01
5.460172190132154668e+01
5.307571021662376154e+01
7.104275116944164381e+01
6.099628464442726283e+01
5.614289111168700686e+01
6.767974202404670336e+01
6.068446618619775279e+01
5.654524918607583572e+01
5.265497512739014496e+01
5.903673845616287252e+01
6.538281415784474859e+01
5.861224524562830140e+01
5.909840032268854770e+01
8.443567455817176892e+01
5.188207322773676822e+01
5.646185334811114132e+01
5.645938059519745167e+01
5.062064846359560732e+01
5.715003517744136730e+01
5.792023757125354422e+01
5.776432466627151285e+01
5.852903462408075086e+01
6.122170342697561551e+01
5.574660730673902975e+01
5.659683881645948134e+01
6.280690944323632152e+01
4.591104963092138291e+01
5.912834413943426171e+01
5.646867258428937930e+01
7.096206200203447167e+01
6.097870660356868910e+01
6.498482471605625221e+01
5.896533054826242903e+01
8.243133913680922831e+01
5.752401762490126913e+01
7.946258335879743129e+01
6.031154128023214867e+01
5.679889275171057506e+01
5.896265571286028262e+01
6.125126319084777293e+01
5.625219829736178667e+01
5.904797596584537445e+01
5.730044479658862144e+01
6.158783983641263404e+01
5.814928995591581184e+01
6.491569800562584192e+01
5.434417309663905371e+01
5.552357058122726130e+01
5.571158158344707090e+01
5.808743509544486727e+01
5.806081384955123070e+01
5.820663667328141599e+01
5.637235292672571774e+01
5.517824806140408356e+01
7.725667056931095544e+01
7.015665571029882130e+01
5.745030765827596042e+01
6.793148780032952061e+01
5.070261472046668416e+01
8.097594442425250350e+01
5.900985401850959988e+01
5.762379838929343379e+01
5.685012899893944649e+01
7.131332754461519130e+01
6.985176729746898161e+01
5.712244958640373227e+01
5.019775148255476438e+01
6.901366009606400098e+01
6.137037073927626807e+01
5.323375610400307778e+01
7.319213511888942492e+01
5.783680181099720130e+01
6.874751246760685319e+01
5.704756374282380449e+01
6.296459775626141919e+01
5.719478291341656018e+01
5.707167047854379405e+01
6.616372991811056181e+01
5.769586414212756154e+01
5.756134260909162492e+01
7.804838861484094537e+01
6.476684282654366598e+01
5.730393971590890345e+01
5.661483725369645015e+01
6.187848373875326757e+01
5.385109476113805016e+01
7.223398315860536911e+01
5.027884224181816819e+01
8.894241058565147284e+01
7.081549866492672152e+01
6.088083632356944008e+01
5.950045813169519704e+01
5.344778899866933131e+01
5.935235742945999249e+01
6.832135083940021048e+01
5.895017956394448788e+01
8.279134760128859227e+01
7.217062053080269379e+01
8.337501370414922519e+01
7.010429492464038503e+01
5.170861345341418769e+01
6.723783673092678725e+01
1.215477424854284152e+02
4.939887193920684894e+01
1.168596435864190113e+02
8.808976306272629131e+01
8.561814938077154125e+01
5.953095121200744444e+01
9.383752286204702386e+01
1.129439744956628999e+02
6.982860520697866491e+01
1.034969447766272452e+02
1.268583315817439541e+02
1.245041491025735496e+02
1.289557179586061579e+02
1.052670507945097285e+02
1.283485441013265813e+02
1.308613466496262276e+02
7.631032320612339959e+01
5.578041930500096157e+01
9.917687945756759405e+01
1.122068166913025351e+02
7.851638153376630669e+01
9.811663342001361343e+01
8.313103399832345985e+01
8.734848769090747567e+01
1.234034356351458968e+02
9.442456537604076061e+01
1.027845379016333851e+02
1.109897499754555668e+02
1.152588621089512770e+02
4.713998347306072390e+01
1.032980733499537962e+02
1.006401719759097091e+02
1.294194939270552709e+02
4.256827210936774009e+01
9.213867640121559077e+01
9.417806788362787529e+01
7.484211113206902155e+01
7.198280736582422890e+01
9.338769151518286549e+01
7.279526767197518211e+01
9.174065064582427453e+01
9.757321555756075782e+01
4.587013609278834991e+01
4.651731758397449568e+01
1.272472892814063243e+02
9.482477347549577473e+01
1.340229554345050076e+02
1.182382350478762305e+02
1.069269807211481975e+02
9.133976290169798062e+01
9.512673106096364961e+01
8.575978390301594345e+01
1.273142861369178291e+02
1.091373837499058084e+02
8.615872195965611979e+01
5.319893379725698423e+01
1.318791635757648919e+02
1.244461160163900075e+02
1.317153744372584754e+02
6.243957121576679015e+01
5.954034880290481624e+01
6.685827595431949533e+01
8.587692823668170661e+01
1.154469741420372344e+02
1.085437625924289762e+02
4.871489342349651253e+01
1.246340147036537473e+02
7.627331576207338060e+01
1.125862343469736544e+02
1.148857080727720330e+02
1.175573237097484878e+02
8.035390179858151782e+01
5.058641487075006182e+01
9.696213977905783565e+01
7.822292928771754816e+01
6.770971890686365668e+01
1.293747383633077845e+02
1.034358430383528002e+02
1.199598223538388311e+02
6.027831679249245411e+01
7.928865102969709255e+01
7.731190839223590672e+01
9.274892814243752071e+01
1.123129313187306479e+02
1.147157150272160493e+02
1.080647826232129205e+02
1.290093667139727529e+02
1.147301198998430749e+02
1.121189409041370766e+02
8.055573296575744280e+01
1.359981107082038534e+02
9.613865926053637168e+01
1.352616215496283587e+02
1.185912682014634498e+02
8.578398364836115775e+01
1.128744065109510615e+02
1.064910871535342807e+02
6.989238070528070068e+01
7.014117723884227473e+01
1.325793995540780372e+02
9.212177845963891798e+01
7.815339910663195155e+01
6.472123918272276910e+01
1.127137509525992982e+02
1.192498647127558229e+02
8.027266422197662621e+01
8.483447355293625947e+01
9.699878238207672609e+01
1.189669308517566151e+02
1.033149036124905962e+02
1.182266783413505635e+02
9.036295025281772553e+01
1.179632518149383600e+02
1.173189207849974736e+02
1.179383501500847018e+02
1.170548903974072061e+02
1.149252702253425156e+02
1.077100554216403339e+02
1.192578909866213195e+02
1.151730503872526583e+02
7.982936585335693280e+01
1.167665820251752820e+02
1.171357377521338208e+02
1.169964613367019268e+02
1.150690925933966469e+02
1.152992187813769647e+02
1.192055585632416808e+02
1.154189633892972893e+02
1.163359804250568175e+02
1.120251628483904227e+02
1.155657112545573568e+02
1.328585945288914729e+02
9.843202893281126364e+01
1.224917939235893414e+02
6.141859765507821578e+01
9.753064350610247857e+01
9.048037953519774135e+01
1.116346963574439854e+02
1.123343312764073687e+02
7.030381510912287979e+01
1.095620283819069840e+02
1.165023627545409965e+02
9.760194689593970452e+01
4.815627217983214337e+01
1.284388746219174777e+02
1.154436901103487116e+02
1.186943955310705974e+02
1.301001677313398659e+02
1.327347738166085946e+02
5.202581625063116633e+01
1.282606564304873586e+02
1.174533958354195278e+02
1.146904601723729371e+02
1.252068297080539452e+02
9.888397231543279986e+01
1.025707158274373825e+02
8.924759513248480403e+01
1.281732451229176775e+02
5.138464364325535882e+01
7.856752678259861966e+01
5.676689694800093378e+01
1.092677911289012229e+02
8.140076242415346996e+01
7.550749493490536679e+01
6.024285995067010901e+01
8.170400646913132903e+01
1.166195513029740312e+02
9.405066313656648447e+01
1.214846948792617809e+02
8.380258791948371311e+01
1.135681556807476937e+02
7.333627791761611547e+01
1.201101906170386684e+02
1.325683616796991942e+02
9.042931226489865537e+01
7.839597581492172651e+01
4.373124488096254225e+01
8.233452308579911971e+01
4.768280108596916023e+01
1.195928909173739783e+02
1.192738752889127340e+02
1.316512566875112782e+02
1.131983875823136287e+02
8.228503849366056500e+01
1.258827460695934377e+02
1.248212015726779356e+02
1.303991015305679184e+02
9.697511952522641820e+01
1.265194047608776486e+02
7.881088187235073406e+01
7.886767166167176413e+01
1.271420008218009201e+02
4.468399006027463827e+01
9.915885786146178305e+01
1.168252204565845886e+02
1.317618855339073889e+02
1.327943309082271242e+02
6.127654300432787693e+01
7.986010510999999212e+01
7.664454088459808645e+01
8.616521693152405703e+01
1.159010757743265714e+02
9.755042831817785043e+01
1.197350655774527155e+02
1.129320652345895866e+02
8.067134939790732062e+01
7.580847751655592504e+01
1.200822928124230771e+02
6.975149636042191048e+01
1.315964867481714293e+02
6.545700446079558787e+01
6.880378153508351602e+01
1.134721761733598839e+02
1.340277662449618958e+02
1.287342641620566042e+02
1.317517660653147971e+02
7.921909168199582041e+01
8.908336756536667167e+01
9.704678928254196535e+01
1.304614658313382165e+02
7.159735118297113843e+01
1.290646522875569531e+02
6.596589049074040645e+01
6.251142845987397578e+01
8.524942311057620259e+01
7.820943301241594270e+01
1.246912592611361958e+02
1.224313822005729264e+02
8.002234684807351073e+01
1.159094200946631190e+02
8.821438263458929896e+01
7.162783893675450031e+01
9.913801908360439086e+01
9.442259826253916799e+01
1.034371326072053421e+02
1.331454090623142861e+02
1.104879723966660947e+02
9.449450948360546931e+01
1.062008602723943795e+02
1.260786202015664230e+02
8.645772455066484952e+01
9.851876794565446005e+01
1.215824550531446135e+02
1.311187911681945479e+02
1.009986535620023602e+02
6.959690285763532813e+01
1.324102616049098060e+02
1.158307292848704719e+02
8.782119755730131772e+01
1.006067223078840414e+02
7.630264810530792374e+01
7.168132216387971312e+01
1.256073048105212990e+02
9.603057987657955152e+01
6.470826931828474926e+01
1.318785869790487766e+02
6.668956206035896628e+01
1.239569168487042390e+02
1.140899498301395312e+02
1.058584879071666194e+02
6.821887559822614833e+01
6.060834817179820533e+01
1.210155013141993692e+02
1.096975929919545507e+02
1.197854848745210745e+02
1.141717203174872708e+02
7.107388474510644016e+01
1.118678885760113957e+02
7.418768658296717433e+01
1.103868516431253823e+02
1.232124741395902561e+02
1.299650408269679644e+02
1.143935873251647024e+02
9.499113616548952166e+01
6.288969004547004005e+01
1.101297832737572975e+02
5.370060030864067357e+01
1.220674635214714954e+02
1.019944940173422339e+02
9.646905096662540302e+01
8.602953727244273807e+01
1.198453268378742820e+02
8.994359522697905618e+01
8.372871039657506742e+01
7.822840432129328292e+01
1.101117455994470333e+02
1.270225808488654877e+02
1.289402807181734545e+02
1.296288743814817224e+02
1.202919023402933476e+02
1.193850310053441461e+02
1.324678231868623186e+02
7.442476373406374535e+01
7.643624841049630447e+01
8.024684081213617048e+01
8.136904463404826515e+01
1.132980809050922915e+02
7.971164094819734203e+01
8.180346368082912534e+01
1.248523300830636487e+02
7.894231364587432154e+01
8.381464806480781249e+01
1.073498096003001478e+02
1.046159809382265280e+02
1.313183384217150262e+02
8.899964388950461114e+01
1.135039473251252105e+02
7.529175751625233204e+01
1.128344112594655115e+02
6.645119943822317055e+01
8.208320777629627685e+01
6.529996472448588918e+01
1.324254775397085098e+02
1.071611166078923958e+02
1.016123739528034804e+02
7.967585178029969484e+01
1.256017945443224733e+02
1.208782779044939701e+02
1.195731809393139855e+02
1.269501382955451305e+02
1.006142553482833506e+02
5.091660963002079399e+01
4.276941323096827574e+01
1.006032787725429358e+02
1.226717794407321804e+02
1.292747625798590434e+02
8.975787198421076596e+01
6.982753577627930497e+01
1.278065942923147702e+02
1.056348048235416570e+02
1.071461182023744954e+02
6.211263572495850127e+01
1.278863572225959331e+02
1.276118331762695561e+02
7.659378003335800145e+01
1.264919703803590920e+02
1.357043358535527773e+02
9.504317800993678134e+01
9.052516102929455144e+01
9.695008552108134836e+01
1.323485562799335753e+02
5.797611981300582329e+01
1.194086864139953690e+02
1.155798246454719447e+02
1.265417210614885732e+02
1.273300353495597079e+02
9.659897691234560568e+01
7.942536002190925615e+01
9.398435477236688484e+01
1.229002011555289755e+02
6.850712653468276869e+01
1.184710241937150528e+02
7.906237195060747069e+01
1.187631490897419013e+02
7.935372020650700620e+01
7.506067871796028612e+01
8.716872784851342715e+01
4.282865589657794914e+01
7.075264228438386738e+01
6.210141551791809889e+01
1.331421502009279436e+02
1.207145245771535116e+02
8.648407918179213993e+01
6.026665382532856796e+01
1.287054942579956389e+02
8.179556773369436939e+01
9.076060306295062219e+01
6.910775289538717914e+01
9.344097302466008159e+01
1.252270342753062806e+02
4.385602701073547394e+01
1.214746885963707115e+02
7.996376694664948559e+01
1.065414077970105069e+02
1.083622068441156898e+02
1.194501799857568898e+02
8.732904623722156146e+01
1.241503709086461100e+02
1.150212142996565632e+02
8.805247204728200927e+01
1.198064047068058926e+02
8.316680152073580246e+01
7.030454908502581191e+01
1.171809779886701932e+02
3.868249879033957939e+01
7.769295643478943703e+01
7.314699387587018009e+01
1.199602073796537383e+02
1.033054550522092683e+02
1.127030089586755963e+02
7.934628428502749387e+01
9.482945368408323361e+01
9.855534232297762287e+01
1.230544266885822111e+02
7.907683126083020397e+01
9.198662806500783518e+01
7.531617087197970761e+01
9.486317007742708540e+01
8.035399144570625651e+01
1.025571247571070614e+02
7.905913876737922408e+01
1.119161217397548711e+02
9.296912673756419565e+01
1.028450979419319253e+02
1.128719304403572181e+02
7.664824721175564548e+01
9.360800720388934337e+01
7.893577402301090729e+01
8.876534489423153218e+01
9.410839007568471004e+01
6.152507425059256718e+01
8.031002929143765812e+01
8.382910450398918556e+01
9.878732026641358743e+01
9.260583181680715370e+01
1.159349164440617130e+02
7.145765285155259505e+01
1.007088939274101023e+02
9.227862835354208926e+01
1.116687875127777119e+02
1.282199682619318537e+02
1.337690496260240138e+02
1.204471210866638842e+02
1.282087570093937927e+02
8.344340304478720327e+01
8.265304668161306267e+01
8.085094211738721981e+01
6.095866335975974692e+01
1.273086698370680949e+02
9.557392610863661275e+01
1.262347690979755868e+02
4.776609863119996646e+01
1.170237651998083521e+02
1.168574077748370854e+02
1.089591959938795327e+02
1.179767988046951928e+02
1.188195000611322314e+02
6.277561758712280238e+01
8.935401838959067788e+01
5.108802721478464548e+01
1.024819272010763740e+02
8.729365338583411926e+01
1.178706923250127119e+02
6.856572308026537144e+01
5.809740230975879172e+01
1.022483666799852529e+02
1.322679361330242216e+02
1.021357657727729560e+02
1.284457160251315315e+02
7.065843561618255819e+01
1.053783780317155703e+02
9.404894423125954006e+01
1.289310537575729825e+02
1.013076009667722275e+02
1.314027922123544272e+02
1.195035284966272826e+02
1.153405022616458524e+02
4.745335375031375236e+01
1.289210146869969265e+02
1.009067172912557453e+02
9.276641439225703323e+01
8.878921261599462866e+01
7.998243915415763183e+01
1.263837732437973074e+02
1.290137644150378264e+02
4.177522858030020814e+01
6.801084503135297155e+01
1.271441793318136320e+02
1.326383539205822615e+02
1.333450640651415426e+02
8.025311677714549319e+01
1.049004208452881102e+02
4.986045862384909810e+01
9.813423745824692901e+01
1.311118398266943927e+02
8.070377696232597486e+01
1.198248538215713666e+02
1.040738891103844850e+02
1.088660575828993160e+02
8.941959914845142521e+01
9.638962014296441794e+01
1.285777860916367672e+02
9.036875867576208066e+01
4.604498604594886046e+01
1.238746686715867753e+02
9.716014536536216895e+01
1.119798213645464386e+02
1.244720439492822521e+02
1.284150645139408766e+02
9.109465430341724357e+01
8.912363220596724034e+01
1.059904045683966984e+02
6.919892070498222836e+01
7.869329519118227267e+01
8.076017821290210463e+01
1.318167468834519980e+02
3.791951024377014079e+01
1.294396617192018937e+02
1.224239477491581880e+02
8.281062622668635242e+01
1.025199200107864783e+02
9.227817866918596224e+01
9.854829919267355365e+01
1.317756679022872106e+02
1.125744838947637874e+02
1.003456902007399236e+02
1.311320868922143177e+02
1.045720600633591459e+02
1.041823858112466894e+02
1.310575287097611010e+02
7.840826918868980044e+01
1.017264107711387595e+02
1.317160983885912344e+02
9.873617752023631056e+01
8.525628008972994110e+01
1.294692084280397921e+02
1.323336777977032170e+02
9.504994322832435216e+01
1.152934199108224789e+02
6.705402882234942297e+01
9.640874999645178889e+01
7.664491655502858691e+01
5.061307289731104220e+01
1.313094249346118829e+02
5.654185944934801000e+01
1.118463801734580443e+02
1.104505142596180889e+02
4.039072821944515113e+01
9.938290055740019113e+01
1.252679569905843806e+02
5.536742773165008202e+01
8.287534315673678975e+01
4.381756681869531178e+01
5.716329384046742490e+01
9.247950072580466951e+01
1.131056877363684379e+02
7.928210669528372989e+01
1.055848706451305787e+02
8.013260089287095411e+01
1.150803159288108475e+02
1.329952261280215282e+02
4.476010870078566484e+01
1.111853121211873230e+02
4.260492879130720922e+01
4.076141706566398426e+01
8.742149397375531805e+01
4.676678375003344001e+01
1.144157246364266456e+02
1.220897270712037397e+02
7.627475852060057093e+01
1.006119166911257565e+02
1.005139600557468640e+02
1.349907137288620333e+02
1.070881067383324847e+02
1.104088187862937929e+02
9.294256323122175445e+01
8.406616782502167950e+01
6.896024810273314642e+01
1.155817826286067600e+02
1.190690018687797078e+02
7.247552937771558845e+01
1.290523889595477840e+02
7.196578001410864545e+01
9.609333078720847254e+01
1.280019038208540110e+02
7.988687324793903599e+01
1.071092328355467487e+02
1.173766633620866742e+02
7.407052537327436426e+01
1.018156280951647261e+02
6.288268304619214177e+01
1.224949832438426682e+02
9.163959237151186699e+01
5.259469571127107912e+01
7.515137631552411790e+01
9.952835637537066305e+01
1.329749898042757934e+02
1.283602039937240136e+02
1.021981148487214170e+02
9.238264536991958664e+01
8.232077126217323837e+01
1.302384133121371406e+02
1.203474688391366243e+02
1.295396026799503488e+02
1.197126398589825556e+02
8.409177261265561754e+01
1.057506798203687026e+02
9.986559874445121920e+01
8.428795161489703958e+01
1.135422877631218341e+02
7.949158547226463156e+01
6.240564472769027304e+01
4.399673515454743722e+01
7.893157626295727880e+01
1.185258717082335664e+02
1.329259803365187054e+02
1.332112109178140145e+02
8.134047719569910839e+01
1.032205524533569871e+02
1.103346949815859830e+02
1.168337416758975564e+02
1.286430879704043946e+02
7.012281770640403522e+01
1.327428316577325518e+02
1.145834465174274186e+02
1.054928117962354293e+02
7.736063802906521403e+01
9.415762653685415273e+01
1.156137518143155916e+02
5.349518010538948687e+01
1.204873052661103685e+02
1.171969451212206934e+02
1.227577850675484825e+02
8.672966707836422984e+01
1.089682721541755086e+02
1.035589494343907262e+02
1.244027111378180308e+02
9.193142180816597886e+01
1.305593058330099154e+02
1.211378779473882474e+02
8.435910143765532609e+01
9.766364002206077544e+01
9.807489670566297946e+01
1.007674172899192371e+02
5.080285353377927038e+01
8.143445256437716750e+01
8.213332308594443987e+01
1.003556107539542239e+02
9.727406152319839805e+01
9.505448106233252759e+01
1.063195429316980665e+02
1.046252828371327865e+02
4.039334404558352531e+01
7.388854816191233965e+01
4.771542492665747659e+01
9.219635591529944918e+01
9.754838037008882168e+01
9.674945618143469517e+01
9.796118336481569600e+01
7.826589101581599550e+01
1.011450502329364411e+02
1.297842759935570029e+02
1.141687320770432450e+02
1.196984577527707785e+02
8.056304666104983880e+01
8.197598336496447757e+01
1.248232211581027116e+02
9.748371775095486669e+01
8.230936629739090904e+01
9.741794731023601628e+01
6.065788848255728993e+01
1.034854609693017835e+02
1.112427696567979751e+02
9.390352452908311420e+01
1.305805107535391016e+02
5.524451820890767095e+01
4.286615820754013839e+01
1.256426800923618288e+02
1.180001816178826175e+02
1.300608212453161059e+02
1.311811314903287382e+02
1.053788704002842280e+02
5.308638355476005444e+01
1.151060301123636691e+02
1.111825001646399897e+02
1.000947399291314923e+02
7.734774235811239862e+01
7.467068558699166658e+01
8.614192737986937232e+01
6.177882259396758968e+01
1.320608830650551795e+02
1.166948799730741655e+02
9.482592407960814285e+01
7.391836202817317769e+01
1.045072547188056262e+02
8.881811254735818295e+01
1.237032929549066296e+02
7.877618036042993310e+01
1.142456550262019874e+02
1.005332787272723039e+02
9.118140409549724268e+01
9.918777572673290877e+01
9.935759899458203392e+01
9.183131104576101222e+01
1.043553265885142878e+02
1.316005717437504927e+02
1.318400445049774135e+02
7.916881030739727976e+01
9.193239992518293491e+01
7.555422128188949671e+01
8.095392192183483360e+01
7.399803674983084534e+01
9.929733246371179689e+01
1.152572761251495734e+02
1.196599117759316471e+02
6.732503724248597621e+01
1.018770208992344379e+02
1.246309411365808870e+02
9.962590057352940676e+01
1.257544280042615128e+02
1.181301303176288968e+02
1.259404942944521224e+02
1.064443848737420808e+02
1.080840937883082802e+02
1.223485118580342146e+02
1.214904150401506229e+02
1.170062540616843876e+02
1.199972834555266701e+02
1.309621742988020401e+02
7.158159961010358074e+01
7.528006092897919643e+01
1.141853538072814445e+02
1.246056894075609165e+02
8.748913261728959867e+01
9.577824955794692130e+01
9.582864469831818610e+01
1.002020106855638204e+02
4.237407158729895684e+01
4.195049224954975386e+01
1.268171278261939818e+02
1.249362918584643438e+02
7.488971630062873430e+01
1.320066268205088988e+02
1.146304834586747887e+02
8.523764017161006734e+01
8.882705720004439343e+01
7.557705031988628264e+01
1.214356424215080352e+02
1.069872186024174994e+02
1.066277129850795689e+02
7.005980175428895507e+01
1.300648564099656141e+02
1.187520554832948392e+02
7.398465426188299432e+01
1.325903826738846192e+02
4.191932957746449517e+01
1.254297150417353635e+02
1.295828468960390012e+02
1.324579532358828544e+02
1.269281714093596918e+02
1.038791945951081317e+02
1.219615174373473820e+02
1.242195557085983495e+02
1.260072979815224272e+02
1.125326036689567957e+02
1.314106797393188515e+02
1.282024975547034842e+02
1.224613519648276707e+02
7.001701432403680769e+01
9.401431265965598527e+01
1.257058375094946001e+02
1.261895605793315411e+02
1.307423860609959263e+02
1.165784304690538988e+02
7.221651024711871969e+01
8.084412496327243502e+01
1.132723698436443982e+02
8.740259037142045884e+01
5.625042193818106995e+01
1.209490015064715891e+02
1.319308204496454664e+02
8.339156726251968621e+01
7.352438433804366014e+01
1.373204593090117669e+02
9.363101669504654012e+01
1.294707161702212090e+02
9.381081828511581477e+01
1.313473445356887623e+02
1.306637616922036216e+02
1.079770762246584610e+02
1.112779885315525377e+02
7.969994498112869508e+01
7.192291997408761972e+01
9.594090941683280960e+01
1.018558670591305457e+02
1.077954304738912725e+02
1.285591947242236301e+02
1.316186736053622610e+02
1.248135459737613502e+02
9.485830597049542234e+01
1.079921009706580719e+02
8.663401198381585289e+01
8.843933218515843464e+01
1.139724325575276538e+02
1.243947953150543526e+02
1.245789015670484332e+02
1.291618759891910599e+02
7.272663963567767098e+01
1.257662781183199741e+02
1.308038274981058748e+02
1.031490698199601042e+02
1.307232664899114241e+02
1.210795644038195604e+02
1.153957595173492194e+02
1.211041742231653444e+02
1.056896482434114546e+02
1.341356704928300871e+02
1.239355429777476445e+02
7.618107055273895867e+01
9.072323674271974880e+01
1.140131835416354278e+02
1.236449121931152746e+02
1.088165042297445240e+02
1.216942876389823738e+02
1.308252893333507245e+02
5.878098146149046244e+01
1.165704338548108012e+02
1.282048003735117732e+02
6.088139543708008006e+01
7.791742884680640202e+01
1.012526981555160575e+02
9.941918371217221306e+01
1.227089134712759630e+02
1.090232579552932748e+02
1.131577250410368123e+02
1.324845280880104497e+02
8.687264283128249076e+01
1.296560013490460506e+02
1.296458363646302416e+02
1.309341693024556434e+02
1.144150599376527850e+02
1.297971664951712398e+02
1.272021697922900927e+02
1.044156948960801259e+02
1.323314679677402239e+02
1.300130515330680794e+02
1.297223409999782575e+02
1.290975023328621205e+02
1.300809426718846566e+02
1.277777792269439203e+02
9.660837802265977814e+01
9.119596802784997180e+01
8.362450170436595442e+01
1.322725828350950792e+02
9.566626405326782390e+01
1.028443348842870364e+02
8.316801944819501102e+01
6.955594073152376211e+01
1.197956616466795055e+02
7.216031887568328784e+01
4.801038398320923761e+01
1.311992036289966848e+02
8.856956373290152840e+01
1.197177181770246506e+02
7.621250143683690226e+01
6.687704073490843371e+01
7.007736555191155503e+01
1.311720482010449302e+02
5.073866079431735443e+01
8.099549193464297048e+01
1.141602436409166756e+02
1.313090007869356270e+02
8.094968182660090861e+01
1.317864462475850473e+02
1.307778675882172763e+02
1.263756900561975698e+02
1.025007699162739527e+02
1.004467281381724746e+02
1.176110739972368719e+02
5.709365425039283792e+01
1.197492987168385525e+02
1.298709140821816561e+02
1.113165503223107180e+02
1.161356113059216426e+02
1.188226621296728212e+02
9.312736115659222946e+01
1.020246235512161945e+02
1.004861795840273260e+02
8.562713697923263112e+01
9.939987685861206046e+01
6.436081328035153604e+01
1.312017489462994888e+02
9.860004305918053547e+01
1.323233451634817186e+02
1.198514883499401975e+02
1.272129821388610225e+02
1.044265863065387805e+02
4.934435080572200150e+01
1.301123674298416404e+02
1.312071677057402610e+02
8.986291927162848481e+01
1.318695963136304954e+02
1.216028679867843181e+02
1.327437115978505062e+02
1.150483517873115460e+02
1.304806329426326670e+02
3.877453198804300882e+01
1.287144581688523601e+02
1.291387184976459537e+02
7.199093395427561859e+01
1.338201383919457328e+02
7.716534004231672839e+01
1.261157635473020662e+02
6.719114445483315023e+01
9.096463361562388172e+01
1.202287098072676912e+02
1.228639567957921201e+02
7.309399512991488734e+01
8.267891206948210936e+01
9.387397627861909655e+01
4.393299725553161039e+01
1.154210574019433864e+02
7.291189618497529068e+01
1.272251787060723842e+02
7.139419793217051335e+01
7.390288805625448276e+01
7.262564632832230416e+01
5.008862155121491355e+01
8.442983842649569226e+01
1.241660864128060950e+02
9.431472964608933296e+01
8.448562132431396776e+01
1.211845352509718907e+02
1.203754781764478281e+02
8.760255463612990923e+01
7.108320483415941737e+01
7.326524505805167564e+01
7.232415538949017275e+01
7.405460216758643810e+01
7.261855554665561385e+01
8.182402820671649124e+01
1.251751226485132946e+02
8.429985391499371872e+01
1.316525746157363699e+02
8.972986475761899783e+01
7.987383690059834862e+01
1.278731534547066531e+02
1.031272941682356645e+02
7.569145064238934140e+01
1.111678780915737974e+02
9.028765436962339663e+01
1.004569288492771904e+02
6.683242355224442122e+01
1.084405405311317736e+02
7.225917999434122407e+01
5.592999881652190908e+01
1.033150610220642704e+02
5.278493609494839944e+01
1.089381669096516418e+02
1.025171332980157501e+02
1.159547702607626860e+02
1.191592185202769940e+02
9.397090571865271613e+01
9.204744924108516102e+01
1.318371645833112780e+02
5.467237341408633711e+01
6.254558200658001965e+01
1.224858950711956425e+02
7.653753870333667919e+01
1.267206647807560671e+02
6.250980877020783311e+01
1.197713639437281614e+02
1.166656031704368388e+02
4.184849765496247898e+01
1.249886047985121849e+02
1.281178759258110063e+02
1.221429816527825380e+02
9.207556450856866093e+01
7.525739625763557683e+01
9.748022450745743583e+01
1.143430795306570218e+02
4.442480667612436207e+01
9.590120895474423435e+01
9.968550663281662594e+01
7.626255071999288759e+01
7.434236856697881990e+01
8.064849562466878297e+01
1.154440653184872474e+02
1.320693158441778223e+02
1.315138926590986443e+02
6.523324464491271613e+01
4.143202440776591544e+01
6.221846438451081696e+01
9.702147277400848679e+01
5.981836664839850215e+01
1.110509580442632824e+02
7.925753583605583685e+01
1.158001401128385908e+02
1.346323324484094144e+02
1.065611274113321372e+02
7.026324561477100872e+01
6.167363102224436489e+01
8.682353449895848030e+01
9.776626493577363419e+01
1.005753639374423756e+02
7.879365590577852174e+01
6.249458788973749535e+01
6.239351190501005817e+01
1.209609327332255049e+02
1.142001037779157144e+02
8.804307156445413796e+01
5.378915442041376593e+01
1.175749434900826458e+02
1.222764013641136103e+02
5.970479230763115197e+01
1.315439235951294563e+02
1.218285463038966583e+02
9.853694957240439578e+01
1.317095733806443150e+02
1.274309733325604839e+02
1.270327125218491204e+02
1.253930287984190386e+02
1.211283366011946470e+02
1.325686162741426699e+02
3.919922629645814283e+01
1.125514378115675811e+02
1.230842276353559299e+02
1.164440254571629794e+02
9.969932695744292062e+01
8.673007824809751298e+01
6.335413608735139945e+01
6.980803794291622921e+01
3.811398153623728291e+01
9.753835219566062165e+01
1.160463530934192846e+02
1.209530559400390217e+02
1.241484287170700895e+02
1.219870365234945666e+02
9.573626250827688011e+01
8.278341750834242418e+01
9.157911164917172187e+01
6.349842201936218089e+01
6.246810538440937677e+01
1.235515561645415517e+02
1.085459022741883359e+02
9.824755700222979726e+01
9.563820706665266869e+01
1.049402234378507899e+02
6.311823385759292648e+01
1.029894262062616832e+02
1.178229159043637111e+02
6.387267420242183391e+01
6.275464406818422702e+01
1.229937989368116718e+02
1.274138062145538868e+02
6.424365108821282888e+01
6.262318774816041866e+01
1.302957173907202275e+02
6.329907453980176513e+01
1.172523132631702225e+02
1.320841879121840350e+02
6.106531817514355964e+01
1.099101640125249162e+02
7.728071508508573118e+01
1.332392369199463644e+02
1.004870865573134466e+02
9.607386502895244007e+01
1.167507110984511485e+02
8.020022856015845036e+01
7.888992870757881803e+01
7.871531953389332159e+01
5.437352308962229586e+01
1.158646656542791931e+02
8.968535388731892510e+01
1.115243334419899952e+02
9.259248089405419080e+01
9.665780291539211078e+01
1.204545905607009928e+02
7.426693430759473813e+01
1.208447113476251360e+02
7.057024993743608832e+01
7.317860302442457510e+01
1.217393860138420507e+02
1.298129398407441499e+02
8.216997350799118749e+01
1.196524358202562439e+02
4.366078692405370987e+01
8.194661738487104685e+01
8.769100324810139568e+01
9.422796495036219255e+01
9.434435164863801049e+01
7.887814565174723214e+01
1.292954865203583097e+02
1.026231900947888249e+02
1.010978890144314022e+02
1.282426677785955462e+02
6.616683242978804458e+01
9.315103840100904620e+01
1.268880344842487631e+02
8.212691637670172895e+01
1.115598042100114355e+02
1.011160129544965827e+02
1.297199306925136000e+02
9.325410318780851071e+01
1.274993044786023688e+02
1.162473259279303903e+02
7.234684302216157903e+01
8.115066398147656912e+01
8.181412761845473369e+01
3.954104823099216048e+01
1.156166304002842509e+02
1.231259582266967101e+02
1.312819398490912306e+02
1.112412060927471629e+02
1.029589417048715632e+02
1.095136126906441660e+02
7.842630840512555324e+01
7.566141762328572895e+01
7.511288426373421601e+01
1.179570246870234200e+02
6.168467919304042368e+01
9.410576718312844946e+01
1.017590960535839315e+02
7.588236560413035647e+01
9.912530669782695725e+01
7.619935367728912468e+01
6.276817181080792096e+01
1.255917953133141793e+02
1.244478356654533826e+02
1.327527681556000800e+02
1.239229275777852877e+02
9.524454317747232324e+01
9.788517917445732053e+01
1.016316089602165249e+02
9.691748337291274140e+01
9.246141102938996426e+01
5.368293842826140860e+01
7.924990250551310567e+01
6.539981775022179988e+01
9.333997394982614537e+01
8.603351626289983756e+01
9.217216228915833653e+01
1.012368566472301268e+02
1.304454242721631658e+02
9.428313798798889422e+01
7.762795597988781537e+01
6.753619224056859593e+01
5.210581349431875964e+01
1.074985828632028557e+02
6.550394836222058359e+01
7.090189667939569063e+01
6.573758102577203033e+01
1.200750483280008041e+02
1.286646836151124944e+02
1.328005711445011912e+02
1.190470199162047891e+02
6.325281766433219133e+01
4.147422485123760083e+01
9.139268157438336004e+01
1.211720972141836654e+02
7.775515499554983023e+01
1.160940524923512100e+02
1.179183526766255738e+02
9.770928057135571976e+01
4.586077014844905619e+01
1.273580642783134778e+02
1.033423630233228749e+02
1.194417924902896999e+02
1.314947978562186961e+02
1.329583678040978612e+02
5.140237406599565873e+01
1.207240745125330790e+02
9.266648127381564848e+01
8.098101796510422901e+01
1.242682333997312014e+02
1.151778361991772499e+02
1.247036762221841997e+02
1.010929486451971968e+02
1.161167641932922265e+02
1.284903053682684515e+02
1.068817934395303411e+02
8.064040323828014323e+01
8.127866191675369123e+01
8.315361812633238969e+01
1.209559429175716900e+02
6.877381513215429720e+01
1.120200531997906097e+02
1.315533324013055108e+02
6.205013674280329639e+01
8.340933497531250396e+01
6.428442161496953133e+01
1.092653766031104396e+02
1.221470080022087075e+02
7.613525806925350992e+01
1.021517796312668906e+02
8.245347624342205961e+01
4.833480069270559909e+01
1.335435223187418217e+02
1.266506226690673600e+02
1.105187445693574375e+02
1.031638993815471821e+02
7.817722509155538546e+01
1.185172442863880775e+02
9.750796655600098006e+01
6.883481759708080006e+01
6.848667675269787480e+01
1.130266239406132485e+02
7.992186555775816714e+01
8.002099558663026357e+01
7.497672888837345795e+01
1.167878452872615611e+02
1.240894693551297081e+02
1.350935460641849772e+02
9.223843755304963565e+01
1.334345997052504345e+02
1.168291227166614163e+02
1.334159426739948628e+02
4.598335370033009184e+01
1.194459229237636180e+02
9.430666053544557315e+01
1.276613989556342403e+02
7.331422497638845925e+01
5.611384531487541238e+01
7.014753054484887684e+01
1.287454114352778447e+02
4.604983700462898355e+01
1.286188093283796547e+02
6.976054440959642022e+01
6.675471097692197020e+01
7.789497564426065424e+01
6.243874269907649222e+01
7.436468144764407384e+01
1.129571442789821276e+02
7.881540661907055778e+01
1.291767176940132629e+02
5.272176830886538568e+01
1.338345533145042907e+02
1.340266041009484184e+02
1.361036116960003994e+02
1.244549964668182156e+02
1.141435893067426974e+02
8.935608013775483016e+01
9.430383005177570510e+01
1.198978806641496107e+02
1.071703690291855509e+02
1.345378936175648050e+02
9.309731572201648930e+01
1.121074061704278790e+02
1.151233298156789289e+02
1.199654095413885813e+02
1.104018121746843235e+02
4.341822701762121994e+01
8.114857749381604890e+01
8.024676685377737329e+01
5.769908578546350242e+01
1.023940784120900958e+02
9.364299428535785808e+01
1.195442594756590893e+02
7.157746022775312156e+01
6.919805031280516516e+01
8.635001292848481569e+01
3.960005518174148165e+01
7.977410400717465677e+01
5.713889053765770853e+01
1.269590662572709476e+02
1.087974846190629989e+02
1.105735481396620798e+02
4.882771473140191887e+01
1.334980567857498954e+02
1.225815632047761170e+02
7.700495254850130777e+01
1.027372757254385078e+02
1.038908129118900803e+02
1.332910222381732410e+02
1.339503021101742206e+02
9.734243075167508152e+01
9.431159189351056682e+01
9.683357484561754802e+01
1.127345862002253796e+02
4.758329181811635067e+01
1.128744564939365063e+02
1.002066632408390348e+02
7.739485780276667981e+01
7.897183359904779820e+01
1.020125911818588378e+02
7.200657120909913544e+01
1.152695818534350281e+02
9.617506208703765935e+01
7.017799671652221605e+01
1.204506576277563141e+02
9.610584300437304250e+01
1.315233000025192780e+02
1.264846965446453879e+02
1.143559100328429707e+02
9.927632742624155071e+01
6.602714723158116783e+01
3.825807346385966667e+01
9.166651424272485826e+01
1.165284766267545109e+02
6.940111238122705117e+01
1.138412629272193470e+02
7.604432352454132626e+01
1.170933016854842492e+02
7.826675509465837877e+01
1.145974121458165342e+02
6.181740574405144883e+01
6.250386891407770662e+01
1.083778504945676104e+02
4.033580873872409001e+01
8.133437470789137080e+01
1.039074644679327406e+02
1.005057804259655256e+02
9.121674010741509164e+01
9.317470818441231017e+01
7.092103426927242538e+01
1.240843034442702475e+02
1.244328721354511629e+02
6.144816808852350931e+01
7.178751593305371159e+01
1.097293483741737816e+02
7.819134603484650370e+01
8.397212690238418986e+01
9.873191089790492470e+01
1.213291169365470097e+02
7.911869654765925475e+01
8.074831313897809082e+01
1.163826952909826957e+02
1.255451214033011809e+02
1.201738157751917129e+02
9.326648533405894170e+01
1.117663255719843534e+02
9.698051573682812432e+01
1.157692652349710158e+02
1.116309974435814212e+02
1.095243495580564854e+02
1.192039447445721123e+02
9.869932739502303320e+01
9.094266976015880743e+01
9.044327624970421198e+01
6.596459671003852065e+01
7.942510316427390649e+01
7.936603680521805870e+01
6.221989432730688918e+01
9.643178494370798148e+01
1.239530854304831564e+02
8.712131846224291110e+01
1.279653843503180894e+02
1.285528307997440436e+02
9.030401482034531568e+01
1.248781554520853803e+02
9.742552697881629342e+01
1.224463381871749306e+02
1.051009647323950560e+02
1.298873276481996015e+02
7.427494206857603842e+01
6.119667306682248409e+01
8.704427766014914880e+01
9.423701574139298032e+01
1.119740433027084947e+02
1.274574432790501533e+02
1.248655055397843512e+02
1.253753447188710908e+02
8.366171256831083269e+01
1.148434060154389300e+02
5.898601866522552228e+01
1.243309451430648949e+02
1.028109744952206199e+02
1.116929965225655366e+02
7.339472646417647184e+01
9.493598023417939658e+01
6.081908616678410340e+01
1.144395115457731009e+02
1.237572239045630624e+02
8.050557695758236321e+01
1.152780743956798801e+02
9.614949742153039836e+01
1.008278555078703533e+02
9.470755773989311876e+01
8.138304591598515003e+01
1.137665884946673174e+02
1.146663632432223068e+02
8.392151181037479546e+01
1.191040967318727013e+02
1.284404065603031597e+02
1.298315650718639063e+02
1.183371225684524433e+02
1.021361462916467246e+02
1.303334650268438111e+02
1.269697014745719628e+02
8.916105743858835808e+01
1.114411902339205795e+02
7.428676479828320112e+01
8.278951254901362233e+01
1.121666922031956233e+02
8.552516518740610252e+01
8.148773333300982813e+01
9.634989968796450910e+01
9.623105664762385913e+01
1.223808350685336137e+02
1.281415902832217739e+02
5.637830902577416481e+01
1.229839706402093498e+02
1.279365969427325922e+02
6.816777438836923864e+01
1.273453171211300656e+02
9.171964015480342880e+01
1.126808465497251603e+02
5.976599651303391880e+01
1.071334619440244893e+02
1.291256815490731356e+02
9.877154738037594939e+01
1.293512185771761551e+02
1.027125436399802112e+02
6.867939880250726503e+01
4.029158166935898322e+01
1.143064715552910968e+02
1.271103656336594980e+02
9.041319513038422429e+01
1.154435247760500687e+02
8.616153961721883547e+01
9.101194277879754679e+01
5.844856539203598089e+01
8.117572064660073750e+01
4.248963629399668918e+01
7.779396167136893325e+01
1.170448545436842949e+02
1.215714641861434018e+02
8.693829072908475553e+01
7.807099000410862288e+01
1.045489365119311316e+02
8.559643591399071738e+01
7.667361241858394294e+01
7.282506279801975779e+01
1.245053481211631237e+02
1.144244565247793162e+02
7.638816924092004967e+01
1.269677578823809228e+02
1.159306448376366205e+02
9.265857300364909577e+01
9.698735793807944106e+01
1.070112480701388478e+02
1.050441191001010708e+02
1.152069048326283820e+02
6.903504804873095679e+01
1.208515554190137777e+02
9.315925099638097606e+01
1.028276047441025582e+02
1.023765251135613994e+02
1.213129062998003604e+02
1.174001764267474499e+02
1.199448094275748957e+02
6.806093504933957661e+01
1.128461319274440200e+02
1.175083262139793590e+02
1.269109052791073111e+02
1.305169796756295852e+02
9.429642494314384749e+01
1.010984674713693892e+02
1.224144532767576976e+02
9.425736711043444416e+01
7.629244558017133215e+01
8.416823582090000855e+01
9.817968793475567679e+01
1.178341960493085026e+02
1.215363398461364142e+02
9.122771473217204630e+01
9.021585407003799162e+01
1.247466923844252165e+02
6.124265667929695667e+01
1.174833869135108273e+02
1.329823619001574571e+02
8.571426034845437414e+01
1.283172287466727539e+02
1.011853573355517568e+02
9.540634518680889187e+01
1.099738202578579944e+02
4.946698908215924462e+01
1.198538500876100272e+02
1.270287625258375783e+02
1.010376975361711231e+02
1.287882221322466307e+02
9.054014689483349798e+01
1.200348620666037363e+02
9.603734263117739545e+01
5.434113577165985021e+01
9.167133500557541481e+01
7.863082745607627544e+01
6.553991162720086550e+01
7.375289115400866535e+01
1.202973902601150797e+02
9.863638160492118345e+01
1.297573092523433615e+02
7.719163151563947167e+01
1.145147794628847038e+02
7.809203899319690834e+01
3.799886641239239538e+01
1.068794087835925666e+02
9.623664381406619839e+01
8.201848587163918580e+01
8.936524152807280075e+01
1.011248245197962490e+02
1.183065784793063244e+02
1.194527085812023017e+02
9.951734453222904619e+01
1.020850288530898524e+02
7.698643697114246720e+01
4.484485079725888568e+01
9.552479605197855506e+01
8.197434465499435419e+01
4.397395556124146765e+01
1.059697811177109230e+02
1.106805691419587845e+02
9.678597040719532174e+01
8.088049094360560787e+01
1.127212976663213198e+02
1.160361212791197403e+02
1.170924134362284832e+02
6.556215527420843614e+01
9.524313681638632545e+01
6.760343864668782032e+01
8.811361537601499094e+01
1.105793256705874512e+02
9.705805622475475047e+01
1.220448646566147630e+02
1.152303622396146068e+02
8.576872138753570596e+01
1.078025197636548853e+02
1.007852892541437910e+02
1.009388955240030299e+02
7.881626052412914873e+01
9.661058262257965623e+01
1.265242094574300324e+02
6.916577107675568925e+01
7.869855661551881099e+01
1.052179385091491071e+02
7.639338401347129093e+01
1.213932026190512659e+02
1.200091954031723986e+02
1.017441177405217019e+02
1.319301618963298495e+02
1.045858114663653851e+02
1.053975551464747156e+02
5.308988880799793009e+01
1.229960157109411512e+02
1.356724282037507692e+02
1.008598902547576017e+02
1.175813435145265231e+02
4.929376404249806853e+01
1.167926379664921228e+02
5.076224853205403775e+01
1.122767727640385260e+02
1.261510870022480617e+02
1.308108498103724742e+02
1.171120368331334731e+02
1.199286254269714647e+02
1.267145685919405480e+02
8.750299734568288557e+01
7.422501306728857173e+01
1.197048609247540156e+02
1.063539382297451255e+02
1.144043011376725048e+02
8.990215757676251940e+01
1.190569298972692707e+02
9.800846972438350235e+01
1.094582539373814001e+02
1.201938872081266112e+02
1.179909915469395258e+02
1.151286586678841388e+02
1.147007731682781611e+02
1.207133466573109644e+02
1.225170393216250062e+02
5.527807019763583440e+01
6.462149181212357973e+01
1.117831318191568073e+02
1.123724192706259259e+02
1.169096540530568547e+02
8.482695384884985401e+01
1.178137547683165849e+02
1.148655113316474399e+02
7.444325044640274314e+01
7.156109736833069235e+01
1.341340514995775095e+02
1.142733841251591116e+02
1.259969642182781655e+02
9.902586964251342749e+01
1.015080753201745267e+02
1.115460556404917156e+02
9.571380588903097930e+01
1.160306588160086818e+02
1.134367922340615422e+02
1.260415404149115517e+02
1.326728421622231338e+02
1.165182439220116493e+02
7.013623662399542980e+01
8.944546413038534638e+01
1.079955910893000635e+02
8.257643855300611335e+01
6.948949078578290539e+01
7.282887732284599736e+01
1.073102272773252821e+02
1.054153055244267136e+02
1.089428638790801074e+02
1.311103522651543472e+02
9.522735276576415231e+01
1.195050973474093610e+02
7.489221258778276535e+01
1.312817282145337003e+02
