2.214530198796603599e+02
2.138880501596807733e+02
2.269024693102949755e+02
2.172716817188533867e+02
2.157005295941393399e+02
2.370813360446460365e+02
2.414283507047624084e+02
2.315994186366963277e+02
2.133034287093558419e+02
2.180476963871660416e+02
2.206130504412325308e+02
2.446705396197011737e+02
2.168522024347323338e+02
2.401375435852034457e+02
2.244118743915500431e+02
2.215618020971637350e+02
2.251200320900123586e+02
2.175273604033670836e+02
2.209406890200033047e+02
2.289294063369205787e+02
2.206130504412325308e+02
2.475710147038177240e+02
2.497079237500526006e+02
2.136866473011454275e+02
2.196941293160883504e+02
2.554372837466389683e+02
2.424618981791718966e+02
2.422138930971137256e+02
2.211473433206371055e+02
2.211039170214403953e+02
2.219454019580208239e+02
2.402640753732564463e+02
2.385035873502511947e+02
2.199243653838897217e+02
2.409760499251436840e+02
2.179593346782718015e+02
2.260363562997470410e+02
2.488581816972368870e+02
2.452453376795369593e+02
2.183391237113173133e+02
2.171601585654536848e+02
2.145563963858596992e+02
2.363371676355592967e+02
2.137941044971891245e+02
2.536758296296524975e+02
2.154081597007353253e+02
2.419926635390910405e+02
2.210292938573832657e+02
2.545509040621843155e+02
2.132772491255550449e+02
2.474241815297732217e+02
2.421175183020774284e+02
2.164392135899048242e+02
2.253255500810203955e+02
2.165336686516803582e+02
2.168132868215596147e+02
2.254070212122450130e+02
2.213313450679517871e+02
2.260087346606342464e+02
2.639673760999559704e+02
2.413914040728257646e+02
2.139451596892463101e+02
2.176438167243204020e+02
2.485732032754095826e+02
2.253255500810203955e+02
2.535852434148767429e+02
2.308033806060683446e+02
2.466292869889627752e+02
2.514387789221343326e+02
2.523105746183842086e+02
2.500641461672839228e+02
2.443760197698807985e+02
2.515141429353385263e+02
2.186205508556754182e+02
2.409521987319456855e+02
2.483582909651526904e+02
2.457776992425067419e+02
2.482531071756669689e+02
2.482107797828114713e+02
2.397937083632297401e+02
2.188287360301162892e+02
2.444934878411051784e+02
2.321698703271728732e+02
2.356445925117897673e+02
2.483092475450381187e+02
2.195050628002698829e+02
2.184522698638182305e+02
2.519073245525854645e+02
2.422510266968077985e+02
2.426241821496957414e+02
2.376924798161959131e+02
2.405339778668168549e+02
2.466783351941162437e+02
2.428053171736433455e+02
2.364934168870761368e+02
2.272820917464692627e+02
2.172571195029664750e+02
2.167109025741566484e+02
2.462753601671731190e+02
2.468095160927190079e+02
2.329310791350437739e+02
2.527457357616389970e+02
2.156237035554190697e+02
2.476555127171637309e+02
2.168137012502259040e+02
2.439508118378940082e+02
2.465676048981183612e+02
2.123835828706941697e+02
2.384479310506738443e+02
2.222089344543937273e+02
2.461312970955404182e+02
2.449522043372697055e+02
2.514721661767472369e+02
2.454655273121154551e+02
2.157068186861865229e+02
2.187288984672891274e+02
2.470039889331411018e+02
2.174189466446219967e+02
2.193221821098034070e+02
2.480269627947218396e+02
2.188763619885920662e+02
2.439649865953099948e+02
2.227014955996816070e+02
2.373108010433923596e+02
2.187192606965147093e+02
2.240287786907714462e+02
2.419181603486593986e+02
2.441441138614515580e+02
2.230931067595655577e+02
2.486826963291131278e+02
2.354723524896880349e+02
2.480222956148542437e+02
2.445553932067397795e+02
2.457323780448045056e+02
2.141805873506915532e+02
2.378904133489780293e+02
2.392927741892118547e+02
2.220155561185707995e+02
2.146878396093142385e+02
2.164878211780863353e+02
2.216105790719670381e+02
2.354946066542922267e+02
2.360939066745903574e+02
2.178883422751883074e+02
2.318331304110601252e+02
2.382385013895188877e+02
2.424863160075128121e+02
2.339480119783485463e+02
2.401301791315087257e+02
2.273889999492841696e+02
2.379922835319722481e+02
2.352358609411254520e+02
2.156838870331760347e+02
2.358045386254896698e+02
2.352426776497775052e+02
2.366013037666419905e+02
2.354643042298548039e+02
2.362237813516199481e+02
2.248976894153830131e+02
2.386551002174809355e+02
2.213704677511804277e+02
2.210638080770184501e+02
2.286577100665157332e+02
2.371547713056349380e+02
2.398548738351626071e+02
2.448210067437574651e+02
2.168117706752865956e+02
2.163565796108532311e+02
2.165610179530058303e+02
2.388887869297893189e+02
2.196336186899239351e+02
2.478540185464723038e+02
2.403799701060312941e+02
2.436873902963477008e+02
2.255439820210249309e+02
2.444087548967215184e+02
2.149421382761923951e+02
2.202736675583009855e+02
2.205896494826386061e+02
2.226975049035908398e+02
2.246341178999847159e+02
2.151427611967573625e+02
2.157102102673306092e+02
2.340064766906384648e+02
2.207124709971029404e+02
2.134627639148303047e+02
2.174898530595318675e+02
2.173114659785540539e+02
2.254274809340761578e+02
2.259824903872584514e+02
2.333810278078855731e+02
2.197128235798740263e+02
2.187872104892236393e+02
2.338147964372654428e+02
2.439937399348228269e+02
2.325788641268911761e+02
2.181751396608460141e+02
2.511585538790563987e+02
2.365898353446889359e+02
2.414974203904575916e+02
2.257075785600265760e+02
2.493196020681248513e+02
2.252623453514942753e+02
2.414883311407867268e+02
2.156863334115875546e+02
2.220315999311135897e+02
2.183710273113605069e+02
2.255449967915722596e+02
2.252872451219986374e+02
2.175350870857606651e+02
2.161279588386613000e+02
2.171525698757586724e+02
2.439069861817924902e+02
2.439884040452451472e+02
2.424732494765315778e+02
2.464743395865042430e+02
2.453030874252462752e+02
2.184640825867185754e+02
2.269562517558314028e+02
2.294731284453147850e+02
2.263272682067965889e+02
2.306228831323894610e+02
2.158191543169288593e+02
2.165894213965147515e+02
2.352591214161977291e+02
2.172942853303850370e+02
2.331201460219777459e+02
2.456592288974775897e+02
2.465766267095532385e+02
2.123307184403263648e+02
2.383533778835383714e+02
2.224746391062164719e+02
2.225841167754445848e+02
2.337396645218859703e+02
2.414118884251444968e+02
2.267590730906964893e+02
2.179836385242837480e+02
2.120572311348739447e+02
2.187245182188746071e+02
2.168060206207421743e+02
2.099609260330107077e+02
2.376557076778152862e+02
2.205192688982634763e+02
2.381008295388518263e+02
2.234600885583187733e+02
2.133485446278374411e+02
2.322022025085348957e+02
2.465605599585166772e+02
2.508129163541253774e+02
2.431705291012573866e+02
2.341422372949381270e+02
2.125275212144406680e+02
2.473695280649944266e+02
2.491648737816749986e+02
2.256292843305424185e+02
2.214598186974794771e+02
2.423195781581458164e+02
2.378121933334177527e+02
2.323700525445655103e+02
2.361776531344598595e+02
2.358283758359164608e+02
2.345110232150624370e+02
2.277450789596772154e+02
2.206037097185829339e+02
2.437956697754616471e+02
2.467507128137473273e+02
2.466594682140911345e+02
2.484034772060015825e+02
2.344493035448408023e+02
2.458186839604177294e+02
2.364290353244003029e+02
2.374091009605238867e+02
2.501744787051842991e+02
2.164178667291710099e+02
2.169046836955497497e+02
2.458258342878192764e+02
2.466797398301493445e+02
2.486352199303184420e+02
2.418787608548652202e+02
2.438754831669587588e+02
2.463906388438877002e+02
2.323258021665148760e+02
2.443976933357168093e+02
2.471935932421939697e+02
2.249637162639822918e+02
2.341140930570962269e+02
2.316610910637225516e+02
2.472906299742608383e+02
2.346666493760981211e+02
2.475299049205463007e+02
2.472118320257390849e+02
2.199067687282656038e+02
2.284562309050419344e+02
2.350952019659834775e+02
2.189201255444739331e+02
2.377438239168085374e+02
2.433653579075133848e+02
2.475084459839842452e+02
2.362586834056998555e+02
2.422778177629188008e+02
2.442765033836901694e+02
2.162950272026485550e+02
2.114050313899489026e+02
2.206470791805400893e+02
2.247853612617049635e+02
2.221136717146994499e+02
2.392885303683090115e+02
2.385354107970485700e+02
2.218232577182812690e+02
2.473509626717194010e+02
2.461432228048194588e+02
2.464642222950941743e+02
2.495335683165409364e+02
2.310768126493964587e+02
2.489708242216642304e+02
2.455379829445412270e+02
2.160179808002017978e+02
2.366984976704414407e+02
2.184028639728932717e+02
2.177688837088909395e+02
2.503212368176448308e+02
2.468717083527483283e+02
2.252180047113524779e+02
2.172542764966828486e+02
2.279785512028556695e+02
2.459691267878843064e+02
2.369752323190837728e+02
2.157890768763936364e+02
2.457740944783402881e+02
2.188667496514485151e+02
2.339334008188934888e+02
2.382296466777632418e+02
2.396522256307159182e+02
2.179165436018294884e+02
2.255472478335638584e+02
2.166292545606967792e+02
2.456777538906363532e+02
2.455591106505525545e+02
2.276918239622021929e+02
2.378313248769580923e+02
2.117902152789086472e+02
2.470461792569387569e+02
2.585961786721871363e+02
2.466396487211390252e+02
2.459795804807318689e+02
2.172353582845040307e+02
2.163054277454414205e+02
2.451568064711932493e+02
2.222572236419872524e+02
2.439992914513928497e+02
2.167927893640530499e+02
2.181087214601315054e+02
2.180907928451082114e+02
2.170575274599071918e+02
2.167776793004093179e+02
2.211409907822335867e+02
2.479185106068860307e+02
2.158668756731337339e+02
2.445215760685403268e+02
2.179534234628482068e+02
2.402384584861198675e+02
2.270869213581656254e+02
2.462747895660115489e+02
2.185532571999249285e+02
2.470075505967315053e+02
2.116139620923083271e+02
2.465568714221480775e+02
2.487247053231789096e+02
2.466500236620519502e+02
2.480105536511641162e+02
2.494021563006425595e+02
2.326426610244263884e+02
2.447004921474308219e+02
2.463916655943947376e+02
2.193346279705849042e+02
2.244331945936847319e+02
2.219017722516556148e+02
2.486790988549296344e+02
2.176337179835070401e+02
2.219738364764352241e+02
2.164727356842581401e+02
2.442101890203707626e+02
2.205203412702209675e+02
2.381984923759755475e+02
2.234308044206935335e+02
2.175884767512889937e+02
2.290842734404738508e+02
2.425185152318153428e+02
2.433936849377778913e+02
2.149999992078155060e+02
2.422839986504910144e+02
2.172181536728694766e+02
2.465055919502125334e+02
2.466042777882490782e+02
2.469904772395835835e+02
2.239382597031769251e+02
2.211665676324659842e+02
2.460738726375673480e+02
2.138785319433050631e+02
2.100616682091477117e+02
2.261913493396205013e+02
2.183975420607675630e+02
2.187928355800426914e+02
2.169393023307751207e+02
2.173234790268923291e+02
2.488621574241613246e+02
2.219655550491710585e+02
2.165535729753628971e+02
2.485267249506086387e+02
2.509520361289958146e+02
2.466096823738902231e+02
2.197313210384005799e+02
2.453009709659511657e+02
2.151252619962633901e+02
2.460521823257320762e+02
2.481913236705383952e+02
2.449233924380103247e+02
2.508703207273173348e+02
2.304542783702953557e+02
2.460208377576814485e+02
2.393301981608526603e+02
2.186252726009331013e+02
2.245139699209521780e+02
2.484262140191462436e+02
2.472933687281889661e+02
2.377951965349687100e+02
2.520058782144803047e+02
2.474077162074891874e+02
2.144233270641721560e+02
2.459462289530891042e+02
2.634500090362066658e+02
2.362437905655488350e+02
2.167454684219120224e+02
2.476916913993659364e+02
2.369046253763517029e+02
2.210429017022723883e+02
2.379012208087532940e+02
2.146042526970463200e+02
2.386485117430467255e+02
2.345781846920191640e+02
2.349500358474472819e+02
2.464093842666383125e+02
2.431949329271323563e+02
2.491697827978376836e+02
2.385133953711148251e+02
2.364442857380886949e+02
2.409693360388965289e+02
2.172047518358646130e+02
2.334574187280870206e+02
2.222131825675093637e+02
2.323438905324458972e+02
2.396464723226060869e+02
2.354399920033551155e+02
2.433474662392811183e+02
2.471459270431347477e+02
2.470504820517172107e+02
2.472652194492410445e+02
2.467749037160577927e+02
2.406640735048150077e+02
2.544381615752830044e+02
2.183971759782395168e+02
2.456381335975548836e+02
2.370274532340195321e+02
2.200693987325000194e+02
2.407562024389261524e+02
2.484423326156597511e+02
2.483706389478500682e+02
2.210865654212089737e+02
2.466968484667447683e+02
2.172527905243616999e+02
2.458856300455216513e+02
2.461059375143600789e+02
2.441277040856653571e+02
2.459036390198779145e+02
2.497669361961181664e+02
2.390065977475308614e+02
2.357056802759145739e+02
2.347687834783946244e+02
2.464242648210902189e+02
2.473268924929381853e+02
2.305163884220503121e+02
2.461440586941653805e+02
2.324599850710828832e+02
2.453054527051611160e+02
2.466127283076974095e+02
2.480675840657758613e+02
2.499906712657158323e+02
2.443340348395551018e+02
2.465032746071497627e+02
2.462157350236203115e+02
2.453379160709860116e+02
2.190839191730578364e+02
2.467981707171257710e+02
2.400874172812698362e+02
2.268877636424552691e+02
2.179738736861973791e+02
2.334104512021729363e+02
2.198578283811156950e+02
2.199541227017578819e+02
2.177870789254342867e+02
2.313211916621353907e+02
2.460413080394187091e+02
2.554870685075331380e+02
2.473532123853346718e+02
2.455074109049245692e+02
2.440406489173547868e+02
2.484709016305247928e+02
2.474359338757606963e+02
2.486726012481768180e+02
2.466986239484981525e+02
2.463994231715301737e+02
2.473929225232447493e+02
2.482013333396190546e+02
2.172703409421853848e+02
2.471861087274880049e+02
2.465026038006264173e+02
2.468635880212274856e+02
2.444066004172568682e+02
2.495582006093669918e+02
2.449502770337017239e+02
2.488713847601029272e+02
2.577631615368790108e+02
2.476554724003310071e+02
2.449486867541642141e+02
2.456672860955090982e+02
2.432540085108548169e+02
2.459213089196770170e+02
2.477970643009959417e+02
2.488072630135046666e+02
2.460643188137175059e+02
2.490305630716480891e+02
2.478069871251711334e+02
2.355753989877162837e+02
2.483082870670916407e+02
2.563028157666988136e+02
2.233807449068900723e+02
2.552320104897061697e+02
2.506641085698684890e+02
2.476535053101940775e+02
2.495703145867613557e+02
2.491401426187357515e+02
2.299248411673362682e+02
2.404073290109064374e+02
2.415469608598147602e+02
2.257456531625347225e+02
2.353495429732023467e+02
2.266552279153921745e+02
2.464784899056845120e+02
2.439086545666475274e+02
2.209181067124698359e+02
2.366155654795095415e+02
2.270364777491897712e+02
2.287629452797142449e+02
2.428986470966572710e+02
2.453126811155999576e+02
2.452271656491481053e+02
2.463652516074510856e+02
2.227783825924506118e+02
2.463407568220268899e+02
2.333590367393861698e+02
2.351981403496975247e+02
2.451984910691643336e+02
2.419485117329240893e+02
2.454523033622835726e+02
2.484146266890192294e+02
2.451459938608632569e+02
2.439454433173162045e+02
2.247387897354092559e+02
2.434772455790070467e+02
2.451944474122092288e+02
2.483352817921911821e+02
2.286919162493025510e+02
2.256679501890467066e+02
2.458047667043262834e+02
2.481122594605544123e+02
2.434864042374169628e+02
2.449000250813731725e+02
2.347825445979208610e+02
2.374433169568000039e+02
2.299117745500803949e+02
2.464177900700095165e+02
2.172588753487024462e+02
2.378005150197969613e+02
2.351184024195033828e+02
2.154825253005723482e+02
2.212093963654859294e+02
2.255230133148141931e+02
2.451785980310939408e+02
2.406275579240506204e+02
2.468369985753515152e+02
2.239318272825767906e+02
2.477553393167529521e+02
2.470695148252711135e+02
2.476108722966448568e+02
2.217115880029757875e+02
2.489114505417971372e+02
2.478961748637001961e+02
2.481892515639794965e+02
2.224449244679873914e+02
2.189874609139002075e+02
2.384601694516844361e+02
2.260414740686620121e+02
2.502800942711879202e+02
2.361604745038317219e+02
2.506645388852947747e+02
2.460915597482421049e+02
2.388261155469938899e+02
2.177190132702715175e+02
2.221090430238635349e+02
2.457511066211078514e+02
2.362618132514510592e+02
2.455961416575156022e+02
2.231447453217090242e+02
2.404373938040295968e+02
2.379019691216556112e+02
2.456896077942034822e+02
2.382619032093487590e+02
2.473037171495340658e+02
2.361628687487805109e+02
2.355962176126703014e+02
2.452316661694574123e+02
2.480410162763400308e+02
2.470380725340531853e+02
2.394682759291017078e+02
2.464690986210499091e+02
2.454630043623341180e+02
2.344512560342441816e+02
2.475332574542319151e+02
2.228843422160204284e+02
2.313504397874812639e+02
2.465761182457687255e+02
2.465445859438288494e+02
2.214003121761818988e+02
2.183009831362637385e+02
2.429704146849279311e+02
2.453974098143133347e+02
2.470871662454792954e+02
2.469210467563442535e+02
2.427970322605445119e+02
2.461199537801907411e+02
2.385441771730183689e+02
2.512664976115837305e+02
2.215072850979570376e+02
2.304102860655364111e+02
2.248767035400798591e+02
2.446562671651236656e+02
2.409387609357433178e+02
2.504282815671947162e+02
2.459634152171296364e+02
2.469924203354901806e+02
2.465436327500203788e+02
2.388235189160583332e+02
2.458298079981234423e+02
2.187854739121181069e+02
2.471750293661304454e+02
2.456970206568171875e+02
2.490947058924790838e+02
2.476585862124068171e+02
2.475636742690447250e+02
2.544544749768474503e+02
2.467893383598838568e+02
2.456643931064849653e+02
2.472139318557127865e+02
2.283505490876822819e+02
2.437049652039586647e+02
2.338305102081211828e+02
2.213544307630287449e+02
2.392744002197908344e+02
2.436432220087807252e+02
2.516732029902111378e+02
2.192431757488144513e+02
2.462663840156175183e+02
2.276733229989827691e+02
2.178454179521186802e+02
2.441665727649245810e+02
2.370029992598272486e+02
2.460246606834107865e+02
2.172643572632067333e+02
2.266629952324454962e+02
2.423130228850386629e+02
2.356635157171199353e+02
2.547412060338824062e+02
2.502672988153746019e+02
2.497522120159043766e+02
2.266221117460412415e+02
2.498470454808364707e+02
2.470593103346514567e+02
2.496898869769605085e+02
2.181287585911929625e+02
2.473002042954261128e+02
2.254249627377956244e+02
2.194940713081985848e+02
2.435100087356074425e+02
2.437885206392603834e+02
2.191004750336454094e+02
2.159660939377169484e+02
2.163594097223044912e+02
2.203692218991032519e+02
2.478786432322904147e+02
2.167533400366021112e+02
2.554624411363170680e+02
2.166873200383165852e+02
2.504619377170096755e+02
2.243436858845793438e+02
2.475633503285082213e+02
2.370297999621603253e+02
2.178628332885892291e+02
2.219713177627026255e+02
2.445195255971196389e+02
2.206845775360716573e+02
2.450463447767588150e+02
2.295118890801940097e+02
2.230284918615345759e+02
2.453421035627275160e+02
2.418997809061776820e+02
2.273317983629555101e+02
2.262256375088396112e+02
2.459376061677241978e+02
2.463059702685487196e+02
2.462392563142243489e+02
2.446493555520173970e+02
2.264891044670094118e+02
2.299384493365768947e+02
2.476527460247029353e+02
2.166481325263681299e+02
2.478321727367038534e+02
2.254844161184274469e+02
2.262937613247369768e+02
2.264734399113511074e+02
2.477766411269791718e+02
2.455772884791850856e+02
2.496650969345318742e+02
2.456057670103965052e+02
2.241546907406997775e+02
2.479050779406290417e+02
2.452698500894804567e+02
2.458328953293628274e+02
2.479160223527593416e+02
2.464739543273051083e+02
2.202006816305250823e+02
2.446106527122281591e+02
2.471447811483827763e+02
2.473019470150790085e+02
2.438838804292080624e+02
2.454201162440455164e+02
2.492236137904000088e+02
2.479806199129241406e+02
2.182132712413393278e+02
2.117823660565990451e+02
2.255289050266081006e+02
2.481043326507350173e+02
2.432702642269202329e+02
2.477876445357916282e+02
2.217247554879621134e+02
2.259438925797637694e+02
2.173540461209993850e+02
2.417494651372552710e+02
2.469123632293808157e+02
2.177501050478270201e+02
2.179361111977053156e+02
2.387300859218614164e+02
2.322841338681395200e+02
2.202738131526387235e+02
2.362389439263812676e+02
2.468412976675658683e+02
2.257851024428345852e+02
2.144600079908328496e+02
2.162465722907634245e+02
2.346547715508745569e+02
2.197347782357013557e+02
2.329877448197389072e+02
2.257058288614654487e+02
2.404257579527848634e+02
2.251632449008992012e+02
2.290495704307772087e+02
2.287831260883611435e+02
2.477683725103126164e+02
2.466121454155183983e+02
2.284928172741564083e+02
2.433066214588284026e+02
2.428165585538397977e+02
2.390500625624613349e+02
2.197938709249801548e+02
2.466955252694601768e+02
2.478977211544246018e+02
2.370312540640022689e+02
2.218198825055723375e+02
2.449519826962044249e+02
2.466762436215497303e+02
2.363699431060686322e+02
2.253923981105491805e+02
2.335239630891907154e+02
2.459543533119489211e+02
2.355887395125211583e+02
2.343388648236844460e+02
2.125286689280676455e+02
2.487588515198107757e+02
2.476659373517782683e+02
2.209071528835405047e+02
2.480443011879975757e+02
2.332907925207310313e+02
2.260568304049018877e+02
2.412407781205052686e+02
2.483306432953564808e+02
2.335327978405564977e+02
2.481924874297260430e+02
2.441450696771215689e+02
2.458362921022947205e+02
2.160316631779883778e+02
2.148017835581811994e+02
2.473677047467455736e+02
2.173134420698281133e+02
2.447957010311941417e+02
2.357532067976916323e+02
2.168779211476434625e+02
2.447961442051133076e+02
2.150576750485617197e+02
2.181965877653701682e+02
2.214052894157100013e+02
2.193639912963454037e+02
2.208655616812057758e+02
2.206293517115571206e+02
2.387869613681878036e+02
2.404592425575456787e+02
2.473611409975591755e+02
2.150366251904698629e+02
2.160420889310687187e+02
2.197526726717764234e+02
2.337750589673330239e+02
2.531292330058212769e+02
2.187402427296611904e+02
2.184131116162145361e+02
2.453087182903202006e+02
2.464310338222335304e+02
2.516395318982692402e+02
2.470184117790075788e+02
2.459338144993367337e+02
2.344266853041977754e+02
2.505629121056041981e+02
2.215416350915522514e+02
2.373962746508655641e+02
2.451601275708042920e+02
2.556073925150914476e+02
2.393446423170665014e+02
2.334582687437689401e+02
2.364292378438216247e+02
2.116224864072265177e+02
2.223833310856298340e+02
2.412619640040687727e+02
2.172470081401074822e+02
2.378378153350770390e+02
2.286448638046505266e+02
2.456398633097566631e+02
2.242558896042309016e+02
2.437591388407441855e+02
2.210322971722417265e+02
2.367672872114393101e+02
2.440220192768295817e+02
2.455746376286173529e+02
2.322691632815906360e+02
2.177120187857446467e+02
2.344432468581165949e+02
2.326047627630674981e+02
2.463372316786633860e+02
2.402464112413221073e+02
2.451370722521252503e+02
2.186764433343025757e+02
2.366467855756526433e+02
2.443317975806499476e+02
2.458614132327178368e+02
2.493395625805992779e+02
2.480229870478763416e+02
2.190507293751193458e+02
2.407085688745984839e+02
2.468674992704501392e+02
2.447097627258944215e+02
2.473852603232141689e+02
2.474351089621099504e+02
2.469541614947867743e+02
2.494528339957841467e+02
2.484508978732825426e+02
2.497264174558485479e+02
2.437854610369569173e+02
2.237801994014837987e+02
2.439961283660726110e+02
2.497817126263618661e+02
2.448563696208618126e+02
2.369637106751081888e+02
2.198982735339231738e+02
2.176653014486434756e+02
2.307922980887835251e+02
2.427995388536026553e+02
2.508948385552782838e+02
2.463803142306171026e+02
2.459420106695578454e+02
2.489949010254821360e+02
2.213089990072929538e+02
2.215137253936467516e+02
2.228786345629912375e+02
2.491347423296334682e+02
2.209511510588247063e+02
2.273211595841142127e+02
2.202585693254930561e+02
2.503007238122514764e+02
2.457076348632819531e+02
2.428788564362711782e+02
2.462359523249903077e+02
2.478928976726382416e+02
2.231456413906605576e+02
2.457814969323626997e+02
2.480713297727984354e+02
2.446623565196647974e+02
2.457516371655460716e+02
2.157280051255367823e+02
2.456652825077337070e+02
2.454890527266229014e+02
2.169431345570899339e+02
2.437066238754503047e+02
2.380756473838249008e+02
2.130324389425200025e+02
2.500161419740960014e+02
2.429620715462170892e+02
2.180605479160450102e+02
2.484129567954411755e+02
2.461036810003284927e+02
2.502295239744649962e+02
2.460989748382361313e+02
2.280208476832669930e+02
2.123964754601665561e+02
2.455999345398807350e+02
2.199702415921053102e+02
2.284614982990690919e+02
2.446712079832186646e+02
2.474263849051080228e+02
2.172747560949491117e+02
2.186760761619629818e+02
2.183384854981835872e+02
2.177762331576851125e+02
2.196331382217151713e+02
2.466341435377728999e+02
2.424765306827176232e+02
2.209559405489239339e+02
2.419922403455801714e+02
2.429919226466613793e+02
2.463825829298425276e+02
2.449523778656983950e+02
2.200263156772124091e+02
2.490638966976649726e+02
2.446526467023910527e+02
2.459754212063648708e+02
2.220323555582342863e+02
2.445346539446729253e+02
2.249069980942354618e+02
2.166335866373031820e+02
2.273901385314180743e+02
2.486569716877758935e+02
2.458695773548427042e+02
2.478058522653633418e+02
2.177822818935007945e+02
2.467237078267262405e+02
2.166549137561148370e+02
2.443153015864442921e+02
2.395355030801443945e+02
2.441476968092398465e+02
2.429454003412213865e+02
2.409046378226588843e+02
2.455867987225136062e+02
2.182119121491488158e+02
2.233132049993048724e+02
2.220886231828667690e+02
2.209991179147891671e+02
2.203557587734755145e+02
2.131383260700254141e+02
2.177005913452392178e+02
2.459860264982430067e+02
2.201294760638638195e+02
2.182258800511026777e+02
2.448370206731106009e+02
2.467956629219237925e+02
2.192568966399430224e+02
2.190135257926887391e+02
2.465725123844469522e+02
2.171230038064160226e+02
2.465822218370182668e+02
2.207877685340895937e+02
2.473147806137279758e+02
2.459422122060443030e+02
2.467505304709940503e+02
2.479592567273135728e+02
2.240301406106737545e+02
2.403958588435753541e+02
2.383364933467698563e+02
2.473425517418369282e+02
2.417422088980436570e+02
2.469898902115113231e+02
2.394220036168410104e+02
2.446294821981074961e+02
2.098833105018186700e+02
2.437563303427357937e+02
2.449558482736552207e+02
2.442141018649330420e+02
2.160495368301802159e+02
2.171442790672230672e+02
2.332354890643308067e+02
2.466845815219467681e+02
2.447760160497134052e+02
2.463846847715680894e+02
2.443294582472187528e+02
2.477939013076146750e+02
2.481185524289790010e+02
2.451151142746557241e+02
2.217892475607607139e+02
2.438664885736502015e+02
2.225716091062960516e+02
2.215475177616752944e+02
2.151894679790904661e+02
2.465804192795712595e+02
2.361216740831710865e+02
2.129992194828238325e+02
2.460204218598127852e+02
2.385546944715547113e+02
2.448906395401644431e+02
2.186241116680800189e+02
2.473200276159401483e+02
2.190051499161616562e+02
2.416715295663517793e+02
2.458870873916672508e+02
2.364671363692642672e+02
2.406567357915631362e+02
2.165977620587237880e+02
2.445324354797749038e+02
2.451551176975370367e+02
2.455834006701996941e+02
2.162441768549470567e+02
2.181989599345783120e+02
2.436540001324822526e+02
2.475316805497982955e+02
2.485355176098701691e+02
2.477627448624214423e+02
2.450697099138386648e+02
2.164111898228214841e+02
2.368073915965432548e+02
2.484464194316132080e+02
2.473692340311569637e+02
2.451758963016083044e+02
2.175903569606159635e+02
2.486509093038037577e+02
2.123042894920261858e+02
2.165551222519220573e+02
2.442767630106950776e+02
2.189144454484814730e+02
2.111666431593637867e+02
2.233661809932413576e+02
2.181129498595505538e+02
2.448676032762550676e+02
2.439508924238821237e+02
2.170995279309539114e+02
2.181528712208779552e+02
2.192773982598726263e+02
2.432976256496036171e+02
2.199294328163117598e+02
2.457630238416533928e+02
2.167419763010959457e+02
2.464599062196546129e+02
2.164026960879611750e+02
2.352931181451803297e+02
2.171282253368520969e+02
2.432134126135662484e+02
2.158736955470104135e+02
2.345794963974312566e+02
2.472523372060930456e+02
2.143880895781310301e+02
2.465453016144479648e+02
2.185637119087014639e+02
2.184310579758124220e+02
2.472582615889368185e+02
2.467574185878607693e+02
2.356404271454787249e+02
2.141424608780601488e+02
2.236613727184463301e+02
2.461982129742205530e+02
2.131639573801152778e+02
2.322481760505909278e+02
2.501687935726862406e+02
2.137809813655247808e+02
2.450514179556202521e+02
2.466947497385584143e+02
2.469962383545139062e+02
2.259225308980111322e+02
2.247817643573880844e+02
2.465108898647915225e+02
2.457946234303493327e+02
2.465349986634868173e+02
2.147325807700922837e+02
2.479581984285425165e+02
2.432225113138391066e+02
2.462639736320753912e+02
2.451017082277602128e+02
2.436294026998670859e+02
2.469080821682026397e+02
2.456337383069979410e+02
2.235719146602957892e+02
2.454046661481277454e+02
2.468551113687398129e+02
2.491907120988620363e+02
2.405052930363939936e+02
2.452334736759203224e+02
2.271893086127093966e+02
2.455708262179432495e+02
2.446662335745125461e+02
2.454009519120654375e+02
2.477925724087857589e+02
2.247462991887556996e+02
2.154584899053814127e+02
2.449392500083674804e+02
2.449797962416681685e+02
2.435754118097925698e+02
2.456213238648047650e+02
2.528350557941086265e+02
2.472562435746819460e+02
2.465392201245503543e+02
2.433545883981778672e+02
2.451307659323938140e+02
2.472033612864798897e+02
2.173727061391656434e+02
2.466621615506666387e+02
2.466586686489033013e+02
2.497018799040859562e+02
2.458733301072502968e+02
2.214281584756892016e+02
2.453822051057821909e+02
2.462875414825875566e+02
2.441494488418066453e+02
2.451431111331101533e+02
2.241253652678037724e+02
2.456370869438344471e+02
2.431487277132396798e+02
2.445029688159997647e+02
2.445695578501305931e+02
2.169670728231196790e+02
2.137916578899048545e+02
2.444634635049669669e+02
2.454075049566848747e+02
2.163478570569417911e+02
2.438903322648382641e+02
2.447177722008601677e+02
2.251411174286238008e+02
2.129359733625535114e+02
2.170947782074826478e+02
2.169052760320200264e+02
2.432116572132939609e+02
2.433823851097697855e+02
2.191359611361663724e+02
2.456598952850838486e+02
2.451370229560100142e+02
2.170255391093868980e+02
2.161554866634800476e+02
2.460783141934130640e+02
2.219662283105124061e+02
2.427785158789010040e+02
2.220279847135126090e+02
2.217066760896190090e+02
2.449117364649607111e+02
2.174767636660699850e+02
2.433910140821110701e+02
2.441051091924139769e+02
2.158746139762811538e+02
2.443526806874039607e+02
2.208663393645145447e+02
2.208108974856162945e+02
2.449526637496074954e+02
2.164629736335361372e+02
2.433727679045348680e+02
2.453938114563314628e+02
2.425918515230423509e+02
2.444238415410409289e+02
2.170304751611361951e+02
2.179674532196752921e+02
2.160682885288658213e+02
2.144049498778848886e+02
2.419425825758595749e+02
2.258114105135763623e+02
2.171780151433173955e+02
2.450010710409411558e+02
2.137851142506206941e+02
2.239301572758870975e+02
2.185569622563977532e+02
2.196620957881013396e+02
2.129495091832892228e+02
2.459151190038973596e+02
2.174125243410034329e+02
2.441363741492223198e+02
2.163025661255649084e+02
2.145986143064607177e+02
2.525949260856193064e+02
2.151656536773076311e+02
2.202591782718896525e+02
2.188217324448220040e+02
2.141522166555934632e+02
2.458390547511363593e+02
2.417252975613756689e+02
2.172557032385043385e+02
2.153282425564469236e+02
2.445890744932777636e+02
2.448030613598171783e+02
2.450933528836532673e+02
2.441666934994054259e+02
2.465637956674264615e+02
2.135207477238135994e+02
2.443285288945934894e+02
2.157762891735631570e+02
2.412096189856800663e+02
2.440759019616294268e+02
2.429575103339888642e+02
2.466323681392496496e+02
2.380567243992134649e+02
2.445387112818784203e+02
2.434850495818242848e+02
2.189862538411095159e+02
2.207198905832111393e+02
2.157461869203578999e+02
2.416663818329751052e+02
2.458210147263037015e+02
2.470706681489815537e+02
2.206149475330433063e+02
2.198578681482923685e+02
2.451576764238106136e+02
2.444225701144410436e+02
2.464793151880527375e+02
2.435761208570081351e+02
2.452226570326752721e+02
2.454566336370444617e+02
2.446678439273801189e+02
2.449454591716017831e+02
2.187783544894601562e+02
2.463246088570857921e+02
2.470895193868044544e+02
2.143630071459689077e+02
2.177726394395004093e+02
2.253785994251419424e+02
2.457893583221964207e+02
2.360393907910071789e+02
2.155210520536429044e+02
2.445744123167976056e+02
2.337344259090409935e+02
2.176732355470011839e+02
2.449691058228135034e+02
2.225755358456245858e+02
2.355727618632402880e+02
2.471635612098217223e+02
2.180167900387149302e+02
2.212641256457102656e+02
2.443883839038919632e+02
2.359781631286456332e+02
2.424362457494318619e+02
2.457607276495377846e+02
2.361153199103280258e+02
2.157349280881623770e+02
2.458274361676582771e+02
2.464207389550409744e+02
2.216116641782256806e+02
2.452252469181709671e+02
2.452791670560689568e+02
2.441849408240116190e+02
2.264273570569251604e+02
2.459043365072620304e+02
2.148170293142773630e+02
2.385809596442344116e+02
2.446256750659227350e+02
2.438788163957453605e+02
2.465272745288168608e+02
2.204350383576388595e+02
2.169800065411038759e+02
2.464471597711478523e+02
2.441514083829754895e+02
2.454340639687062549e+02
2.421950263644290544e+02
2.142776237554589898e+02
2.440387222534523914e+02
2.185193748200128425e+02
2.421173846419330573e+02
2.297873556199435825e+02
2.450119181292794792e+02
2.441061371676490239e+02
2.452190197094445807e+02
2.158273025990345388e+02
2.460835417781505328e+02
2.440183842269007073e+02
2.447611615436712782e+02
2.492702289821155830e+02
2.445206956773095328e+02
2.455772786678481339e+02
2.430445748871469505e+02
2.247672195191034632e+02
2.466199624797574188e+02
2.459587262131485943e+02
2.583314474969670869e+02
2.445616148871263817e+02
2.481511092171606663e+02
2.177082121115079474e+02
2.477154133914404213e+02
2.437988656902940932e+02
2.352652994611283361e+02
2.355398565345305713e+02
2.467194248528863625e+02
2.455219768396973450e+02
2.194702282344825619e+02
2.474738900091534219e+02
2.460154895458706505e+02
2.381264962912496514e+02
2.437546166249643989e+02
2.358713061462979113e+02
2.445133049758790662e+02
2.440876884761170800e+02
2.429200403374488815e+02
2.443744750353811241e+02
2.452287250607115539e+02
2.271591547045630080e+02
2.438863488670320407e+02
2.441290067695441621e+02
2.457828480502197408e+02
2.245220375805056392e+02
2.428685610971940889e+02
2.457081184244028123e+02
2.196678710175646927e+02
2.463648372971699132e+02
2.403023215417875065e+02
2.163815135222489516e+02
2.467690081984150652e+02
2.528815936142817975e+02
2.424478709127382956e+02
2.239752545415839222e+02
2.225612415133510922e+02
2.282323166354733530e+02
2.458973013723823442e+02
2.186687754280683862e+02
2.131548603965040627e+02
2.155256489755414577e+02
2.454463023943375788e+02
2.468078353449523377e+02
2.426515029646643598e+02
2.442529454160042519e+02
2.470226211739085329e+02
2.326212928707344076e+02
2.478238717710623007e+02
2.190889679592654318e+02
2.159957191787261195e+02
2.466979839005998372e+02
2.453857681664250094e+02
2.481198106546088411e+02
2.529272900932423340e+02
2.218514317779959697e+02
2.462523541277812740e+02
2.191268546463875566e+02
2.566395716765617294e+02
2.444683243360640859e+02
2.488674302111232919e+02
2.200484640280540702e+02
2.123014747618717024e+02
2.484630665801874443e+02
2.166839390262510960e+02
2.457638916289830604e+02
2.461882129834194188e+02
2.451462160865987983e+02
2.472514089939866722e+02
2.152281918053724326e+02
2.239877051797019192e+02
2.391001586377539070e+02
2.411310033972891063e+02
2.166327740811406670e+02
2.454305792783914058e+02
2.432433754324955828e+02
2.267081044697429775e+02
2.430232273762295563e+02
2.147270642767188349e+02
2.232243900001219572e+02
2.193595988831145576e+02
2.466672199563339234e+02
2.301537811348930518e+02
2.475386920938935873e+02
2.260472383863283312e+02
2.190683722998080896e+02
2.464988119578160308e+02
2.184075249925834896e+02
2.476126879594765455e+02
2.437084767750228309e+02
2.449364885364213933e+02
2.115595951641620331e+02
2.374517174514623150e+02
2.408682403342797897e+02
2.542922518501898139e+02
2.435443240060622543e+02
2.299206687946738441e+02
2.439644960617583536e+02
2.191717115115817194e+02
2.249469873637505373e+02
2.267100332661635775e+02
2.238631223782503525e+02
2.624980071731790758e+02
2.381211083011581024e+02
2.353648509240962028e+02
2.357689137913353647e+02
2.267226789624022842e+02
2.471961958660405969e+02
2.440359824550290000e+02
2.350948698803547359e+02
2.423024281427990445e+02
2.358515301578189849e+02
2.322442423507687010e+02
2.278049174946438598e+02
2.130891783008076459e+02
2.340896429430883927e+02
2.435857068680159898e+02
2.386676281920788085e+02
2.410431184215321991e+02
2.364100345611067553e+02
2.365114487122898197e+02
2.166295046033847029e+02
2.396299014804116894e+02
2.435226813392795862e+02
2.298480148778577075e+02
2.367331497258879551e+02
2.344582657349332067e+02
2.459915855257228827e+02
2.423431667875891549e+02
2.183123554424228701e+02
2.364432195122051610e+02
2.349282939421765946e+02
2.218686749046933073e+02
2.303253275169357153e+02
2.194695045236230726e+02
2.433940720246312708e+02
2.336939567450277195e+02
2.247932499081009610e+02
2.393240267045440532e+02
2.268105703187710560e+02
2.191269694969822126e+02
2.358478163111734887e+02
2.265429570402746435e+02
2.345509639479911357e+02
2.338214039526525028e+02
2.289318744923006932e+02
2.329369197542793870e+02
2.396700413531269191e+02
2.404883593134497062e+02
2.333382496662335086e+02
2.201385701606230896e+02
2.271610596567686571e+02
2.358520120212431550e+02
2.449943203944055483e+02
2.320417164036354620e+02
2.452598149931068008e+02
2.346355987682936188e+02
2.392461842688859974e+02
2.201408295019094794e+02
2.272130966513805674e+02
2.280461308751830813e+02
2.360664589822147548e+02
2.363234543062817465e+02
2.467710518860177444e+02
2.151327901199500729e+02
2.271126135688544707e+02
2.425152704882092962e+02
2.162124634561851337e+02
2.263653535971746464e+02
2.218999594181727275e+02
2.443099651119292730e+02
2.338880684264470347e+02
2.174053281062226120e+02
2.461655360384509663e+02
2.152902764851053234e+02
2.126355887523743604e+02
2.452237374971506938e+02
2.224954047471061358e+02
2.254836838521414961e+02
2.429264950411284474e+02
2.477360688454718343e+02
2.259537912076832527e+02
2.245721365040345177e+02
2.465683768735398758e+02
2.253459091212721432e+02
2.209586047514831932e+02
2.289945345407623449e+02
2.265161941014682156e+02
2.168850249920819806e+02
2.396085158430619231e+02
2.106396977187982031e+02
2.428368896917247071e+02
2.191777558796187577e+02
2.420450036145176114e+02
2.211490184513956478e+02
2.142949359154970068e+02
2.206814553789909326e+02
2.219839692071107606e+02
2.185827149041866164e+02
2.243348951619717297e+02
2.222213881716130004e+02
2.154845890448994794e+02
2.243639136623007175e+02
2.301815206348229026e+02
2.260738132860951453e+02
2.437206195998290639e+02
2.249620774769308014e+02
2.211852430864890948e+02
2.483658945044038830e+02
2.174719489119183891e+02
2.188129085441010204e+02
2.204303861631866823e+02
2.470927192749037431e+02
2.440822190060290211e+02
2.192127994719898538e+02
2.193130266340994581e+02
2.183850915939013362e+02
2.172825865860851309e+02
2.089505152757741087e+02
2.217095337661206713e+02
2.170531942444917490e+02
2.260848230744945511e+02
2.279655704522876078e+02
2.186147149677238133e+02
2.144824586793635319e+02
2.256306768191471974e+02
2.487883118394348685e+02
2.178775803979290231e+02
2.400697872984654282e+02
2.492308050303691402e+02
2.273953204876731888e+02
2.223088248288935063e+02
2.368170210369051460e+02
2.487002748993194245e+02
2.448863820803437079e+02
2.273052819915175178e+02
2.479572184994731288e+02
2.486441497550946167e+02
2.261206510046887104e+02
2.252759557149189789e+02
2.228998932396493728e+02
2.197440111483017517e+02
2.282832149883677744e+02
2.109239362287406152e+02
2.270101242778020492e+02
2.296435132832368140e+02
2.208944713853109363e+02
2.430997615954873652e+02
2.120187197799172338e+02
2.582528318077935410e+02
2.264085766548117817e+02
2.201618294966448275e+02
2.259123744390452941e+02
2.460108612768219132e+02
2.263165662133247906e+02
2.463266201711093117e+02
2.471361935637165743e+02
2.265051016727802278e+02
2.480500932504086791e+02
2.420358718233360946e+02
2.274253790244227673e+02
2.289913329641829023e+02
2.201232522789338759e+02
2.298681748932402229e+02
2.302088834046559498e+02
2.194834977982920066e+02
2.217224112426494287e+02
2.226308401490434505e+02
2.155556771453306055e+02
2.256599687717090319e+02
2.385738647727046668e+02
2.266582579765964738e+02
2.255911201349347834e+02
2.470218539583721622e+02
2.464383354156365442e+02
2.227419554092728902e+02
2.205994835668637677e+02
2.469521950371826620e+02
2.254483438476532626e+02
2.398477405026253564e+02
2.209419210572984298e+02
2.349837950863224592e+02
2.254907964140149943e+02
2.340864523550755507e+02
2.232073412084376400e+02
2.261022156202399742e+02
2.268759921022808896e+02
2.290914900043249247e+02
2.298005295252639257e+02
2.138149195352442007e+02
2.220939016973095761e+02
2.517652258781068326e+02
2.269107734312621858e+02
2.290739139345272406e+02
2.279652663242282529e+02
2.289162840444300855e+02
2.213919460645743129e+02
2.173162673812965409e+02
2.177600871380564342e+02
2.203265030825124597e+02
2.363841932667677952e+02
2.404658887278397970e+02
2.195070297903912433e+02
2.364832006630879278e+02
2.296249361992316267e+02
2.182471637144602710e+02
2.269638073425634275e+02
2.123221678550526974e+02
2.479820577618881998e+02
2.169144588549832520e+02
2.172021509718359766e+02
2.278749761222388770e+02
2.226028873915421968e+02
2.096148006281653124e+02
2.224750054730182569e+02
2.494439438854471689e+02
2.237004463312574103e+02
2.262950213926757499e+02
2.311921141943030875e+02
2.252374512242039373e+02
2.296372145614929252e+02
2.358927804802958690e+02
2.184951592854176283e+02
2.262991931649905268e+02
2.127065479929082414e+02
2.263470212908329700e+02
2.153419961634340041e+02
2.273024091334028469e+02
2.430959235302252068e+02
2.191925928003702495e+02
2.384876216765855474e+02
2.261302117857207463e+02
2.270814249392676913e+02
2.268095747884606226e+02
2.357290656465049210e+02
2.270187158362011814e+02
2.252380972436349111e+02
2.275590688231826562e+02
2.306092600729580226e+02
2.217174735955805716e+02
2.284950456421030935e+02
2.209627791447474010e+02
2.465718978479620773e+02
2.185741628800478225e+02
2.185600128729646485e+02
2.143800779042214799e+02
2.190486900691447261e+02
2.427119732324290453e+02
2.089464476380976237e+02
2.193551406285689609e+02
2.193090801590525416e+02
2.188201970833951577e+02
2.226274260945955916e+02
2.218455782809140544e+02
2.207652617743689234e+02
2.187392598872896770e+02
2.225179708437070758e+02
2.268306624520862727e+02
2.193823017857787931e+02
2.304438685349897469e+02
2.173381480947623459e+02
2.179714007009785064e+02
2.479151976641107922e+02
2.445801523952889909e+02
2.194666790342887737e+02
2.200851655259641575e+02
2.203388716348379148e+02
2.243072190179308336e+02
2.257904622346356405e+02
2.192523461500581163e+02
2.471333724668633920e+02
2.196732590164966155e+02
2.183981519005129144e+02
2.161074428663694960e+02
2.200547145612517568e+02
2.275847375897855329e+02
2.176499967668715385e+02
2.370715085658782186e+02
2.119834886574787163e+02
2.225235956262258981e+02
2.146085661542433058e+02
2.185936715243806816e+02
2.218317779602845405e+02
2.183063422580978852e+02
2.297305603647532735e+02
2.168467027024405240e+02
2.505554638388342426e+02
2.194633333833440929e+02
2.481742682081933822e+02
2.483140502710383544e+02
2.351563718633375117e+02
2.225523863362515442e+02
2.377523361595334279e+02
2.211775186624170999e+02
2.450117243715377526e+02
2.204381309427065219e+02
2.177246525955778509e+02
2.166063045828768736e+02
2.414918989975387831e+02
2.178522414960640674e+02
2.173049043922671899e+02
2.464789703264709715e+02
2.167319445916425593e+02
2.498529505464097156e+02
2.160157597594188985e+02
2.270932876677766217e+02
2.447362887346774301e+02
2.210321297175623840e+02
2.224795541184097090e+02
2.170746144727330886e+02
2.409046710576570547e+02
2.175559298289618937e+02
2.184822702121003317e+02
2.439385230811850533e+02
2.352870629104875206e+02
2.256350811949515673e+02
2.212318355242263692e+02
2.444955533481789871e+02
2.173576162729557382e+02
2.193675189303911282e+02
2.203955476458558280e+02
2.407163319116480693e+02
2.474567334418275379e+02
2.331215035627988641e+02
2.265332416376108426e+02
2.172222809521786075e+02
2.256306360731045686e+02
2.461177902374971609e+02
2.464802342157564397e+02
2.421028237900056865e+02
2.279647968092103838e+02
2.172516968353308471e+02
2.175432075114055692e+02
2.264179720627194570e+02
2.345942918599108111e+02
2.316284178284016093e+02
2.316268451108621207e+02
2.318728386841583244e+02
2.439114178789618848e+02
2.403564040854506345e+02
2.255687058332540573e+02
2.216095529164620643e+02
2.277140868749843889e+02
2.430277027096764755e+02
2.324552730120952333e+02
2.466641830722747386e+02
2.252095032669546697e+02
2.353726416599083109e+02
2.261457366968163853e+02
2.422862076880040831e+02
2.454174859326875264e+02
2.467885490354806279e+02
2.259175368520975269e+02
2.242611001300896305e+02
2.266674335665411775e+02
2.233228736207358907e+02
2.268700957091814132e+02
2.250803401180868661e+02
2.250067739603287009e+02
2.239108238266925639e+02
2.469061640833251658e+02
2.452433228138772279e+02
2.261769924700184617e+02
2.259902644891495243e+02
2.283932456121376049e+02
2.455785881005555495e+02
2.228868637229683713e+02
2.342251088574425921e+02
2.391891757346088525e+02
2.194603775035801903e+02
2.468207319016709675e+02
2.265629675295210177e+02
2.181795338509104454e+02
2.344133628544101384e+02
2.403308217714584885e+02
2.200650129392709005e+02
2.432764049243152726e+02
2.194567520394247424e+02
2.137538131755384825e+02
2.374364211514278509e+02
2.216209007907140176e+02
2.407810750674588007e+02
2.375730354560135140e+02
2.317866597579653956e+02
2.262123785291212243e+02
2.345099646787772087e+02
2.465363790004205384e+02
2.439717610590831214e+02
2.186328478598974243e+02
2.457816341626221686e+02
2.401568352000112725e+02
2.210551885510750481e+02
2.450352356272705379e+02
2.183947536803007381e+02
2.189626236562832560e+02
2.313003740486541915e+02
2.409751831287370578e+02
2.233994946166795614e+02
2.250315734624412016e+02
2.292056936135255398e+02
2.461189316144650547e+02
2.145907611613440622e+02
2.259381483791798075e+02
2.214997037700534861e+02
2.227738111843505919e+02
2.264587601874671066e+02
2.238971006358998466e+02
2.336271215244480857e+02
2.359456016755387964e+02
2.325113238218632148e+02
2.364778154726406569e+02
2.257411468426279839e+02
2.488846185967869360e+02
2.202652833525306733e+02
2.268623465180116909e+02
2.316134401367615965e+02
2.165900320497689222e+02
2.236770239134719986e+02
2.318503430060619621e+02
2.225029467711120787e+02
2.326489247360420620e+02
2.275501742867706412e+02
2.177379989315646753e+02
2.162722412495928381e+02
2.230507497959612806e+02
2.311074667653531378e+02
2.254030304310779513e+02
2.177497245951988418e+02
2.171050353930667143e+02
2.218373377051423176e+02
2.187666917325363443e+02
2.177948411360143837e+02
2.481840033305605004e+02
2.202583421266808159e+02
2.363666410655631296e+02
2.230751098262453240e+02
2.233792774642350594e+02
2.245572448502747420e+02
2.266983633812064340e+02
2.227058948106940193e+02
2.245497329007172027e+02
2.189226393981173260e+02
2.151865519293963303e+02
2.236697781837112586e+02
2.157173720370026331e+02
2.395810501188583430e+02
2.210409092058104648e+02
2.207546467831370762e+02
2.165835944895765124e+02
2.164162688433076198e+02
2.153274494153153853e+02
2.160904656466124720e+02
2.225067675257571125e+02
2.432186995445210869e+02
2.167021171646002244e+02
2.262184178855558514e+02
2.414229871807914947e+02
2.133888050408669415e+02
2.459979363821126981e+02
2.149502180215296505e+02
2.241631128028213880e+02
2.191628194509757179e+02
2.104054783545101657e+02
2.171791256992052865e+02
2.230211642608367129e+02
2.230834085868057741e+02
2.401485087902236160e+02
2.192330823097875907e+02
2.188033862477863067e+02
2.503284890032483645e+02
2.250988617584357598e+02
2.164762858720900169e+02
2.209387761264402172e+02
2.211261591768102335e+02
2.259667946467995989e+02
2.206727587662383030e+02
2.158620537600439491e+02
2.325766985845200452e+02
2.118823517740107150e+02
2.135465654406297915e+02
2.122439262807735076e+02
2.116523635070375917e+02
2.224723947628242513e+02
2.157003485363449329e+02
2.232881902198027433e+02
2.137859672482789222e+02
2.209231894669209737e+02
2.119162852170573501e+02
2.404093571991504632e+02
2.226179057810161623e+02
2.180645843800121497e+02
2.186116737203925311e+02
2.143818670062916851e+02
2.110024814718050550e+02
2.162251841456704256e+02
2.540064622592035164e+02
2.438339449195978546e+02
2.531833424898761677e+02
2.108938451341185782e+02
2.182327468552873597e+02
2.431361972872210799e+02
2.339379898168498073e+02
2.611766588927334283e+02
2.368874444829328354e+02
2.254041383140979065e+02
2.129347151454042830e+02
2.195245175448039276e+02
2.419776057049551810e+02
2.323667014028931703e+02
2.213650569976246061e+02
2.417011352631475916e+02
2.339790039565673396e+02
2.342881978065564113e+02
2.317510220556627871e+02
2.531012026371156196e+02
2.286286393319612955e+02
2.546943319019402452e+02
2.639188377129804621e+02
2.204292210093698827e+02
2.398814151259500989e+02
2.355175176526726091e+02
2.711754086382135824e+02
2.429994309532223440e+02
2.733630140992823954e+02
2.261766959218739999e+02
2.315865242277903064e+02
2.401290452139514855e+02
2.415955931317271848e+02
2.370156648566209867e+02
2.359682901009857972e+02
2.438049293810007327e+02
2.420928116091988613e+02
2.575295271419000755e+02
2.327446831588442251e+02
2.462450483414698397e+02
2.418126972734259539e+02
2.396568343921828159e+02
2.600586715045122332e+02
2.630407789397895044e+02
2.435590064401202994e+02
2.707426102608011433e+02
2.277574630440808789e+02
2.349359504100460185e+02
2.565579118442175286e+02
2.514583312037364351e+02
2.332168894917062687e+02
2.438642225727200525e+02
2.337835279052452790e+02
2.326710087001607405e+02
2.369261212685478881e+02
2.405582163555432658e+02
2.396071402840223072e+02
2.343120159249309609e+02
2.296860568116803165e+02
2.353600058213525301e+02
2.626136479821065564e+02
2.638220452636855384e+02
2.333320498742719451e+02
2.362491268466020813e+02
2.409507578062718665e+02
2.458664908858062859e+02
2.095082536236957367e+02
2.159433001126078011e+02
2.135116480598185831e+02
2.336218131422050703e+02
2.383931076155984385e+02
2.589996680372911442e+02
2.316932929956584815e+02
2.246839970956962702e+02
2.186973596786092457e+02
2.665002634500088448e+02
2.320667112342561325e+02
2.211027299404066753e+02
2.626686114858260908e+02
2.361967434763142819e+02
2.701224729390985999e+02
2.564428799439727413e+02
2.371149515684238054e+02
2.503247630342027037e+02
2.390197699149262007e+02
2.631745449508159709e+02
2.683335237374012650e+02
2.695889335152810418e+02
2.373129484197074532e+02
2.338110579913886795e+02
2.203261172745847318e+02
2.624431085795962417e+02
2.359791900600615691e+02
2.377837123464780973e+02
2.303535326725869936e+02
2.410680912046279616e+02
2.425449265844948172e+02
2.378319803039924523e+02
2.387620427450424359e+02
2.360419743940093724e+02
2.364875469136991626e+02
2.373158893906060030e+02
2.481831849990494732e+02
2.585523712982467259e+02
2.578601522377359743e+02
2.333384037233032018e+02
2.268211491336166716e+02
2.446481261107687715e+02
2.425056876084370288e+02
2.349609389404857041e+02
2.634371392405264487e+02
2.219984829346127242e+02
2.434806603749846659e+02
2.383480656323619655e+02
2.517415197327947567e+02
2.651027041330303859e+02
2.520927022972282714e+02
2.405270826787960061e+02
2.508004352099683558e+02
2.517254644497493246e+02
2.504767172172088863e+02
2.511257833192933902e+02
2.503858904985266918e+02
2.322525334538157722e+02
2.496881609610308317e+02
2.516660780928929739e+02
2.421006337272536086e+02
2.504871040113064282e+02
2.505983502319994614e+02
2.518477279240289306e+02
2.507112625468939768e+02
2.493136271492399487e+02
2.511611592904462782e+02
2.516577609254991899e+02
2.513438588735252495e+02
2.367570097982552682e+02
2.492307421969682935e+02
2.358193397323250338e+02
2.471929291257687851e+02
2.351315696838116480e+02
2.655903117285184862e+02
2.350718164543705484e+02
2.390580721292448061e+02
2.610549644464963990e+02
2.373346963938977012e+02
2.142803198749303988e+02
2.370753174319181369e+02
2.340729327771452120e+02
2.398288632334003978e+02
2.589289374546527824e+02
2.307088611811993246e+02
2.353176141178105354e+02
2.351474515129182521e+02
2.361616916181066301e+02
2.363312734498198324e+02
2.539543843589193273e+02
2.333980721973164805e+02
2.327185060833438683e+02
2.357444089189288263e+02
2.319517776930461537e+02
2.429243988200308593e+02
2.341987835524912214e+02
2.680908188259201097e+02
2.432766842853228582e+02
2.567428712975255962e+02
2.237557674230502585e+02
2.347404115597798580e+02
2.354315034357601633e+02
2.185688837241177680e+02
2.461133185309857083e+02
2.267589757618604835e+02
2.602612941707524783e+02
2.379833853099144108e+02
2.433497621724180249e+02
2.351723166649975383e+02
2.488299419705273294e+02
2.397824014323213646e+02
2.610675864619430513e+02
2.436170444654649714e+02
2.347158304698681945e+02
2.274289421534314215e+02
2.282379673735434267e+02
2.582841614024904402e+02
2.261749483055929772e+02
2.583166971217212904e+02
2.345475440600760919e+02
2.300195191777003174e+02
2.335807861732355946e+02
2.377400126391206641e+02
2.652669529093797109e+02
2.327942969015344374e+02
2.331820960595859162e+02
2.315984595016268770e+02
2.424613401802880048e+02
2.284229781393227370e+02
2.596451563267301594e+02
2.599508790221877916e+02
2.322567158186191421e+02
2.625739218649422924e+02
2.504770132101334355e+02
2.354954834174901066e+02
2.320510679979330462e+02
2.349275561685908826e+02
2.442438017034970130e+02
2.759934693222560895e+02
2.435320086952708607e+02
2.427130226915831486e+02
2.360261173303290718e+02
2.399637241391477573e+02
2.334493507592869150e+02
2.312686087523424021e+02
2.392333377078464309e+02
2.335059502551788171e+02
2.627220953561832175e+02
2.116057252835797726e+02
2.374587524458442260e+02
2.637482843552996314e+02
2.643026421202918073e+02
2.447739960677608906e+02
2.367647925214732822e+02
2.330267140174591418e+02
2.369048151271738334e+02
2.685971295374907868e+02
2.097557914315243863e+02
2.202676699418187809e+02
2.315063924433426337e+02
2.101916575546341619e+02
2.328842740328419723e+02
2.137880370545224196e+02
2.276231907150693416e+02
2.141789786296129421e+02
2.285774249353607672e+02
2.378155337038630819e+02
2.379592507324418591e+02
2.284766314173373019e+02
2.521093804162849210e+02
2.349160414366761529e+02
2.730173343276858304e+02
2.432599705998014201e+02
2.307306054689546215e+02
2.389572649639916335e+02
2.397871622660073285e+02
2.362801628199868560e+02
2.601219488878281823e+02
2.629057917711807022e+02
2.331315492856862193e+02
2.262040729965196988e+02
2.639026342051676579e+02
2.361077502691539962e+02
2.324868324844106553e+02
2.407778464614735583e+02
2.277616937679639761e+02
2.421957925472524664e+02
2.432486908560150880e+02
2.207726659494373393e+02
2.334759687744368932e+02
2.647185687107165677e+02
2.212997164328929784e+02
2.358643240371840761e+02
2.199872546556370025e+02
2.203764574564867758e+02
2.348412173875522342e+02
2.144872371901167583e+02
2.342700664055702759e+02
2.361946402283809334e+02
2.358781400548791396e+02
2.084307655567738493e+02
2.161150452636725561e+02
2.362399977096936823e+02
2.336024336238448882e+02
2.345436197494348107e+02
2.377374856733185311e+02
2.755954964668544562e+02
2.334035440783902118e+02
2.196696908994916555e+02
2.343595784814028775e+02
2.320176759941590205e+02
2.313087247502785431e+02
2.331250902077865135e+02
2.426445878682859529e+02
2.559715742789621800e+02
2.354781613267677756e+02
2.538252064945362463e+02
2.338025062689997071e+02
2.383209173936232332e+02
2.291926906809099478e+02
2.455077295182283592e+02
2.441817991704527628e+02
2.267872495762987626e+02
2.235152138760123250e+02
2.393603742764694573e+02
2.399498610592420391e+02
2.315986028275407875e+02
2.389999151721012822e+02
2.377110312145116495e+02
2.348843841242219810e+02
2.304079087963128813e+02
2.329797625297026684e+02
2.591023848792827380e+02
2.606423593256803315e+02
2.402662592003774762e+02
2.399336921514501455e+02
2.492252840894122414e+02
2.147448355284973047e+02
2.156233294688439059e+02
2.374889750302549771e+02
2.391671755605951830e+02
2.307617476583225198e+02
2.618382149850900191e+02
2.519486204830317604e+02
2.328890455479963748e+02
2.202911433351211201e+02
2.509193534785093505e+02
2.604367903862163303e+02
2.510079440102357182e+02
2.412298357321500930e+02
2.406783253644061062e+02
2.448670846486736536e+02
2.493233484838750087e+02
2.281877436377087633e+02
2.346783982417859988e+02
2.733079851140237224e+02
2.354856932333043460e+02
2.321585859614040146e+02
2.332049922990418054e+02
2.285291142605109940e+02
2.353359559172254762e+02
2.488378799354298962e+02
2.615884421296186702e+02
2.389684747560074243e+02
2.336063629375263702e+02
2.339268935956701512e+02
2.433275542541934726e+02
2.083247352451913628e+02
2.327257560592228174e+02
2.386412638476517145e+02
2.535882121552300532e+02
2.554383318556037921e+02
2.284699379093095217e+02
2.336519240639909754e+02
2.403627621986521206e+02
2.305123829415328771e+02
2.405614110786245590e+02
2.419088032060386411e+02
2.304071934480418804e+02
2.408918239734670408e+02
2.343229482293435240e+02
2.261419811368029968e+02
2.374985098661825305e+02
2.350929509164988076e+02
2.333238717668448885e+02
2.341238084031127471e+02
2.615897142071013945e+02
2.411903593455672024e+02
2.187104823684414612e+02
2.326489068730691088e+02
2.083881276683195551e+02
2.356086641227368261e+02
2.536491113582811465e+02
2.334436469506803746e+02
2.278128709445303741e+02
2.459823947936605748e+02
2.222147549612362809e+02
2.500793113240504226e+02
2.384626966936314147e+02
2.541940968670301118e+02
2.359018942815971513e+02
2.368624165221801832e+02
2.176893889592113283e+02
2.484753493535394568e+02
2.307395010188912750e+02
2.166406521913706911e+02
2.396826020007734996e+02
2.152784778980839633e+02
2.400753977524599634e+02
2.310536312446778879e+02
2.518482967842962807e+02
2.370025325907837157e+02
2.159505462305505432e+02
2.396699066503264532e+02
2.355493651123456686e+02
2.305625563221093159e+02
2.349615074074750396e+02
2.275990742185764191e+02
2.354316416346223377e+02
2.337241546611550973e+02
2.288840483589162318e+02
2.644432886680341994e+02
2.317206661195246795e+02
2.392554779938952265e+02
2.387051529212823198e+02
2.247308102164131753e+02
2.256532460726002682e+02
2.473821505250996609e+02
2.488442528892532550e+02
2.324714100915128654e+02
2.402339150612957610e+02
2.351784502952614559e+02
2.324035144766387191e+02
2.269612566688033439e+02
2.664973382275442191e+02
2.125921710955955746e+02
2.598704517154063183e+02
2.367432476334555815e+02
2.576499224313228638e+02
2.178844374530948187e+02
2.282969689867363172e+02
2.363773219044286122e+02
2.382926292034237576e+02
2.353109878283130740e+02
2.395897339206107972e+02
2.310607666588748543e+02
2.381724249720588773e+02
2.772834373304515907e+02
2.310865321759376343e+02
2.674027151600723187e+02
2.549951329277382115e+02
2.418270201843382097e+02
2.244925706502948799e+02
2.477664935303019433e+02
2.411106179713025313e+02
2.198515969539522246e+02
2.620954806641008190e+02
2.416413328082883254e+02
2.409763131199435975e+02
2.461863431522770895e+02
2.331424083724884042e+02
2.334255548568095548e+02
2.312440115066316935e+02
2.343312151130240863e+02
2.407221573654779831e+02
2.210371255071850385e+02
2.193866409534691400e+02
2.519874128618071154e+02
2.300798717705199010e+02
2.382874527669080749e+02
2.337024927603039259e+02
2.519386002477848479e+02
2.355325252274317336e+02
2.329666945700590759e+02
2.172628363894144456e+02
2.325895541733180494e+02
2.322194290024814336e+02
2.625628891950608477e+02
2.121998204361234741e+02
2.528625581905157560e+02
2.522696703273070113e+02
2.147877616384894850e+02
2.382119364306811633e+02
2.743133434179054575e+02
2.610121072981633574e+02
2.510220776113696104e+02
2.382092376444426520e+02
2.372397890956034985e+02
2.299912018997708287e+02
2.145808361338338557e+02
2.419582876686429813e+02
2.420033372570856898e+02
2.486363051124379808e+02
2.362158073594461598e+02
2.384363787952673590e+02
2.343611582168456948e+02
2.339863824637515961e+02
2.490994867992514799e+02
2.510066234098155746e+02
2.385825352108228401e+02
2.444111679993338271e+02
2.397952645130482097e+02
2.165878200906427082e+02
2.342843474698871944e+02
2.320427140162293824e+02
2.615870863339350763e+02
2.654976284177014350e+02
2.299740073272598124e+02
2.331865687821949109e+02
2.333303771132756879e+02
2.265816778296137670e+02
2.395507720374931182e+02
2.174691396099566418e+02
2.361212858384824358e+02
2.312489445233897243e+02
2.421648721569077054e+02
2.369819800999912900e+02
2.521024230697587427e+02
2.608273487394760650e+02
2.205061549968290819e+02
2.437066072086706185e+02
2.300566937619591954e+02
2.758786238843171645e+02
2.589034803887697080e+02
2.386131175284078267e+02
2.358283171892765608e+02
2.363584378410030808e+02
2.342188491488318789e+02
2.330909910385861394e+02
2.403522767928762676e+02
2.299422117960552896e+02
2.386362517467242128e+02
2.427412106591405916e+02
2.772123728528171682e+02
2.378661217863323998e+02
2.358557122946238565e+02
2.409935862604096997e+02
2.326377495134876767e+02
2.349197627094754921e+02
2.282155819278303284e+02
2.373552447710363822e+02
2.430620995405684823e+02
2.719055707912061166e+02
2.343701924637538241e+02
2.421410095632530215e+02
2.344014418326575253e+02
2.330046118949311733e+02
2.355768445401434406e+02
2.510806303191796189e+02
2.365501376950921326e+02
2.168436918446161883e+02
2.579733590396809859e+02
2.338058438532991659e+02
2.314607451405699408e+02
2.248054329376466001e+02
2.343539718997066359e+02
2.336716864101715032e+02
2.414319241993408980e+02
2.341566656767926133e+02
2.384369100468751128e+02
2.144858174510208642e+02
2.748067131298690811e+02
2.636019620124803851e+02
2.347945357062176299e+02
2.209458661377629483e+02
2.380722679829175092e+02
2.326929664864520930e+02
2.283591312321266855e+02
2.371649770351208417e+02
2.472601265429796911e+02
2.616541639714076837e+02
2.463856598880294371e+02
2.634559974085721592e+02
2.709281237014834005e+02
2.300643328474699842e+02
2.503164292118891012e+02
2.186696842721675011e+02
2.404613140362628485e+02
2.141175864104013442e+02
2.334867338699631603e+02
2.357078437869974152e+02
2.452268479248397171e+02
2.510426951343513053e+02
2.605499890389736493e+02
2.498259657265061549e+02
2.315562274091107042e+02
2.660705913851377318e+02
2.367868403283204373e+02
2.324961378025682563e+02
2.393390045601355496e+02
2.337588479880101886e+02
2.399687885907744089e+02
2.358452892037867059e+02
2.356593159508138342e+02
2.360882550545953222e+02
2.304397252866816359e+02
2.285206271410009720e+02
2.632356003376736453e+02
2.522271734347791892e+02
2.335657538468653343e+02
2.095709864093503825e+02
2.309900412130911604e+02
2.601695685718899540e+02
2.407839066015693561e+02
2.385266560349660665e+02
2.707536402914645350e+02
2.542011341566823148e+02
2.447170197122850368e+02
2.251472029737779792e+02
2.374355067734390445e+02
2.158540026819861168e+02
2.347754517411948427e+02
2.381517752942096706e+02
2.650113119343930634e+02
2.597499951636331161e+02
2.366466146043868548e+02
2.394176589314416219e+02
2.308361864858960359e+02
2.411249548068104787e+02
2.406533325327025921e+02
2.281430703210639308e+02
2.571031047781768848e+02
2.396271722131103274e+02
2.319985446777983782e+02
2.316923611245875918e+02
2.366868832807875549e+02
2.579381309175695378e+02
2.356237841285312982e+02
2.744266907153119632e+02
2.520886621218883192e+02
2.300559896638602027e+02
2.720151216649359753e+02
2.596197459120515987e+02
2.263219702648302416e+02
2.319915905441828272e+02
2.358641182136212535e+02
2.356628932773799363e+02
2.174751642818778237e+02
2.377736901454073859e+02
2.293248085273739036e+02
2.472389167286491443e+02
2.336646474309773112e+02
2.472927436403345212e+02
2.392741565005316033e+02
2.341099538339157959e+02
2.159948068000934143e+02
2.155350303062428168e+02
2.386080337241548932e+02
2.362767630223035553e+02
2.589239570103499659e+02
2.309610885156869813e+02
2.347689722151888532e+02
2.637184425180655580e+02
2.594927642215005790e+02
2.366974230193128790e+02
2.339553623128853133e+02
2.321044778702870985e+02
2.186464818795273004e+02
2.335837425659013036e+02
2.324496594593922794e+02
2.391170615760994735e+02
2.611882642964933439e+02
2.609874042837038246e+02
2.418863229292270773e+02
2.616995366916931403e+02
2.706934139071855725e+02
2.424860600542916131e+02
2.408560229754847342e+02
2.480627986728677570e+02
2.406558223321140986e+02
2.364446750946313784e+02
2.368443378747922168e+02
2.526953386185167005e+02
2.716042494356232169e+02
2.156580722615291279e+02
2.427907665548791272e+02
2.313225549614003000e+02
2.334406433638511373e+02
2.380059073945741090e+02
2.428432515193804022e+02
2.358569772703008596e+02
2.341195636233634332e+02
2.348269761609266766e+02
2.376246336549378952e+02
2.395301982610666585e+02
2.367587737051342742e+02
2.322831522820969212e+02
2.347832764391478690e+02
2.433101918564387915e+02
2.367597165819218219e+02
2.573851618708470141e+02
2.373963504732093952e+02
2.352773527147822392e+02
2.401034555079798452e+02
2.362583696032886849e+02
2.602021533907610547e+02
2.578924665650819179e+02
2.306397020455196412e+02
2.316681863509093660e+02
2.518063655592745249e+02
2.317139481448162996e+02
2.567637424700511701e+02
2.532570252794333214e+02
2.375282785457127943e+02
2.308373920410087123e+02
2.521833289797481541e+02
2.432637360974239868e+02
2.226625593737533109e+02
2.153836842777491256e+02
2.301495668171906459e+02
2.517549894528038408e+02
2.391559611119020019e+02
2.304335028248912920e+02
2.569786903381351522e+02
2.237384407817337717e+02
2.603554048189099035e+02
2.346984001157043167e+02
2.685172046110558313e+02
2.326230223096924306e+02
2.392885369319984932e+02
2.412134615840019762e+02
2.397644485666846492e+02
2.399829022863573869e+02
2.408855165217985643e+02
2.354078428256920006e+02
2.344522650744381735e+02
2.334419911379999917e+02
2.243163872216217669e+02
2.365402282845137449e+02
2.680710943619490649e+02
2.722666115642798559e+02
2.241796947150785115e+02
2.389925377723081112e+02
2.313384477566905275e+02
2.319347867290868805e+02
2.438059208203538901e+02
2.407210112148371763e+02
2.348267449036978860e+02
2.416834888519787228e+02
2.337956475950463187e+02
2.333402023284431550e+02
2.302462610709670230e+02
2.532187329886571092e+02
2.345102581573201235e+02
2.358121505242542071e+02
2.238812343913060090e+02
2.330247323136672151e+02
2.320954218546636980e+02
2.304527037572918289e+02
2.405541884498221634e+02
2.740396719392059595e+02
2.382719057777762544e+02
2.323799144098456395e+02
2.178376397262535988e+02
2.375531409330710630e+02
2.442962156479106852e+02
2.357775958375587493e+02
2.598967352217002826e+02
2.396637407108702291e+02
2.301655639719012072e+02
2.340728689705946977e+02
2.728944599003478970e+02
2.336219626548977999e+02
2.390672933388045180e+02
2.394333390081724247e+02
2.367619519407596158e+02
2.383316030501034675e+02
2.390103185786528570e+02
2.370206593891436455e+02
2.374603780605733050e+02
2.140455380535316863e+02
2.363313676713929397e+02
2.335963628260213909e+02
2.629134773389909014e+02
2.348856030832815236e+02
2.623734018994512667e+02
2.361753540108479683e+02
2.330555392645126744e+02
2.330010384020698098e+02
2.295769707225581158e+02
2.369263867001603217e+02
2.376541919136300010e+02
2.300683476071590690e+02
2.293907606486037025e+02
2.365702151320089683e+02
2.338313942506354408e+02
2.328301618734557792e+02
2.374092993602032209e+02
2.582760623304775436e+02
2.408243229213648533e+02
2.337462828341417094e+02
2.277597665403747556e+02
2.306858168824410598e+02
2.457290087726273669e+02
2.579757026188646023e+02
2.340339268829895900e+02
2.476870487996745851e+02
2.600179084599448061e+02
2.523115210877662093e+02
2.334645258913730288e+02
2.333374753605072272e+02
2.154617865422952434e+02
2.608467193808139655e+02
2.442293867686706221e+02
2.416086729703388301e+02
2.336130850815846998e+02
2.369614413338477448e+02
2.347218394024350800e+02
2.338798045161419168e+02
2.351157857520645109e+02
2.350700269208293776e+02
2.165390993130703521e+02
2.088229920307979910e+02
2.359304006731438506e+02
2.370950397142059956e+02
2.374647754981789092e+02
2.301156465675055642e+02
2.319427084849679375e+02
2.267146996211248506e+02
2.375218105294370616e+02
2.349233783775002848e+02
2.608688155353802358e+02
2.634470043072362273e+02
2.365842718282417536e+02
2.339651544954278108e+02
2.356365080061402466e+02
2.332602049881167545e+02
2.231736374583535962e+02
2.363158080932142013e+02
2.349269974936160850e+02
2.366926648001527269e+02
2.347662930761891857e+02
2.360609215710093167e+02
2.375987335038408048e+02
2.283941636769775698e+02
2.502494263171087709e+02
2.357390048545888703e+02
2.336053538318124652e+02
2.635683779338352792e+02
2.429496560812800112e+02
2.305660956852845231e+02
2.352058770401828269e+02
2.189643753023560748e+02
2.292441168203548045e+02
2.342241963592511809e+02
2.645404346610374660e+02
2.344287596609540856e+02
2.335051008035760844e+02
2.638443203866800104e+02
2.286033558851442251e+02
2.390077508817336422e+02
2.143353384013897198e+02
2.306776593768147734e+02
2.358364506995415297e+02
2.342113637227119227e+02
2.343982155381813755e+02
2.302834172846796719e+02
2.333892814923893013e+02
2.331784730202666935e+02
2.339839473756401560e+02
2.347936504234123447e+02
2.330933459078494820e+02
2.283603207554044729e+02
2.351141014725941147e+02
2.342808494061844442e+02
2.339926532973273652e+02
2.347600013186798265e+02
2.343027029727659283e+02
2.335992867216639013e+02
2.334117688248755371e+02
2.195791029704082575e+02
2.383291617794574790e+02
2.265349740400034193e+02
2.341030933120617874e+02
2.566262812821166222e+02
2.373200500980740344e+02
2.363615669839741713e+02
2.399552744258498649e+02
2.324703698486966346e+02
2.243222677826274776e+02
2.652713071591644507e+02
2.410538343465954085e+02
2.255150398730666268e+02
2.340232524878448714e+02
2.686265780459854682e+02
2.576248404694136411e+02
2.271280125893873105e+02
2.334968571154305721e+02
2.428858403759933537e+02
2.412207763826625637e+02
2.372342208510012824e+02
2.337475743637734524e+02
2.322216966831881564e+02
2.339522720821157122e+02
2.336464330860538610e+02
2.354232634350757962e+02
2.562395177962515618e+02
2.158405908555320991e+02
2.333829392338969910e+02
2.660812748478322192e+02
2.388094633748719104e+02
2.338508870468818941e+02
2.331811736478514092e+02
2.470698274344841536e+02
2.314039380656225831e+02
2.383067849772740487e+02
2.473623958412557613e+02
2.161383209355460622e+02
2.342548830698088125e+02
2.341522161139538412e+02
2.158939766102357680e+02
2.340128503765108121e+02
2.334641685370797575e+02
2.332628664054949468e+02
2.332830291962790170e+02
2.392503952315723836e+02
2.401572678477560885e+02
2.651477355524666564e+02
2.338837981905547281e+02
2.337560614865171829e+02
2.391962280059314025e+02
2.333534466662104023e+02
2.489288296230795652e+02
2.329581744671895933e+02
2.381891534249516553e+02
2.334259389871382950e+02
2.359173501064802849e+02
2.338340154245785527e+02
2.342731355853057096e+02
2.539086305287868868e+02
2.371442218923183134e+02
2.689485310047231792e+02
2.362423322477292800e+02
2.293990150735317002e+02
2.409231708489854213e+02
2.338688055766911589e+02
2.493009211536876251e+02
2.266926629402378808e+02
2.348152892474454347e+02
2.725897740665614037e+02
2.637679805579901426e+02
2.363715933770168931e+02
2.251420175080241961e+02
2.290268748802495793e+02
2.770476679248475307e+02
2.247653889518935557e+02
2.248470107132885119e+02
2.626129701716881755e+02
2.590023570276022156e+02
2.330339775639343713e+02
2.386290705417385993e+02
2.578092558152121683e+02
2.267941340549220115e+02
2.364590229384616862e+02
2.320210427659555990e+02
2.603518175968907826e+02
2.245361614909387811e+02
2.245993415167546914e+02
2.253686598808413351e+02
2.251314591651421040e+02
2.149975106490621215e+02
2.330240968721235504e+02
2.370585444169226434e+02
2.345060225971596424e+02
2.162425279681338566e+02
2.271844634917619032e+02
2.330697387425426825e+02
2.536160802383917598e+02
2.240756048056299221e+02
2.315302002649801523e+02
2.574902771913482411e+02
2.667167102599622694e+02
2.581355952709897679e+02
2.411540678666789574e+02
2.641412708309022719e+02
2.332139498318080371e+02
2.410936636088932801e+02
2.275894607629626876e+02
2.224751189553256836e+02
2.506724485537776559e+02
2.306973268079975128e+02
2.350460705756991899e+02
2.239106536516135293e+02
2.385399881058863230e+02
2.410500873440844884e+02
2.603624216415790897e+02
2.422282009612102627e+02
2.368669835874545129e+02
2.361190140469329606e+02
2.263985434619602586e+02
2.548603630648264016e+02
2.330352011646638744e+02
2.343131257310100750e+02
2.623130127723535452e+02
2.356089424975888278e+02
2.379213991106956314e+02
2.320100269193794134e+02
2.380803680840986942e+02
2.696545218573664897e+02
2.419583998989998008e+02
2.356808462586266160e+02
2.612901261278817628e+02
2.590264105120654676e+02
2.406433273997840843e+02
2.382743722219234144e+02
2.608830518519048383e+02
2.451949201004335919e+02
2.290354014141022390e+02
2.467846825308313043e+02
2.334905793232042583e+02
2.401520764474160501e+02
2.608239115796793044e+02
2.424141598283154337e+02
2.592403369409870493e+02
2.429752717464423597e+02
2.321510569603825616e+02
2.188955820001471864e+02
2.382627109968478862e+02
2.442701546523325362e+02
2.603081285079939562e+02
2.596319671292885118e+02
2.414999287558281935e+02
2.521771987733804394e+02
2.389648455377328560e+02
2.414440534412977684e+02
2.360292285510419106e+02
2.411493744090244888e+02
2.424082321190677192e+02
2.309377769487607281e+02
2.373898162448759308e+02
2.098658400167186642e+02
2.221364666702181978e+02
2.314739253840592710e+02
2.372427808953420083e+02
2.259439198661632417e+02
2.395331308254444025e+02
2.355771962016854673e+02
2.363969598580896445e+02
2.313366133003490575e+02
2.519001334882283913e+02
2.311219940645153201e+02
2.326009328593839314e+02
2.299015527236270771e+02
2.332425414027767374e+02
2.404423956278247090e+02
2.356727528695160458e+02
2.324578993155674027e+02
2.372516745371487445e+02
2.385085593071072481e+02
2.299485467369156027e+02
2.164700054498423185e+02
2.258922555195877067e+02
2.464320031733126939e+02
2.430686228565401734e+02
2.343571630037007765e+02
2.353272817325039910e+02
2.338318459686747701e+02
2.364163952924765226e+02
2.173086978132485854e+02
2.607444839898439000e+02
2.427315682575554092e+02
2.240393915777912639e+02
2.380868279414012818e+02
2.346713521139387524e+02
2.171837608580497943e+02
2.388427709430681318e+02
2.597423380049748403e+02
2.400501479211993399e+02
2.390272382784940532e+02
2.530299896076488722e+02
2.340872748613017222e+02
2.388945564118881180e+02
2.430481761060345036e+02
2.376469758825853376e+02
2.307205054556681318e+02
2.388903259447025675e+02
2.395245896829392791e+02
2.333992254172579237e+02
2.428178844249203507e+02
2.343190046128964354e+02
2.319409244143040496e+02
2.377615208401510074e+02
2.338058147747705107e+02
2.295188130569114549e+02
2.347894810608057128e+02
2.602551509712403117e+02
2.419201761317754631e+02
2.334683950503830943e+02
2.420565498081855367e+02
2.255138081108055417e+02
2.262806383993973895e+02
2.349254680352752302e+02
2.337265976401803869e+02
2.389064582741327740e+02
2.344068448264110600e+02
2.407862616613405180e+02
2.561534042062045842e+02
2.400643306913788706e+02
2.220405087602207175e+02
2.320155550079841191e+02
2.738058205321676724e+02
2.139927620635152152e+02
2.415640663829159394e+02
2.332120037288606227e+02
2.410916260669166036e+02
2.338982275550106067e+02
2.619237086286989893e+02
2.417908090278649809e+02
2.370732792601340293e+02
2.396834926253085314e+02
2.440172887492291238e+02
2.442497753000822343e+02
2.327891129043656520e+02
2.593387809420885901e+02
2.432248049759492119e+02
2.362533043742341476e+02
2.590607933871347086e+02
2.307842858073760226e+02
2.321365150710235810e+02
2.411460662662850893e+02
2.340901835808543012e+02
2.364786113250897301e+02
2.344137008980584653e+02
2.272967488777060225e+02
2.284306581986363653e+02
2.375770682695185769e+02
2.129944628306639629e+02
2.743419350234546528e+02
2.747157576716213043e+02
2.405429294175479527e+02
2.358982593460164026e+02
2.278592544149043420e+02
2.504324116050815974e+02
2.367911089238946261e+02
2.346720991920082895e+02
2.363270992901985323e+02
2.704591311342368840e+02
2.139956582150049371e+02
2.299512322253727632e+02
2.364591262173983353e+02
2.417784634150659144e+02
2.370920935120147419e+02
2.247792381542336386e+02
2.406108835560258399e+02
2.339914350063569373e+02
2.353042986812418462e+02
2.420029043274088281e+02
2.361407156348918477e+02
2.284577086955441416e+02
2.423077045528837346e+02
2.362856273834693752e+02
2.419387014637998732e+02
2.579661048962469749e+02
2.386069027760946142e+02
2.416417486134554338e+02
2.443693309789864543e+02
2.739880738291796547e+02
2.249489322954197803e+02
2.500101777958877278e+02
2.405882191105228287e+02
2.623605281851511677e+02
2.313733471082606457e+02
2.364032883864293524e+02
2.301625648449912092e+02
2.380438821919206021e+02
2.538830959317055260e+02
2.572333278703690667e+02
2.607867521415183205e+02
2.654795570408360845e+02
2.413069210464239802e+02
2.196922809625071125e+02
2.399954625729032216e+02
2.400152386733161904e+02
2.340864475003225778e+02
2.354739569391866780e+02
2.327298310498158003e+02
2.418069580877127009e+02
2.453884287915836921e+02
2.386497335782256641e+02
2.334602420327996697e+02
2.420694343447405004e+02
2.301885758631217129e+02
2.460400657761803700e+02
2.355197489950292606e+02
2.443204909323975471e+02
2.325433153512186095e+02
2.396532265543166602e+02
2.355835516739096249e+02
2.326703003355954138e+02
2.326810760913465117e+02
2.623470079382868789e+02
2.329490806181350990e+02
2.144649759255138974e+02
2.442270533571721103e+02
2.327557164885464260e+02
2.398683011310808411e+02
2.369271061420846252e+02
2.337932323067655034e+02
2.355876611906340372e+02
2.329779045820733074e+02
2.338442918570214886e+02
2.437032661728225094e+02
2.417691459402008149e+02
2.134472694234545429e+02
2.495025547217916824e+02
2.587538429145424743e+02
2.350313515620281919e+02
2.340637565956781145e+02
2.532642740689869356e+02
2.439075045824691301e+02
2.689868133360236584e+02
2.356397474336046969e+02
2.331142493656726629e+02
2.443691125763465948e+02
2.388021242366313857e+02
2.282496307958901980e+02
2.543971477473799041e+02
2.343602278397841587e+02
2.348059608512111254e+02
2.376929230762705174e+02
2.397809497640593293e+02
2.119736180454091254e+02
2.304494477040251468e+02
2.451219680838945010e+02
2.156172219100250231e+02
2.567567290891564653e+02
2.298612877625677413e+02
2.735175032476569186e+02
2.743770586092858252e+02
2.435390508744881686e+02
2.361151500316238412e+02
2.320452884386415917e+02
2.361680630174789997e+02
2.393447662533698974e+02
2.332631786244968453e+02
2.340924617299529586e+02
2.344086381103821566e+02
2.387710276471775330e+02
2.347684395495825527e+02
2.277398936371865545e+02
2.317868297671332414e+02
2.613738798261163652e+02
2.550990205214733351e+02
2.409521897871448459e+02
2.428388086547242040e+02
2.598238439460860150e+02
2.309747040509053022e+02
2.409269844508991127e+02
2.154675982811632480e+02
2.257516978778701002e+02
2.652063504774712328e+02
2.216692531602216718e+02
2.332330808064160408e+02
2.149517665925077949e+02
2.474626320478660659e+02
2.487273226329384954e+02
2.347067579676230764e+02
2.341762613645440751e+02
2.429029638870765098e+02
2.327459459342451851e+02
2.545354517730734187e+02
2.584147330148919650e+02
2.401241967375430590e+02
2.315094895067802270e+02
2.483079506039050841e+02
2.345881358817970295e+02
2.403636432814574846e+02
2.285578063767814001e+02
2.371989738914153349e+02
2.370024937228332362e+02
2.562556401137472335e+02
2.589902659376032830e+02
2.167605244203246571e+02
2.434673330408232914e+02
2.550381536542346339e+02
2.407333997525227574e+02
2.426979744276998190e+02
2.242845708591407856e+02
2.248901034400413721e+02
2.619944472557242534e+02
2.140101724964670211e+02
2.411489421261284747e+02
2.173982869683501349e+02
2.543082367119067442e+02
2.325848436276289135e+02
2.397583615229459895e+02
2.620710236468253242e+02
2.705882011061624439e+02
2.344114775448303760e+02
2.272470564113224611e+02
2.346708810975422921e+02
2.525628176725470269e+02
2.536817105002396033e+02
2.333302937678636511e+02
2.342532973544209085e+02
2.591204491361360169e+02
2.151795852969372049e+02
2.433227308060555458e+02
2.331078514504278871e+02
2.594692765038387847e+02
2.306567793026361528e+02
2.532754964317054487e+02
2.435988006898015499e+02
2.767202181629567121e+02
2.372457891507072816e+02
2.169320181072638150e+02
2.546801533954747470e+02
2.188346225251478927e+02
2.255371751389713495e+02
2.320120434366461950e+02
2.369788102756639319e+02
2.318576532813750362e+02
2.330586267294868890e+02
2.511352146425464014e+02
2.623174202328163460e+02
2.158953626735056730e+02
2.438879296107980394e+02
2.372605191046441746e+02
2.314425243994446078e+02
2.667549242637511497e+02
2.492292438996145734e+02
2.100899118395091989e+02
2.363750523024885410e+02
2.349855037011002707e+02
2.351180407297544264e+02
2.270608062631044390e+02
2.308905358008206576e+02
2.395238137257150584e+02
2.511314725858820509e+02
2.412314158428914652e+02
2.368476389816893288e+02
2.370700390114174354e+02
2.738328853244246375e+02
2.409336065287310475e+02
2.356109668404158697e+02
2.322896464483356453e+02
2.361503299819598567e+02
2.358404261908296462e+02
2.619663069070146548e+02
2.427232129586508336e+02
2.424981428498924458e+02
2.401743793650693704e+02
2.338499077861083606e+02
2.353140905356944472e+02
2.319419661138759352e+02
2.693995509410416389e+02
2.295956830287996127e+02
2.352396720093231011e+02
2.500028941245971907e+02
2.355787380559725079e+02
2.509047457762518150e+02
2.575999240102703425e+02
2.337318504098916776e+02
2.354159909061767451e+02
2.685480459657464962e+02
2.351019528334986148e+02
2.189388764307342399e+02
2.301329370379976353e+02
2.295752142525329873e+02
2.364358315633238590e+02
2.202670958416983922e+02
2.339748614077233526e+02
2.333566715268479470e+02
2.371909146080092796e+02
2.357125927193758628e+02
2.263688137193260559e+02
2.294109673654014898e+02
2.305819702294924127e+02
2.235336880552898151e+02
2.362396138350838442e+02
2.425478178274865400e+02
2.391216580765062076e+02
2.376972868203469886e+02
2.376338826834395093e+02
2.266429775358477059e+02
2.173351430131145605e+02
2.616562128955816888e+02
2.319760549173279855e+02
2.188415426465982989e+02
2.331192061116857417e+02
2.354095307824671295e+02
2.315251164741668219e+02
2.387001666169777820e+02
2.382614989620632855e+02
2.592132497424912003e+02
2.344208716314318508e+02
2.351049099015535546e+02
2.506151740255173763e+02
2.124448316019162633e+02
2.154803039324265228e+02
2.103062642467195644e+02
2.363049833198510044e+02
2.520045508932579708e+02
2.429898824830305273e+02
2.318951414107432925e+02
2.342678043287152434e+02
2.663027014376819466e+02
2.382040163271225879e+02
2.217481911511820840e+02
2.490131835884908753e+02
2.500960154937025948e+02
2.315470330456908528e+02
2.338164510847802831e+02
2.338082489565821334e+02
2.363908212792522932e+02
2.329169015046158506e+02
2.390113982006288893e+02
2.327293009835725854e+02
2.343281922183458619e+02
2.179672200937704645e+02
2.332681230824363183e+02
2.194216274845571775e+02
2.672543265338889569e+02
2.330597593355866763e+02
2.460890541416600286e+02
2.176270472907731346e+02
2.583179257653165450e+02
2.125396357746059266e+02
2.324522723508653144e+02
2.331527069366813123e+02
2.184105326624304553e+02
2.270744038022311884e+02
2.371611442685413635e+02
2.489332239718486619e+02
2.302815062380884115e+02
2.437492994854715107e+02
2.366918999070117593e+02
2.628162029542672826e+02
2.390651546743131064e+02
2.308810982977197455e+02
2.506397631832906825e+02
2.287653968022441688e+02
2.201094043458370209e+02
2.406195538030506782e+02
2.398394713463386267e+02
2.367760230247013737e+02
2.334431547974552075e+02
2.394392453779435073e+02
2.362576295637224462e+02
2.594890175561751562e+02
2.408837147289804648e+02
2.348450242492282598e+02
2.419536705237963474e+02
2.512672768910861976e+02
2.597594842317064376e+02
2.342007019531222340e+02
2.483344261338279466e+02
2.621205993199096156e+02
2.181365713835993745e+02
2.181487706154451018e+02
2.600261377199335016e+02
2.392981149660864162e+02
2.320246720084062702e+02
2.337386126177435415e+02
2.353379943544857724e+02
2.368931709806461754e+02
2.345232460939883481e+02
2.623129345999463453e+02
2.357412627557941960e+02
2.653520504482154934e+02
2.213703098270838439e+02
2.400705205855198301e+02
2.393416590209704964e+02
2.577962168933045177e+02
2.338968139552042089e+02
2.382623292546963967e+02
2.384972526478773318e+02
2.367194056903423984e+02
2.376823143928317563e+02
2.370170901719149583e+02
2.355542798506713780e+02
2.169391070807480162e+02
2.520165019487723157e+02
2.351527624474504137e+02
2.301760791597409934e+02
2.403950757783626955e+02
2.367445729355174251e+02
2.341133717719704066e+02
2.300871923357185551e+02
2.405809700053838469e+02
2.683612900653217821e+02
2.620672723649004183e+02
2.603037675529935768e+02
2.321002749552390014e+02
2.335081718352348332e+02
2.374879053286665282e+02
2.387092122358338315e+02
2.510346194239070883e+02
2.158148243699820625e+02
2.314364349288005087e+02
2.339205425076678466e+02
2.634559309983573030e+02
2.519228786378895961e+02
2.367209349313979487e+02
2.401966916098455727e+02
2.352970305837486649e+02
2.425601428958926533e+02
2.375076700838035038e+02
2.334269706955320771e+02
2.416461715273152038e+02
2.344779848329028198e+02
2.441382462764313175e+02
2.412385324812732961e+02
2.409569887624919602e+02
2.634616088090198218e+02
2.414468668508361873e+02
2.466013944920260315e+02
2.575662991443649616e+02
2.623009195620792298e+02
2.353284200262956745e+02
2.414668739932742483e+02
2.406220359918897316e+02
2.468676801150360802e+02
2.390898664395028277e+02
2.370200211901140221e+02
2.420982628179891663e+02
2.510481709684045768e+02
2.348197686919678233e+02
2.173943425500543469e+02
2.338375699478432921e+02
2.383690803229346216e+02
2.368149309457200786e+02
2.366176414329296449e+02
2.404586691865495993e+02
2.395911484600642325e+02
2.139258294490520598e+02
2.538023591446080047e+02
2.405201039203239475e+02
2.467286654838740105e+02
2.591253529877665187e+02
2.339665795283660259e+02
2.607090445439271775e+02
2.387136668445297119e+02
2.664142633709303709e+02
2.506771935674725853e+02
2.559376293998118683e+02
2.299932340983183394e+02
2.090142172681391912e+02
2.424447302099854369e+02
2.299069215869667744e+02
2.388770377934923204e+02
2.346514919823430887e+02
2.374172931078454667e+02
2.331229052430786908e+02
2.378501554680230470e+02
2.467148647917597373e+02
2.371381972082571679e+02
2.373313117719058880e+02
2.372069822079453729e+02
2.182587922619486562e+02
2.421527483776576446e+02
2.299945818710876324e+02
2.584184158237524684e+02
2.421168401992160284e+02
2.561182040718177291e+02
2.630161620965469638e+02
2.342264368092673124e+02
2.301946291753964715e+02
2.370065406914995663e+02
2.427324330961484407e+02
2.411692031106823606e+02
2.405272448775241969e+02
2.678639368894459949e+02
2.332494366023939278e+02
2.371593315952906664e+02
2.426623894654534865e+02
2.357031107018898410e+02
2.590473081452037718e+02
2.331019440339983930e+02
2.618449918484984096e+02
2.366523128504666147e+02
2.308997303331611306e+02
2.321557985116673706e+02
2.281281508466120158e+02
2.388584236815462418e+02
2.344807399280691413e+02
2.313065711403227738e+02
2.276649725713663770e+02
2.282790225058482179e+02
2.389121422452464287e+02
2.510728077646570569e+02
2.255993634431482064e+02
2.377847679309550699e+02
2.384439219274549657e+02
2.379383587303844081e+02
2.327470330268727423e+02
2.350701745927132151e+02
2.501038313739841215e+02
2.301037649961166949e+02
2.352109040039403851e+02
2.332648824131577499e+02
2.539511928309749180e+02
2.646981343043438528e+02
2.488728119567639681e+02
2.497174366004803119e+02
2.338886505616125362e+02
2.420314864518332456e+02
2.373982832345203065e+02
2.412448764822223666e+02
2.587895974153224188e+02
2.519803341565825008e+02
2.349282505683394504e+02
2.358483397495145937e+02
2.298155751792397155e+02
2.412244702601825566e+02
2.348147421241051234e+02
2.385178210239664338e+02
2.432298177725919572e+02
2.336648386229172161e+02
2.333307589055248172e+02
2.334474075969370119e+02
2.347739503820617131e+02
2.352021272409423602e+02
2.132728081823992738e+02
2.275181942833834796e+02
2.635191476261123853e+02
2.171368408581181200e+02
2.157156540674071437e+02
2.241375789148628144e+02
2.381908842812831608e+02
2.269986689318664617e+02
2.389339286966518898e+02
2.334136492291277989e+02
2.363397750424039430e+02
2.506266190444676170e+02
2.577459888425690906e+02
2.328512382930514661e+02
