9.829939998962962022e+01
1.032418550606355581e+02
1.032418550606355581e+02
9.256665775630007431e+01
9.495535008406417887e+01
1.030672409923448356e+02
1.030672409923448356e+02
1.010457965418863182e+02
1.067047889149234976e+02
1.064570968398401476e+02
8.667951209259982193e+01
1.056378762840896570e+02
8.231455905725430000e+01
9.599231069293631435e+01
9.649166076883807364e+01
1.017688953683583293e+02
9.658029130691558350e+01
9.169194410509810211e+01
1.036746238053122084e+02
1.154115981254197152e+02
9.705847294564162553e+01
1.064826080870867031e+02
1.030687918922670860e+02
1.073253593001358297e+02
1.045451109883369014e+02
1.028879199534215587e+02
1.034296977326265647e+02
1.140796160741991372e+02
1.093923224535305110e+02
1.044220642690851122e+02
1.025023014345655810e+02
1.046821479110690944e+02
1.078999793382703558e+02
1.035971577070879732e+02
1.308420320797356737e+02
1.100832755934297609e+02
9.046135091279413132e+01
1.036183022239861202e+02
1.094043236928334579e+02
1.047516937780431050e+02
1.004978835776908426e+02
9.219547386085133667e+01
1.066662920467703515e+02
9.861990727038298132e+01
1.088530322244277500e+02
1.058410491881534483e+02
1.090064788725019014e+02
9.240606984674523972e+01
1.210292058185162887e+02
1.001851769363246660e+02
9.960104829685305106e+01
9.773524050590242496e+01
1.037338006353638491e+02
1.118780541273417128e+02
2.345017092951199515e+02
1.060906530487808510e+02
1.186376966710902678e+02
1.038219771518856618e+02
1.021333141949157834e+02
1.347813934881873479e+02
1.062498725554301302e+02
1.020601216533659539e+02
1.047442871953252848e+02
1.035438639805402232e+02
1.099463702847853881e+02
1.017077081994737142e+02
1.026151438428768472e+02
1.114722509251155600e+02
1.035703956026874977e+02
1.083825920852991089e+02
1.077047363697082289e+02
1.044059277018149317e+02
1.060212027351686856e+02
1.073145622242330433e+02
1.100131014641275584e+02
1.042333059324897135e+02
1.101631741071998789e+02
1.141198753955541179e+02
1.030290239530930307e+02
1.050106281213789430e+02
1.012108552942407300e+02
1.083176441734402715e+02
9.851594545814194248e+01
1.055821314522063545e+02
1.095432167529876750e+02
1.089099561328147558e+02
1.089665975134633698e+02
8.724650215299146794e+01
1.278744377007773778e+02
1.051799816064932003e+02
1.082556478724915223e+02
1.137238332713623379e+02
1.075819217554513614e+02
1.023990227171659626e+02
1.090476390921907921e+02
1.061157533466406164e+02
1.071426335680739328e+02
1.054078880528548581e+02
9.646816442623645571e+01
9.922013234420872152e+01
1.030595458408671021e+02
1.099197743296818146e+02
1.095708946740243590e+02
1.168469294217461112e+02
1.083636318337297979e+02
1.045527514036696601e+02
1.058266953434541193e+02
9.658694342109129138e+01
1.145964097437104385e+02
1.041017764884931296e+02
1.026649833543982595e+02
1.086855487121878809e+02
1.084248198535049426e+02
1.013562427288274534e+02
9.045355604603673783e+01
1.048439563009805795e+02
1.067375589916467788e+02
1.077325978494478989e+02
1.130051503362779357e+02
1.139389248885797059e+02
1.107563883410651329e+02
1.164556634254402212e+02
1.083035902026562809e+02
1.089822488254507391e+02
1.085575679485466907e+02
1.155159478831532311e+02
1.037511902900809702e+02
1.109066478234836381e+02
1.081272894503961055e+02
1.156058954700353922e+02
8.865735712428816839e+01
1.082305370631248422e+02
1.039889302709427881e+02
1.038936348044194631e+02
1.037740543902813499e+02
1.030512501366140725e+02
1.040690599627892823e+02
1.087215667217067221e+02
1.127349776439487385e+02
1.162006726115302939e+02
1.052601410808091345e+02
1.091150016253304358e+02
1.009589883201988982e+02
1.061340024004817337e+02
9.942697239419477739e+01
1.065537899485214837e+02
7.459469247185437268e+01
1.060992269033372395e+02
1.058261788547330582e+02
9.979469095256359878e+01
1.265045156284085408e+02
1.091964150142735690e+02
1.074723713565125820e+02
1.235503369393741480e+02
1.099635586537611545e+02
1.070071791429052013e+02
1.002728151159995917e+02
8.513470985774560518e+01
1.169876971100104299e+02
1.086065539107822531e+02
9.987834122451465646e+01
9.991299933423523782e+01
1.037677294495040172e+02
1.348938970667495880e+02
1.071237495437839300e+02
1.054128683333958492e+02
1.052522034658575762e+02
1.039595359097045559e+02
1.082246710514323809e+02
1.118781192890934051e+02
1.126426278024417513e+02
8.523726072626946859e+01
1.079618367614168477e+02
1.086016828700388857e+02
1.104924460974491041e+02
1.124483415380480835e+02
1.066320213951227487e+02
9.980760579724467618e+01
1.086707114815298212e+02
1.137951246843406352e+02
1.164993882146512192e+02
9.291175903678312409e+01
9.696057742640464028e+01
1.049605038334176754e+02
1.005618394069571480e+02
1.117262669128948716e+02
7.892885593838330749e+01
1.128149822328671377e+02
1.028754617846942097e+02
1.049704162985436966e+02
1.062812587261916946e+02
1.088645418399072469e+02
1.059853605347321235e+02
1.153035617324372595e+02
1.053556886639031234e+02
1.022015312207634992e+02
8.311504914750281614e+01
1.070671266564183668e+02
1.076003396546999369e+02
9.906969989596609594e+01
1.045646087133225990e+02
8.779173303189590172e+01
1.068699004508830797e+02
1.045910623849998160e+02
1.067899475040658643e+02
1.146530278652410715e+02
9.822059897949294793e+01
1.142899685838815458e+02
1.014364785208780546e+02
9.874862726479329922e+01
1.041429107663161204e+02
1.037751484694771307e+02
9.672920843207498365e+01
1.000579133386555384e+02
9.947399720763769437e+01
1.039743392965702498e+02
1.050018649450743453e+02
1.057968830300110454e+02
8.598434867787966596e+01
1.084250617127338217e+02
1.065518934273250267e+02
1.056248319731193135e+02
1.111358931355351842e+02
1.051178106301007347e+02
9.508703939099954994e+01
7.913231428882748730e+01
9.728526980358410015e+01
1.108100416677936977e+02
1.022031831972062434e+02
1.122283009754220586e+02
1.143830512302656359e+02
1.083590221724525691e+02
1.147560980983868433e+02
9.587514683646078595e+01
7.254467098654782831e+01
9.163628389511015371e+01
1.124063716233012258e+02
1.042337287494834186e+02
9.593872871206997388e+01
1.039974737233986275e+02
1.094534536288006450e+02
1.103363820260027808e+02
9.645870657081238164e+01
9.338670977687763752e+01
9.630338112491328673e+01
9.959085300394279727e+01
1.030223454882782619e+02
1.034622646479458439e+02
1.023785161794952927e+02
9.881785357500540101e+01
1.056748148515403329e+02
1.002084702990105285e+02
1.003922477888944940e+02
9.640999951252328515e+01
9.670370720402939924e+01
1.055694788249326024e+02
9.319713012972502497e+01
1.268107515011552380e+02
1.044169625355307431e+02
1.088913343210312661e+02
9.659916120370513681e+01
9.641768728453224924e+01
1.059856812671480668e+02
1.082960411229237820e+02
1.041738250597803273e+02
9.786686608881238669e+01
9.850016416527876117e+01
1.018620648959398949e+02
1.006057418695964571e+02
1.027651864821186365e+02
8.096005045811484990e+01
1.098993059914627395e+02
9.751616613806527312e+01
9.292709364715115328e+01
1.053578135418457435e+02
1.038571414464102531e+02
9.766579522110787082e+01
1.034528125576280786e+02
9.714904414894634499e+01
9.597969737644226029e+01
1.098665147012526830e+02
1.109606082941691767e+02
1.021004593427160216e+02
9.597785347076344920e+01
1.097518817364965855e+02
9.911473483798165773e+01
1.022430617416602132e+02
1.013138548345242498e+02
9.490112494843188529e+01
1.125378413761628735e+02
1.044071220945478444e+02
1.053556493125794447e+02
8.452262054609754216e+01
9.273868795602508897e+01
1.042230542260061554e+02
1.095151131372149962e+02
1.054185877359645360e+02
9.476858588294427932e+01
9.944313889896312730e+01
1.081567251496577740e+02
1.065259196157131498e+02
9.842206602922422576e+01
1.042321181330980835e+02
1.271641762242577585e+02
1.087268207260083130e+02
1.034080419978630516e+02
1.134421661133609973e+02
1.145407902486316516e+02
1.130896332528016757e+02
1.053360650754860472e+02
1.050769536561252266e+02
1.012267308948456730e+02
1.102832876577509751e+02
1.094287229000651962e+02
1.043665085643963124e+02
1.052178110816648768e+02
1.100799171449978218e+02
1.109978430853480802e+02
1.091298372135601369e+02
1.039981779951288132e+02
1.107194850880424042e+02
1.055805874942753491e+02
1.130989223307615816e+02
1.179844610218263909e+02
1.049012506171730621e+02
1.084862642944635809e+02
1.025869778771352259e+02
1.230753201424880103e+02
1.154896163356976331e+02
1.103967515759867126e+02
9.839356731061127448e+01
1.082075770229471630e+02
1.069432081122941725e+02
1.109819174554737629e+02
1.006907964736733447e+02
1.057884779981672665e+02
1.028502394180723627e+02
1.051650095165602039e+02
1.012072721651131246e+02
1.079166653977519701e+02
1.059510872955452783e+02
1.109721648237747047e+02
1.047479374591506769e+02
1.024606069461830486e+02
9.327012527209720361e+01
1.027130689133797574e+02
1.023541751462359599e+02
9.234489563534633305e+01
1.056940380990815385e+02
9.520257422318158547e+01
1.039486564481739492e+02
1.073382527015879617e+02
1.048440810855231859e+02
1.075655122728042130e+02
8.597292330115958237e+01
9.881041245449765142e+01
1.042051105994368640e+02
1.081190528168541363e+02
1.021542798363400948e+02
1.039666008299973612e+02
1.062878845180347014e+02
1.054338470274830115e+02
1.054579258222179305e+02
9.390594742400341488e+01
1.059409609771306862e+02
1.046819249196518058e+02
1.043343544247024681e+02
1.006877185393335878e+02
1.068881535120083299e+02
1.003019455382244871e+02
1.176540466070882331e+02
9.936473699829721795e+01
1.217293506648372272e+02
1.075543422537425045e+02
1.105905672365968542e+02
1.075899728143405980e+02
1.066521670357170990e+02
8.194804540583525920e+01
1.015147822220196474e+02
1.090333137365241214e+02
1.071957325119560949e+02
1.108603590505927912e+02
1.035487731693488911e+02
1.015328276032523434e+02
1.024858017725210857e+02
1.040919006122327914e+02
9.502400135917604018e+01
1.096307513211785079e+02
1.044973189130395639e+02
9.645561022411192198e+01
8.237185126938297230e+01
1.049663283680625767e+02
1.105152760011883686e+02
9.167664122148667616e+01
1.048032323293673755e+02
1.008598190944480990e+02
1.098592192300000363e+02
1.126507069831986456e+02
1.117055596508556903e+02
1.043938970319164525e+02
9.572889952152097237e+01
1.060268715417071803e+02
1.024920690600095696e+02
9.719705168722126132e+01
1.005041094144496583e+02
1.054261205988285610e+02
9.838877462537632823e+01
1.235773027677246887e+02
1.051148816105721693e+02
1.166077025070774908e+02
1.024592937509678734e+02
1.053654304207870496e+02
1.156344657313911313e+02
9.220808987303617243e+01
9.928677663646726614e+01
1.015404355676619730e+02
9.920094765883970922e+01
1.027810663240844207e+02
1.013806491257279134e+02
1.039510458817166381e+02
1.810040986650704156e+02
9.681229824178771537e+01
1.699446858407375487e+02
7.302053806604068598e+01
1.675539038292144767e+02
1.372415011066642592e+02
1.279259203028673824e+02
7.088598501256456075e+01
1.717557144701433742e+02
1.171184429356126202e+02
1.796579735821165116e+02
1.590442766389138853e+02
1.142731680085186241e+02
1.386551683648087590e+02
1.482622369988957871e+02
1.753289741934687811e+02
1.734081739502144615e+02
1.702937724531782635e+02
1.744215174478818540e+02
1.391864772540625097e+02
1.703251754723483202e+02
2.387584615456175641e+02
6.208941230483105045e+01
1.035624760904723587e+02
1.409294631679304928e+02
1.824163205227613105e+02
1.602884435187360737e+02
4.736036462446060114e+01
4.245412897025138932e+01
1.275035302339438488e+02
1.368575176929987265e+02
3.918532036038183008e+01
1.294219415339206876e+02
1.692601735682382014e+02
1.666180753465732209e+02
1.327181892374998426e+02
1.415767127645619041e+02
1.469032165032594435e+02
1.595967330260310462e+02
1.646183990983492436e+02
8.593931523607780321e+01
1.477832334957753346e+02
1.773459195550753122e+02
8.296958701919680834e+01
1.471967394770023247e+02
1.272540002557073677e+02
1.326907541391204290e+02
7.071707093891181728e+01
6.582134506639954452e+01
1.271772474255316752e+02
5.307379554790216503e+01
1.338362215383062335e+02
1.399442481714136761e+02
7.667851466311429931e+01
8.041927924708355135e+01
1.747270462682425034e+02
1.294223538756864968e+02
1.813516895343325643e+02
1.651505044350471962e+02
1.535965010061545115e+02
1.273408915348886410e+02
1.342681956526318174e+02
1.627845259943583756e+02
1.706480709345668174e+02
1.640671764505475778e+02
5.852059770200386879e+01
7.016391450437524213e+01
1.789490158461136105e+02
1.758523791307585782e+02
1.914881888980667100e+02
9.070831635797645731e+01
1.131450068973112195e+02
1.281896067799883383e+02
1.628651739710792583e+02
1.078409523804135119e+02
1.338544084439993469e+02
6.755787400685568400e+01
1.705225070945188008e+02
1.189522253063805408e+02
1.223579215071897295e+02
1.638876108327220322e+02
1.235183675300355048e+02
1.387734349331850581e+02
4.926046515817012050e+01
7.782517090157372763e+01
1.399665337023203620e+02
1.741291993510926375e+02
1.390676892528516078e+02
6.924863082290562488e+01
1.722719589328016525e+02
5.095910674335702595e+01
1.723179812192571774e+02
1.321095408810172671e+02
1.592707148060007114e+02
3.579851857292915156e+02
1.801458412742352948e+02
1.568250232713024275e+02
1.522895293224329976e+02
1.118510596148289977e+02
1.991533347911529290e+02
1.905963226268583242e+02
1.491827158664881381e+02
1.688619806412449122e+02
1.222642063112164692e+02
1.625004621280844788e+02
1.536453535622430877e+02
1.683856539760774922e+02
7.549906997553405574e+01
6.570351513069384453e+01
1.736744756610716252e+02
9.579056571763723582e+01
1.720954208202391840e+02
1.233029761121319297e+02
2.036144137404700416e+02
5.414003854117617465e+01
3.332746520578321991e+01
1.460813944274359777e+01
1.610250281303731299e+02
1.258522824082924814e+02
1.351360085232950041e+02
1.964224221166477093e+02
1.987022303182281746e+02
1.854357554292171528e+02
1.528295718279378832e+02
1.954447298940451105e+02
1.419440839611091292e+02
1.910244290916897114e+02
2.466752642567296618e+02
1.857643599472675646e+02
1.916699884501497593e+02
1.920832888349450229e+02
3.665611385340351802e+01
1.952641113287248231e+02
1.919026478986212396e+02
1.910248126517696790e+02
1.840527175707894116e+02
1.430798121466623058e+02
6.608519380422329448e+01
1.398591392407552689e+02
1.274621130842170942e+02
1.716145241892711795e+02
3.299208896040001378e+02
1.617432011718407807e+02
1.160700860709204107e+02
1.089945392619450217e+02
1.468093771704264725e+02
1.382545359318783937e+02
1.680536343879161336e+02
1.662994300472689702e+02
1.841440341940050871e+02
5.412135853923030027e+01
7.921489072960685007e+01
1.758835887816268837e+02
1.643475875241364861e+02
1.636961579147117050e+02
1.713396369822345946e+02
1.384543977649892952e+02
1.468214771078134788e+02
1.619363644150058690e+02
3.980732946075679735e+01
1.924907671173899644e+02
7.668995772306516301e+01
1.213561165557993888e+02
9.715375030707065207e+01
1.618855360219728823e+02
1.246946183696918524e+02
9.911667944423010113e+01
1.684535904942834179e+02
6.828699786210333400e+01
1.683517590585093444e+02
1.286719049534137866e+02
1.712614932249588549e+02
1.018668322102248283e+02
6.904408747250921863e+01
1.324638149371016027e+02
1.196689389676405568e+02
1.243442315145040595e+02
7.538207887310149147e+01
1.684644538532603235e+02
1.199719699215046091e+02
1.638213126532112085e+02
2.159313748486959383e+01
5.479219804840784036e+01
1.754394954017571422e+02
1.351574994515410424e+02
1.686511543441639276e+02
1.340829256783395067e+02
7.087921250433431908e+01
7.077968723749475544e+01
6.999772358386150017e+01
1.365716796062210392e+02
1.250940089471007184e+02
1.771318681481202759e+02
1.253406792526824631e+02
1.820199727823004991e+02
9.185036784176843128e+01
3.984564631314000138e+01
1.041896521590268208e+02
1.168108508468124995e+02
1.302759881327204994e+02
1.654928873736461128e+02
1.550193067949372221e+02
1.380894760209795606e+02
5.663768009973333051e+01
1.582933100970656426e+02
1.141831250830246347e+02
1.140094223795583730e+02
3.026647875620808463e+02
1.159006299356745728e+02
7.728897854196100070e+01
6.705484582444324815e+01
1.705659094768203090e+02
1.859900891097379656e+02
1.758301039013982461e+02
1.841765505693651050e+02
1.306457559488933384e+02
8.007140043141644981e+01
5.086176328000281188e+01
1.299338588839230511e+02
1.753753403263981454e+02
1.759386341429726883e+02
1.128193099128442611e+02
1.056722124384969845e+02
1.277708297539139863e+02
1.193327834147006143e+02
1.558535423230979120e+02
1.783161621178521443e+02
1.758587016446945199e+02
1.579589692440054023e+02
1.212129854183856139e+02
1.146148293252386736e+02
1.958144170229368797e+02
1.273529766878903615e+02
7.813935804339631375e+01
1.367804831203856679e+02
1.386765131696230924e+02
1.365464314273731929e+02
1.484179531364028719e+02
9.136414138972530452e+01
1.906008168783921519e+02
8.519913854721366420e+01
3.563241160001932144e+02
1.681979295749965218e+02
1.810721236106910226e+02
1.584409186426022700e+02
1.992015061030691072e+02
1.599964244419404906e+02
1.456721086452624547e+02
1.594058826701291878e+02
1.709852877300490093e+02
1.633291348200589823e+02
1.769049675355243494e+02
1.266317697094761883e+02
4.860917859892612114e+01
1.651908229842105129e+02
1.422532117241650553e+02
1.724647774408795726e+02
1.780005471004343178e+02
2.096731773396948881e+02
1.694404433249857220e+02
1.232743122419564088e+02
1.583778155253824593e+02
2.227268581834518955e+02
1.345924546561517445e+02
1.340384131390829907e+02
1.066092534312897726e+02
1.807609393311387862e+02
1.814506415320775261e+02
1.801227782135376572e+02
1.790785190110065628e+02
1.217012007222795376e+02
1.357158788677561745e+02
7.699401514849355976e+01
1.801596013752464103e+02
1.354536585336139751e+02
1.984441234004881949e+02
1.626080039333284049e+02
1.233733816410166924e+02
3.413269169399146676e+02
1.339794679744640575e+02
1.779208227586807141e+02
1.993928397573117763e+02
1.724919920075776645e+02
1.744153867472460604e+02
1.762467167543042592e+02
1.742007451736957080e+02
1.427614684289968068e+02
1.241553949726650217e+02
1.557393437826549984e+02
1.746672151551241257e+02
1.169267877741086465e+02
7.662886034671052471e+01
1.304074192876079508e+02
1.767698204173682939e+02
1.806326143671936393e+02
7.919451641839555123e+01
1.784284411836643187e+02
1.779306674042147165e+02
1.198310264670449499e+02
1.807016791801943043e+02
1.824857591002783579e+02
1.348412445510992939e+02
1.697922669869060428e+02
1.561111410034302764e+02
1.140132660165258898e+02
1.124833368305993559e+02
8.266528780547756128e+01
1.337331363450360584e+02
1.653461784555440204e+02
7.631891429950303518e+01
1.104280001042555170e+02
3.022987860232153707e+02
1.049640261572401414e+02
1.553705687425523934e+02
1.247035672933836281e+02
1.646409308973664167e+02
1.618684304696255936e+02
1.325047182689598344e+02
1.963042233962774219e+02
1.279773040114723983e+02
7.862893888253599073e+01
2.203327849228729178e+02
1.336594310134133252e+02
1.220313884446434258e+02
1.197064720784283622e+02
1.636356034634191019e+02
1.257443921036338850e+02
1.729676308623815544e+02
1.557184367283242921e+02
1.758940658588304586e+02
1.661014013839701988e+02
1.730638017646531921e+02
6.030679196458901714e+01
1.354029612850974331e+02
1.777453729235879791e+02
1.691415598957746056e+02
1.017714286032679780e+02
1.579888138672830280e+02
1.726372455431648518e+02
7.903032290499615442e+01
1.526986017714291961e+02
1.370114891575143474e+02
1.182481475521812939e+02
1.686777079113371371e+02
1.232523577724488320e+02
1.820741756329449004e+02
1.996021234738134353e+02
1.071246547932682773e+02
6.876984732954548463e+01
1.521579993164453413e+02
3.108003817502794845e+02
1.637039936985658528e+02
1.588027774293249195e+02
1.353510213353706035e+02
1.356706520324417795e+02
1.287951742322799760e+02
7.578636413750174938e+01
1.294906543673327803e+02
1.713704944474909269e+02
1.720948584347299288e+02
1.436777522041780628e+02
2.430122217687609236e+02
1.258172400519270440e+02
1.530114236095569424e+02
1.615751584315901539e+02
1.312563454306792607e+02
9.543166334922021576e+01
1.762673841269904642e+02
1.211353903094739621e+02
6.454713587768054595e+01
1.268468071271748840e+02
1.684408346315365748e+02
1.801660255238334400e+02
1.636547785863888578e+02
1.749587305889780282e+02
1.253212445242463247e+02
1.331728210470377576e+02
1.275448734892944742e+02
7.207474497472254882e+01
1.726329351223693891e+02
1.593399220035961150e+02
1.458571787250919272e+02
1.897312311457573628e+02
7.458116135032554439e+01
1.489509708246495450e+02
1.892392392544620350e+02
1.337110749465795152e+02
1.910222785012976203e+02
1.713589295583666399e+02
1.702722614177617402e+02
1.658135640842140219e+02
1.729829443337502823e+02
1.196917008857706577e+02
1.159088247304995889e+02
1.748774007107861053e+02
1.190426403575019094e+02
1.740458323601789346e+02
1.543973967843207049e+02
1.601780983313540787e+02
1.751859763391553031e+02
1.478904033983193358e+02
1.605831091700815136e+02
1.625742591380584656e+02
1.608970338904812536e+02
1.021989903363350152e+02
6.699579176791843338e+01
1.245145256120179766e+02
1.415089899326376894e+02
8.696535759851089153e+01
2.475055571081052719e+01
1.099197942658148293e+02
2.113324612550063080e+02
1.374070304053321081e+02
1.126692547301867364e+02
1.684968082972623620e+02
1.414750585500005968e+02
1.825440506997392731e+02
1.292232942350446194e+02
1.761686647080998682e+02
1.698904752153049458e+02
1.776907981555779088e+02
1.642285467602640381e+02
1.762475658141456165e+02
1.715397029464674574e+02
1.653039438586944812e+02
1.275089046440427722e+02
1.215830961526085758e+02
1.155688956375651060e+02
1.286005595588912342e+02
1.685178644280816798e+02
9.458044735404153869e+01
1.485083814639903323e+02
1.342226416268927380e+02
1.858602883199081361e+02
1.438488258188224336e+02
1.287864629206270877e+02
1.428193097278149821e+02
1.895981281461048980e+02
9.504055619365205132e+01
1.769293872419748652e+02
7.725094303099885451e+01
1.669858209548791024e+02
1.954601437105462480e+02
1.753297078534033631e+02
1.324842742451352251e+02
1.341269753773731566e+02
7.305722946421286679e+01
1.454463295036072736e+02
1.357864376098089565e+02
1.242797355309988916e+02
6.146696383621578264e+01
1.216764770537848506e+02
7.859042171843562130e+01
1.023790349076836037e+02
8.691577825063779983e+01
1.305307860007609406e+02
5.942802096602633100e+01
1.578646222035474125e+02
9.751941738371584734e+01
1.020423219304947082e+02
1.613079242679318099e+02
1.737220149039354737e+02
1.339561503769436968e+02
8.492654332654889515e+01
7.654434860766117765e+01
1.035748301927352344e+02
3.586138627195090294e+02
1.992656064319338611e+02
9.760881770813287517e+01
1.156129140893507952e+02
1.756461664784925176e+02
1.732582849355241024e+02
1.828558400708476199e+02
1.660655489913129372e+02
1.755489789989371161e+02
9.555216365285403413e+01
1.595218411765519591e+02
1.291650245662187046e+02
1.690350954958814782e+02
1.823860816789155024e+02
1.073914973814978993e+02
1.103916780857040862e+02
8.359372516747821180e+01
1.017513638732858823e+02
1.608381279814313700e+02
1.920658521324493506e+02
1.400196947566290646e+02
1.032428896889007461e+02
8.515410901465824622e+01
1.739944200025331327e+02
7.435887095294064864e+01
3.325523673398101465e+01
1.636080263399686601e+02
1.703898786861521444e+02
1.680369786480509333e+02
1.335620103661145208e+02
1.388388515599787922e+02
1.077506490268351200e+02
7.434423164245265525e+01
1.682014456337744264e+02
1.770605115288588820e+02
1.448065805242472379e+02
1.653653287940589394e+02
1.474146331216787473e+02
1.334237472456296985e+02
1.081968931758102599e+02
1.117819491068911049e+02
1.260846333298402158e+02
7.401974986777838694e+01
1.597160913982577881e+02
1.796952702462541254e+02
1.843179343148980536e+02
1.418125193894539677e+02
1.112278959049084506e+02
6.084466117937421359e+01
1.563997108771262958e+02
1.460260605946722023e+02
1.696696807643000113e+02
1.024473311434335443e+02
1.462817856992510883e+02
1.238103387233084476e+02
7.844916454978252318e+01
1.496481503536609807e+02
1.593208974499044643e+02
1.479101044124673763e+02
1.029027604988355762e+02
1.222174662120011419e+02
1.634631095602157700e+02
1.551479538832728053e+02
1.147425760536996364e+02
1.658391837394925687e+02
1.158227918732632560e+02
7.736170979158409011e+01
1.574661176158432170e+02
2.264786330273955457e+02
4.265573711071841956e+01
1.335322120022660215e+02
1.025798763118740027e+02
1.667016507548193545e+02
1.704027900635447281e+02
1.168702298313967134e+02
1.298782508164877356e+02
1.801315843457664130e+02
1.648707016636411709e+02
1.564241946991733698e+02
1.685283916202388923e+02
1.430823046631670081e+02
1.366144806028736411e+02
1.063864735265389925e+02
1.016000968894304179e+02
1.922034275263084169e+02
7.432740513398255189e+01
1.732021196349552383e+02
1.416421515333208845e+02
1.013055035675236866e+02
1.131503873701863370e+02
1.201298269117496744e+02
6.618453856614627284e+01
1.621713386726264901e+02
1.758287359790506343e+02
1.596529198367928473e+02
1.227136259481904546e+02
8.399552340952897111e+01
1.825646059007560211e+02
1.819303563643817085e+02
1.809644105346619369e+02
1.777955366493681311e+02
2.000928344878751943e+02
7.740966203411910840e+01
1.715371479632240437e+02
9.876106777815476789e+01
2.041665042169449293e+02
7.243403470701086633e+01
2.253257977937584542e+02
1.731395481964445935e+02
1.558178866682390833e+02
1.655360355449938083e+02
1.093767500288987407e+02
7.502055792717823124e+01
1.245608334086592635e+02
1.081126436487387537e+02
1.463799624401913775e+02
1.287721185162895665e+02
3.528053922176702599e+02
1.146042910262160603e+02
1.762657519736869745e+02
1.741399253735359594e+02
1.286107264110682991e+02
8.483347948210257528e+01
1.255460898081875030e+02
7.951172884536485697e+01
1.355311020543512939e+02
1.576749433505835043e+02
1.325745080958546964e+02
1.242825956160572360e+02
3.415563464449981552e+02
1.120954461869353338e+02
6.597795237698598214e+01
9.629331969502744926e+01
1.818435468975584968e+02
2.452137539836955682e+02
1.143712808238933860e+02
4.078173569209243965e+01
1.282358774272807693e+02
1.819820253678251447e+02
6.417305333565701631e+01
1.339911964752421341e+02
1.593041150367686498e+02
7.450430435431316312e+01
1.532640361997380865e+02
7.831748167903354840e+01
1.578268326532652281e+02
1.666918712450862756e+02
1.048440858261868698e+02
4.005592966190178572e+01
1.170570365936836481e+02
2.112386917213090669e+02
7.350289295355081265e+01
1.668216050096357321e+02
1.372387941346976561e+02
1.766871467385460619e+02
1.738251669611283035e+02
1.858928371246917095e+02
3.877492609340335150e+01
1.710554756993766716e+02
1.125098659428733328e+02
1.305757863114010604e+02
1.622789321735574788e+02
6.103656987119065036e+01
1.205864553745126386e+02
1.648306849697291341e+02
1.673428079674774835e+02
1.154724188997822694e+02
1.630620615492918262e+02
1.038315876017927053e+02
9.760891702134186687e+01
1.568616675496743937e+02
1.247417562521155503e+02
7.966057950049396652e+01
3.152468319232237093e+01
1.490464229799472378e+02
1.438716445265978905e+02
1.075736179288181802e+02
1.743832520648548723e+02
1.706684193199037054e+02
1.253361439461610018e+02
7.817104852935834458e+01
9.960265143682536859e+01
6.782017676859445032e+01
1.416590455108104436e+02
1.712513874223303105e+02
1.355682692449440196e+02
1.185151899186112985e+02
4.793072440099243181e+01
1.606675276896117452e+02
1.759354650462898064e+02
1.756708622064827239e+02
1.755908970038194639e+02
1.988238219303575249e+02
8.612625131713535609e+01
1.777598354506967553e+02
1.711755563922581587e+02
1.337539609973798918e+02
1.161308168364027296e+02
1.824167702141089080e+02
6.422964924177391310e+01
7.613629223634205800e+01
1.633301419498137648e+02
1.594602313080684155e+02
3.526009487995300447e+02
1.685992705327327030e+02
1.394671112005572695e+02
8.067755365836359260e+01
1.325731746526875554e+02
1.321221537437861002e+02
1.228124081255795801e+02
1.432500492091704416e+02
1.019988247876328273e+02
1.693348360707015274e+02
1.376423182385473467e+02
1.205607475677595062e+02
7.149676858215305231e+01
1.746169881823777814e+02
1.637369155668008887e+02
1.771085746858592245e+02
1.291563549249546554e+02
1.617012611146350025e+02
1.328900323002785342e+02
1.726861244820387640e+02
1.325795646594926041e+02
1.763057479362908282e+02
1.359340333271290433e+02
1.775275141301070221e+02
1.510055300092603545e+02
1.835760392090896573e+02
1.862024469177683272e+02
1.163615815565729008e+02
1.084916505272190079e+02
7.842977037280516583e+01
1.173728600228706398e+02
1.774790438618354358e+02
6.093782560031989703e+01
1.547577474973974745e+02
1.361303582020562430e+02
1.499090404351433108e+02
1.747974139913149543e+02
1.584685698510010354e+02
1.751916070501880824e+02
1.184182456126554968e+02
1.661216228934644903e+02
1.739995373866827890e+02
1.185894499502730355e+02
1.355451294695321280e+02
1.095248534997470529e+02
1.732285889136296646e+02
1.638375206161092876e+02
1.104657574197579066e+02
1.795577125341454234e+02
2.155830210288080195e+02
1.221250634074865786e+02
1.613032093174451234e+02
1.381324940934984795e+02
1.345117205853566134e+02
1.243537407533656420e+02
1.170908959523774229e+02
1.836907436383716004e+02
1.240105362304861671e+02
1.671794600150200836e+02
1.765827481088468858e+02
1.524697626105651693e+02
1.654829231035619159e+02
1.759686188117012762e+02
1.312887974646255316e+02
8.063185302447473646e+01
1.185156244779977328e+02
4.987262595189248771e+01
1.506540834748085729e+02
1.585999336948306677e+02
1.248155271208873245e+02
7.086643889719924516e+01
1.357163814572483318e+02
9.482767685890675580e+01
1.691944345730265695e+02
1.702399165032474855e+02
1.754610353677441310e+02
1.594608712505912820e+02
1.644605725394048079e+02
1.765449609014257533e+02
8.971163326346227507e+01
1.744268445415521285e+02
1.239444362381620692e+02
1.617617007040949204e+02
6.978368641317779009e+01
1.546122432822293149e+02
1.233808053360793338e+02
1.712576645691779902e+02
1.471910495171853199e+02
1.431849185994837512e+02
1.197202375079998262e+02
1.007601761951535764e+02
8.573001331094138777e+01
1.640548740207449896e+02
1.748847090569622935e+02
1.009437839342313765e+02
1.039716360108700997e+02
5.872188566801759180e+01
1.651131112891729913e+02
1.047275056933853818e+02
9.821491148549665695e+01
1.252537151823801906e+02
1.432237605695880518e+02
1.789748180543485887e+02
1.139379970022686734e+02
7.990232309348374429e+01
4.118159488845440563e+01
7.073229052152544227e+01
1.555652166601321937e+02
5.944683994046735620e+01
1.219042768132319594e+02
1.439092630069997938e+02
1.096519359088704988e+02
1.382439444359382605e+02
1.120851896451738270e+02
1.727458450360163908e+02
1.118083017387762510e+02
1.761412253146764613e+02
1.328367736901753631e+02
1.472935296104285499e+02
1.512229110574717481e+02
7.562530582467361739e+01
1.811232786217390185e+02
1.917821153926496436e+02
1.321087297314406044e+02
2.847159355456276444e+02
1.741219280163527117e+02
1.683896526404354859e+02
1.593339567554623954e+02
7.479355945329321287e+01
1.666562897187118608e+02
1.708523406777533751e+02
1.141703636059708344e+02
1.891326221083011490e+02
1.346761865919087313e+02
1.356873892952406209e+02
1.747141268549566178e+02
1.788434906361275409e+02
6.174440000642242410e+01
1.688515316161033013e+02
1.213112575171263501e+02
1.660305875223385499e+02
1.694665291095655846e+02
1.273766767203073726e+02
1.088874525936482343e+02
1.632682113282481282e+02
1.806981684059611837e+02
1.450490618747361111e+02
5.636032926779468966e+01
1.342980729621437774e+02
1.725412273461483039e+02
8.769585610585704671e+01
1.720839675078105131e+02
1.747883803465099106e+02
1.784032864473181519e+02
1.435179464758354015e+02
7.981966130355820610e+01
1.778031384368378269e+02
1.714032100758790875e+02
1.213221819741364271e+02
8.612554934921591610e+01
1.708787994884894772e+02
1.773865965756652940e+02
7.026282033361168544e+01
1.269080299048406886e+02
7.600277452102571374e+01
6.650673570674973689e+01
1.887584651836081093e+02
9.930231783203453233e+01
3.424733464823468694e+02
1.372167621860737654e+02
1.879755044485430631e+02
1.664132633126870644e+02
1.135162955922945542e+02
8.384998969609954145e+01
1.662781184265120942e+02
1.529459267578825461e+02
1.381218511129804085e+02
1.252675931429906484e+02
1.579769881385609551e+02
1.412883854707774844e+02
1.446544297796895080e+02
1.706027504085594728e+02
1.455528933728536742e+02
1.412617520352615088e+02
1.460571499767181081e+02
1.212981682933489935e+02
1.018463294626738218e+02
1.151208384384960937e+02
1.851895702549407758e+02
7.854720505463426150e+01
1.062823535664939669e+02
1.043756673001082191e+02
9.225801011540966101e+01
7.491150301814421653e+01
1.221050331957574997e+02
3.362532163353245664e+02
1.646663848784422441e+02
1.782383983386002626e+02
1.474859053772824211e+02
1.308170611689923817e+02
1.616799236753896594e+02
1.319507053289768237e+02
1.086489050622246850e+02
1.242040299945267918e+02
1.576146909528792719e+02
1.651243509103757674e+02
1.385044790202429397e+02
1.695752314844127966e+02
1.759772821830422913e+02
1.476184765653236184e+02
1.662868323876741670e+02
1.678925461658143945e+02
1.091064323201081834e+02
1.510283756228292873e+02
1.549810419236409587e+02
1.213611567658448678e+02
1.445195301125303615e+02
6.588180309180555128e+01
1.232461971534396810e+02
1.347670012371451662e+02
7.456183540104282770e+01
1.099589279168679354e+02
6.390992296625083213e+01
1.700967458599425584e+02
1.646787112025697297e+02
1.955638853070884124e+02
1.504122208122140023e+02
6.663971640316904654e+01
1.880674206502980326e+02
1.426303413094802863e+02
1.672832416292399955e+02
1.854705255841631413e+02
1.685195412548640377e+02
1.563474448496983769e+02
1.639567402286086804e+02
7.230610357792072307e+01
1.296545228872089126e+02
1.611729733704120804e+02
1.602306450249417367e+02
1.738755682684351882e+02
1.758403472753353469e+02
6.783646509659192247e+01
1.282263864730648208e+02
1.158654981687037377e+02
1.755716847411850381e+02
1.321682621366407488e+02
1.627141498999578744e+02
5.109713439847290317e+01
1.532771073414616865e+02
1.097522872734789701e+02
1.858581264804502666e+02
1.320981382958551649e+02
1.713939052752745340e+02
1.604493019425727596e+02
1.139263569036961457e+02
1.578523318307264560e+02
1.672837793212937072e+02
1.671491201850619746e+02
1.115870543589200281e+02
1.441314839241714481e+02
1.593588096751016394e+02
1.704420875452880182e+02
1.695978325112980656e+02
1.702093114549306563e+02
1.714824181584653786e+02
8.659740146741090427e+01
1.693340429898194088e+02
1.691610145521239019e+02
7.345761861295997619e+01
8.635856525616560475e+01
1.831496755110567847e+02
1.632428315244626731e+02
9.974826821541745403e+01
1.696864659114161782e+02
1.399584614636747233e+02
1.454208202371130767e+02
1.614098863795153420e+02
1.319333487206160385e+02
1.602884958254267644e+02
1.738846381036099444e+02
1.952752032936021749e+02
1.655079235691114263e+02
1.314006416513013562e+02
3.574390153116255533e+02
1.257374167376704577e+02
1.152403841865241247e+02
2.035166544470797021e+02
7.763048800431994323e+01
1.481939106788561560e+02
5.062590999793174973e+01
1.575333644347243194e+02
1.362062606982832449e+02
7.565707845363517947e+01
1.928940265388002331e+02
1.687855684544192059e+02
1.777954179081798145e+02
1.773164537016565703e+02
8.707022313614085363e+01
