1.294448072245902459e+01
6.442767714548583768e+00
6.442767714548583768e+00
7.207747477297552052e+00
7.854692654687038811e+00
7.362768517922455125e+00
7.362768517922455125e+00
7.916038204051245586e+00
8.857408824464162223e+00
8.930931127951968307e+00
6.718055946099434017e+00
1.060308473180780631e+01
8.849536244767412185e+00
9.310510659978305625e+00
8.367874167903806892e+00
8.183098770356993512e+00
1.044958193338889529e+01
9.809154230365283667e+00
8.072355633558194299e+00
9.377857236382315165e+00
8.605622614803452919e+00
1.507255892905330619e+01
7.390053358387079996e+00
1.026683007155931726e+01
6.513341145756990969e+00
7.518076934901818831e+00
1.199684718262527383e+01
6.916187354480046956e+00
1.049716585836728378e+01
8.971522035910100001e+00
1.004031115163931531e+01
1.039258811956710105e+01
9.246116470186528602e+00
9.198359378849437107e+00
9.536598870696069596e+00
8.005307676179894472e+00
7.926896457837906418e+00
1.102088310543693161e+01
9.795912388793334813e+00
1.166113753878785886e+01
1.053140773472319758e+01
1.001364578157605401e+01
1.054187421325024410e+01
8.051352707540953446e+00
8.961541165062920200e+00
9.104033771118171359e+00
7.971867986183925225e+00
9.573410404797016326e+00
1.616606689791414198e+01
1.008515296718827159e+01
8.929687914343789501e+00
7.397581203781982140e+00
8.697791600947125445e+00
8.423449035896346970e+00
1.610423316614946998e+01
1.205633603791632069e+01
1.696466634311755683e+01
1.390061812348724324e+01
1.254829609312639427e+01
1.340345717299884676e+01
1.101769808789349625e+01
9.466761679091220572e+00
8.886928461269462787e+00
1.033626042973019565e+01
6.102691267146756360e+00
1.229340560272217253e+01
1.321245840377414815e+01
1.042580015649716252e+01
9.861191984511643582e+00
9.611734717300926434e+00
1.144547265004554149e+01
1.133939450908405888e+01
1.308478137992962331e+01
9.925094729101958890e+00
1.419626466518373853e+01
7.291661803323056468e+00
8.138242983057836000e+00
1.094744820712626243e+01
1.922965154169602897e+01
9.530891441001937636e+00
9.623336940266927542e+00
8.835388099970549192e+00
9.750847954424925135e+00
1.134039547658374403e+01
1.110027597489955120e+01
6.912056534782138328e+00
9.720344293460570384e+00
8.908980754628062826e+00
8.559005777949138860e+00
1.081662593632330172e+01
8.646816167096242012e+00
8.624324560571061227e+00
8.406348629504410752e+00
8.405144006285919289e+00
8.898246458841081008e+00
7.919600560440614778e+00
8.777144396589076081e+00
1.020232445230431928e+01
7.831467334719453888e+00
9.209422937068850956e+00
9.673513524302864042e+00
1.245792855475499117e+01
7.872557704677107360e+00
8.995054186817018405e+00
8.654630826159282364e+00
9.385811035888089293e+00
8.652798066079252948e+00
9.291704867781833244e+00
9.138063638849393655e+00
1.120958277629594235e+01
1.098976321934439682e+01
8.540453256263390358e+00
9.881527181379805569e+00
8.156229219291072141e+00
1.055630885881690695e+01
8.152345283198570769e+00
1.041170838298116230e+01
8.023141472530591400e+00
8.074706180479225281e+00
8.762452479904801805e+00
9.309266737621495480e+00
8.468078475616243495e+00
8.659236459374541894e+00
9.307800882555198996e+00
9.488440556287478955e+00
8.738987312779286754e+00
8.896705477962033370e+00
9.030210735829522051e+00
8.230166992290710581e+00
1.298990880026832251e+01
1.284880312063057595e+01
8.045420830018526814e+00
7.664625512842106581e+00
8.424569211694990400e+00
6.445498081630541165e+00
7.149833455689137196e+00
7.013332382385462971e+00
8.087431620101746432e+00
7.501564889446672879e+00
7.383676920566577984e+00
9.097705672894251805e+00
6.089905466704790271e+00
7.228030266080005539e+00
8.119055103319869460e+00
7.389828508692589892e+00
7.477003417623626191e+00
3.416991586764459043e+01
8.975286079105826431e+00
8.777620356455370754e+00
6.907228987253149377e+00
8.130939392334955329e+00
7.388295314367373301e+00
6.888000557770109999e+00
8.688014052558497013e+00
6.987715715492144319e+00
6.767992366271244897e+00
9.234125480276656361e+00
8.467587065015946379e+00
8.674045578617585406e+00
8.112811759944463574e+00
8.176772708880347906e+00
1.099209342677044354e+01
8.978714115805573215e+00
6.687990468642351694e+00
5.611874219452093193e+00
6.673793581293971933e+00
9.692181379409015918e+00
1.006113352299159835e+01
7.280506982550677186e+00
6.220742069660561313e+00
7.379395951594318603e+00
8.254351170978816654e+00
7.824767677536919486e+00
9.604873865884512085e+00
9.643764788289482581e+00
7.407135270214355138e+00
7.054255335421153461e+00
9.873859258036588926e+00
5.732256528541566531e+00
7.059652934992974416e+00
7.755206477655882225e+00
7.756540465657778327e+00
1.210177746137866706e+01
7.502943418566894174e+00
8.030228381212809907e+00
6.808291912477204555e+00
6.446504587961937816e+00
7.849263399913535721e+00
7.010141516368171288e+00
6.955152475029776404e+00
5.879507229323792217e+00
7.941478238516471500e+00
8.393487235462819385e+00
8.537747246796094203e+00
6.256182157248477260e+00
6.496872713951525213e+00
6.127464164969056881e+00
9.692814265289001696e+00
6.416204665054497269e+00
7.256542646387083906e+00
6.073817502353198172e+00
8.720508372185090451e+00
8.695551768150394878e+00
7.279414618986021601e+00
6.926090845327476764e+00
6.287140825778831932e+00
5.449118616520916447e+00
6.492916485720421349e+00
6.716327326850368706e+00
1.451115140950134652e+01
8.113231348962633760e+00
6.273278272638597386e+00
4.906220406523996047e+00
7.209927146037242274e+00
8.521753838104094925e+00
1.231005321135371666e+01
1.521931102701077698e+01
6.667066859502908116e+00
7.500027400443438630e+00
6.374418107940908129e+00
6.003553602094021002e+00
9.456815106313216646e+00
2.785708948218547221e+01
1.002691701133344715e+01
9.542517712547704534e+00
7.095229652189483538e+00
7.755055562668156988e+00
7.057836768309031505e+00
1.605813670076021893e+01
7.073972064623188949e+00
2.486994147286575085e+01
7.053463505387340682e+00
1.472704393786638377e+01
7.452342148612119743e+00
8.133765393789847309e+00
1.257626120664284031e+01
9.428604498002254530e+00
9.889140967625895229e+00
9.745827162322138193e+00
4.636439706775351333e+00
8.276182428112015543e+00
7.582270285771231855e+00
7.295948691451012103e+00
9.881710421120461163e+00
9.953819161001982607e+00
9.673429981987641924e+00
9.368851355810896564e+00
1.190879005206231156e+01
7.191953124660035890e+00
1.041818260798262941e+01
1.060067059724164018e+01
8.633879422368247347e+00
8.289152635897186983e+00
9.513974002755745119e+00
1.064900115125286462e+01
1.142056314699117969e+01
1.134950242675527399e+01
1.132799378046629002e+01
1.054918520719287045e+01
1.323155305766266387e+01
9.344944369009684948e+00
7.534544793715021171e+00
9.707167672336703745e+00
9.537626673808388134e+00
9.889045129468245321e+00
9.126575298695545513e+00
9.621425717135650757e+00
8.329844124381407866e+00
8.601996156603513910e+00
1.735875268821665784e+01
8.727236798007606211e+00
1.005899753451438627e+01
8.062307095588176153e+00
9.031064251061122761e+00
8.314460613685191959e+00
8.199546360261411593e+00
9.312301048399900694e+00
1.164904024479831612e+01
8.670856538235693023e+00
9.198259580062437379e+00
8.208684938592984537e+00
8.861607651673343966e+00
1.046093977067481617e+01
1.162885772988615507e+01
9.605650669518501772e+00
9.828517977327237531e+00
1.044741397809272243e+01
9.130537996898196340e+00
1.005581666797107587e+01
9.851543351285947381e+00
9.566146007887669001e+00
6.181269651430074674e+00
8.728736189922692290e+00
9.754074173280018911e+00
9.943866022954093609e+00
9.426369280809948847e+00
1.105911050113423855e+01
8.436759811328558456e+00
8.442134308637205820e+00
1.093954485972834156e+01
9.858232784580922115e+00
8.258164575218854608e+00
8.776534019880356752e+00
1.038079278895203927e+01
9.154952319946552564e+00
1.031634642641467714e+01
9.841299063183956974e+00
9.056197454293059224e+00
9.843380341478370710e+00
8.628644377108297903e+00
1.474356003791078784e+01
1.719708020686247352e+01
9.466413208267860924e+00
7.836440723918755680e+00
7.479797737757997389e+00
9.374251049924755108e+00
7.267299870892558467e+00
1.047497918790042881e+01
9.072310772180729899e+00
9.418277113394122324e+00
1.092220438057663578e+01
9.464905312054813891e+00
1.153623318170003387e+01
1.006138001709608254e+01
9.656566772752483985e+00
1.091053248642579732e+01
1.298305909795241675e+01
1.105969487983704092e+01
8.686956453013939594e+00
1.134012663122920195e+01
7.577503109485283161e+00
8.081675786463716094e+00
1.148930579013226883e+01
1.059738345741040355e+01
8.649777030247918219e+00
1.016851570018408246e+01
1.181907446836219577e+01
1.119303540869984026e+01
1.002987501589668895e+01
1.070420932948063530e+01
9.138896186507802000e+00
1.174874739735548879e+01
1.105355629671114315e+01
1.399505015869094215e+01
1.079108649850348556e+01
1.228726577932741293e+01
1.703759936192713198e+01
2.050279137495042647e+01
9.490406941774301330e+00
1.135540506159036411e+01
1.094955008497168158e+01
1.366459968218040366e+01
1.316302438456242641e+01
8.716139771256447233e+00
1.223977900632340443e+01
1.118266671670117596e+01
1.205360552440658140e+01
1.442427087711712197e+01
1.163597572501748445e+01
1.052956368310194080e+01
1.066782708578482719e+01
1.172796303979495747e+01
1.249303494027539152e+01
7.488187767529939087e+00
1.130756891122516983e+01
1.125676040649516985e+01
1.113425786606167378e+01
7.639147920471676123e+00
7.278787835242983562e+00
1.279619273680565783e+01
1.378586851325665563e+01
1.323895267620308935e+01
1.129447284930518336e+01
8.850871840890492948e+00
8.673136887717566523e+00
7.628639182934453089e+00
1.418899498484732291e+01
8.751454902037043126e+00
1.008751000980109325e+01
9.405540886583263926e+00
1.344208794130394047e+01
1.100768447489422108e+01
9.243449969025993695e+00
1.196020103540181623e+01
9.688110009820935176e+00
1.432242875891256695e+01
1.122207764993937040e+01
9.536794876266169396e+00
1.075650389660717643e+01
1.071498489487996153e+01
8.843586859079866969e+00
7.599436627675430600e+00
9.839386071016637203e+00
1.389504752575639479e+01
8.648749383574354965e+00
7.122703150945252304e+00
9.720243425901518464e+00
8.083794715077393889e+00
1.842176036292782726e+01
7.770681826380454460e+00
8.040986926765613774e+00
8.387758420515392999e+00
7.953878093114418846e+00
7.735717582244907575e+00
1.031387416891774045e+01
9.146610283310700140e+00
1.069509237699265647e+01
1.035163046027883915e+01
8.591269657494651213e+00
8.792421919709550338e+00
7.599986571186938988e+00
8.317598882715984132e+00
8.485786674052979706e+00
7.929461476479112925e+00
8.666816549313667295e+00
8.492836607422615813e+00
7.749977122836441801e+00
7.058183577525102947e+00
6.590590591928129349e+00
5.918614169548179760e+00
7.035182733502173491e+00
5.985354572455579891e+00
5.908019694028544322e+00
6.080688605332245089e+00
6.026278615460047838e+00
1.551375634525275871e+01
6.641681856348460755e+00
8.228761532553246383e+00
7.978390897646577606e+00
5.615483375409326960e+00
6.566707742578023144e+00
1.688216690598687464e+01
5.603352144344178498e+00
6.798869897615224644e+00
1.005432923531878942e+01
1.125731921595326490e+01
9.723692481762062911e+00
6.055383684804148459e+00
8.127036537408905303e+00
2.183739422051174017e+01
1.328013050813732576e+01
8.108779384659506206e+00
8.207889862293257011e+00
9.215773100269341711e+00
1.009514248319138119e+01
7.164359660333082580e+00
6.703427710407956930e+00
1.268375161136737006e+01
9.028194180958056592e+00
8.697102623722525294e+00
2.053471089209601175e+01
1.771537783423410062e+01
8.582643697167451791e+00
7.782561600050528661e+00
7.222884160918944474e+00
2.098682973432435261e+01
8.656968915255928820e+00
7.585030058988307289e+00
9.838353350840005618e+00
8.292281699910299508e+00
8.204331257151100232e+00
8.389708549913025948e+00
8.273294390710386637e+00
7.182281264048955727e+00
8.318515798445897502e+00
1.897443341861179533e+01
2.659038989877228687e+01
9.607323910258037003e+00
9.019545950215871244e+00
9.004720592311713290e+00
1.244218941891673502e+01
1.805638306176209795e+01
1.577887094021642156e+01
7.513812039448608537e+00
7.291290279370031158e+00
8.403752305347817142e+00
7.403699473110904705e+00
6.051607050737549898e+00
8.655522618862491413e+00
1.990966231733983705e+01
1.249709096805561970e+01
1.211826903429737357e+01
9.723535888238505009e+00
1.024566143297531795e+01
8.682931658714586831e+00
1.616745334500617659e+01
1.490321937013969489e+01
6.045627609416116321e+00
1.370571963395165049e+01
1.109294218509746521e+01
2.864297833948220173e+01
9.556323187267686592e+00
8.886439924263845214e+00
9.926438736929490858e+00
7.729121701097698249e+00
1.032277820895253484e+01
1.000874344331173127e+01
9.161540489919955732e+00
5.567037112078972783e+00
1.030734409412842467e+01
1.333814824905148910e+01
9.779687291423043050e+00
1.490136293983518989e+01
2.653309250070378056e+01
8.991249146826190142e+00
9.288596644796346169e+00
1.043029663144595354e+01
9.550061930570304725e+00
9.305569151891589286e+00
7.989092171643738638e+00
8.384104320180112424e+00
9.670867253597712931e+00
1.116501881211965674e+01
1.062297942529275829e+01
1.220708710103387773e+01
7.418961376587709822e+00
2.996780803696578133e+01
1.425034927228776560e+01
1.057445628692717143e+01
8.485954847964391590e+00
9.241519379032917314e+00
8.178994184864940564e+00
1.945707531301422932e+01
8.370522942291234614e+00
1.096003085705674174e+01
2.627311743317487114e+01
7.548442509495582264e+00
1.546644889284229407e+01
2.734808337441153370e+01
1.176185402723459461e+01
9.201340311292728558e+00
1.683418802153162019e+01
1.087589549346990836e+01
9.733533697946153751e+00
6.960764691608852139e+00
1.014462166271124310e+01
2.917072018607167294e+01
1.631249887334058712e+01
8.444180781393033186e+00
1.932666325327165424e+01
2.654400339565359701e+01
5.669318923600853566e+01
8.899065644895687299e+00
9.801249334928265000e+00
3.310827823241445600e+01
8.028823295179321917e+00
1.777592610985303523e+01
1.185305724576722319e+01
5.463357469112487053e+01
1.450246548452884632e+01
1.290483040549313287e+01
3.750816034909573204e+01
1.146443273975521571e+01
3.486175128672460488e+01
9.473729064951053047e+00
1.111026399946628196e+01
2.801244720810559130e+01
1.071575074344410972e+01
9.132575254750724625e+00
8.182425412089061822e+00
1.187560474217986339e+01
3.637350780312596754e+01
8.422104825230583458e+00
8.642694383929033108e+00
1.646698502492750293e+01
9.716274838591820284e+00
8.453699659960546953e+00
1.052928137291304189e+01
1.294064815833092474e+01
9.413120806354122294e+00
8.493332531745258152e+00
1.041178332011904750e+01
1.004036929876191842e+01
8.652322769415809134e+00
1.664298183925166086e+01
8.091965552516784399e+00
9.024077986862442557e+00
9.988182945421065995e+00
1.003151073364201551e+01
8.499508322516241776e+00
1.576546584425999065e+01
1.132039694587383316e+01
1.055696160385180704e+01
1.213432722556659549e+01
1.492650200494097135e+01
1.001395220241962569e+01
1.113578295175329558e+01
7.327820267500438689e+00
1.138792494569272407e+01
1.538213094422937921e+01
1.846988987572569840e+01
2.117411301624894193e+01
1.702236799498603403e+01
8.068509067899451992e+00
8.779318561197525739e+00
1.226716838928606990e+01
1.232987920367188828e+01
1.025467950831718511e+01
1.214423086001099250e+01
8.839401985415275220e+00
2.652162943901990033e+01
2.415297515768538261e+01
8.624168379595126055e+00
9.473501626538189058e+00
9.238792499583849960e+00
7.464251391523896828e+00
7.322646318194657056e+00
1.012811081643959987e+01
1.158592745586553896e+01
9.672163033351425909e+00
5.875704714847286958e+00
3.373657995303532431e+01
1.055782154887978308e+01
7.586453824595805528e+00
9.144046741013260871e+00
8.411834695814103924e+00
2.117542188759612642e+01
8.860860215248475669e+00
2.170608493246950488e+01
2.609339805165118165e+01
1.848426915836798301e+01
6.734749616661901861e+00
7.098529567612255953e+00
7.139535737695839934e+00
9.593366357637165720e+00
9.774291560589825067e+00
9.829827249492680608e+00
1.254484587507523763e+01
1.299752389130840591e+01
8.640939419199321847e+00
1.483703343733611391e+01
3.171213638105796662e+01
8.829612219201075973e+00
9.435615090271872063e+00
1.016482075108243954e+01
1.879514359656092637e+01
2.208968044373185791e+01
1.499678017553687148e+01
9.604608561065001382e+00
1.162114363286521801e+01
2.571030805515047390e+01
9.530076601414366522e+00
7.762266533990414885e+00
5.673149992520573726e+00
1.521201772678107922e+01
3.485779075029501684e+01
2.837731355915697051e+01
2.829924401086250541e+01
8.997979870243359102e+00
1.127243848082348698e+01
1.155260422471206461e+01
3.834167667618803677e+01
1.078482844828187837e+01
9.583411938328660895e+00
1.841470770612077956e+01
1.738917350079098156e+01
1.891695193417881526e+01
9.902794887886990693e+00
1.072998873190867108e+01
1.121387722542656640e+01
9.618217629471514485e+00
1.680550678918412544e+01
1.514942611412846141e+01
1.068013151922625070e+01
1.129708157372256849e+01
2.014759293144813057e+01
1.523763959885138242e+01
8.402235538127351688e+00
1.339261992148579949e+01
1.019057705986895890e+01
2.813249905158221154e+01
1.015557311368147886e+01
9.377423451746494720e+00
2.604938664284734884e+01
4.782650241110813738e+01
9.091074430490628799e+00
8.842010444831890581e+00
1.644454982704136015e+01
9.310620243674387453e+00
7.467076949516825657e+00
6.645527356458932999e+00
7.104753882375928420e+00
1.635864031127461260e+01
1.337043459736943163e+01
8.738058067692032083e+00
1.107904792736117905e+01
1.096630059605560703e+01
1.237390291460162928e+01
1.671284551387573458e+01
9.469253286736117659e+00
1.770200246046231030e+01
1.280973596731694286e+01
1.989921515163194954e+01
1.652666174454311232e+01
7.693354770362612172e+00
1.021112389935619547e+01
1.456569688253514094e+01
3.000069823391589097e+01
2.408995253135085335e+01
8.959694450277233102e+00
3.966316636594915934e+01
1.239370945878181018e+01
9.278278860359790770e+00
1.116256491854231392e+01
1.480961724754960507e+01
8.137206598624915799e+00
7.344861286604617234e+00
7.728820613059955491e+00
8.610721234549060910e+00
1.535820969931540247e+01
1.180610326096829432e+01
1.710910784499460036e+01
1.236379333938172387e+01
1.048333632464590615e+01
5.246945652585563380e+01
9.195500792568740422e+00
1.677135655879157028e+01
4.001375947262524591e+01
8.896757283171250918e+00
9.529279621325612126e+00
1.420734687401013829e+01
1.279818359955582885e+01
1.181844811077775859e+01
1.267364992171570925e+01
1.488137455556931421e+01
1.173879562269886101e+01
1.162885876603534818e+01
1.889544350444317544e+01
1.078831721375109076e+01
1.104434597075362845e+01
1.374634452498338177e+01
2.817360288071577301e+01
1.330362066297023205e+01
3.286621725308135211e+01
1.091906148542865296e+01
1.107011678420619205e+01
9.774398828981384568e+00
1.574293599649214848e+01
5.913016905871565143e+00
9.295725997707970478e+00
1.151869880831659287e+01
1.065547258864995328e+01
3.094179925211476956e+01
8.192186099184977977e+00
8.154185021767153430e+00
7.523664775278689376e+00
2.335548973449951760e+01
2.131848051130083732e+01
9.533449751757848034e+00
9.961735220182164952e+00
8.527779796591296702e+00
2.246318904701151808e+01
1.022578327398753117e+01
6.731109357494138301e+00
2.108172779558774934e+01
1.860784707687746931e+01
7.230034830640099663e+00
9.089412757998209358e+00
7.564462659981650461e+00
7.819243935879847562e+00
7.350050686362454400e+00
1.158621373630342610e+01
7.170972537586042250e+00
1.686359517178986778e+01
1.946885348581396613e+01
8.149415698137479680e+00
2.253507731494766375e+01
6.248320369677521136e+00
9.956494085160242591e+00
9.608314898625812006e+00
1.543426003471370578e+01
7.001352699475605235e+00
6.413118483270671355e+00
1.693798990954013917e+01
3.173362041005777101e+01
2.459749818153559886e+01
1.818529913543852317e+01
6.059100118621222997e+00
1.014023794083376728e+01
1.144575361786200141e+01
8.853747892777343864e+00
8.800903922490697084e+00
8.565521151526192867e+00
8.162063256457662064e+00
8.682198165634890330e+00
2.194223844481627594e+01
1.338504240450275695e+01
1.099839372060767850e+01
8.872751209629841540e+00
8.466855340931452645e+00
1.626365119564622930e+01
9.203046292854407895e+00
1.872063780981542180e+01
9.247202922275230108e+00
8.561762507390209720e+00
9.240533074743700226e+00
1.149704829918714921e+01
8.067260566672098676e+00
9.025105030866237499e+00
1.237270291273205736e+01
6.164049416586225405e+00
7.921850397322508286e+00
8.900094120036264655e+00
9.803424371094411782e+00
2.477960680015945627e+01
1.033458947377023662e+01
9.235084811877719346e+00
1.022176703167905210e+01
1.057808306787563701e+01
1.087436949539683084e+01
1.204102740155424911e+01
1.310395510149910869e+01
1.073737691827166429e+01
1.177013216220701075e+01
9.648797740783640720e+00
1.242492407120048625e+01
1.652001872825766782e+01
1.066484872180726917e+01
2.503407579670042082e+01
7.005660381573574291e+00
8.722813565023795235e+00
7.144663927732925579e+00
6.996054057452156805e+00
7.138308749576875556e+00
7.418402854884568853e+00
1.419989025719977960e+01
1.155036166459635005e+01
1.656660804904548812e+01
1.345686571538137244e+01
1.143005790011237011e+01
1.073050190931450487e+01
1.033575426292809141e+01
1.011889269193032170e+01
1.120869024073811993e+01
1.446206620877933169e+01
1.399258396149065931e+01
1.116679028322898937e+01
9.506167955187045493e+00
1.134925731526208637e+01
1.020382850755315829e+01
9.207859802537612381e+00
1.056834708852410998e+01
2.479551997408574948e+01
1.116577618497461444e+01
8.472661623627514516e+00
6.513613648563630676e+00
6.343705955560459131e+00
6.092948649763801683e+00
8.467924000801373197e+00
7.246699445654524396e+00
8.775338277399313824e+00
7.925525124162542845e+00
7.002692799012934621e+00
7.286755637962006205e+00
6.523288931592754913e+00
8.931193349627733369e+00
9.769980200347330168e+00
9.135884487733877179e+00
8.825948075519599811e+00
1.451106423344537255e+01
1.054911539893267580e+01
1.478464054824728713e+01
1.802003413474943727e+01
7.274082124143859573e+00
8.527747104012746604e+00
9.580248489122084266e+00
2.227942965920618690e+01
7.532840281059479004e+00
7.666992204854598647e+00
3.140916799070380705e+01
7.394059181931069702e+00
8.265594434427130821e+00
9.810140974437503658e+00
6.476204324424648107e+00
9.360590914385873873e+00
6.582677637437309492e+00
7.665181140259348602e+00
1.129029207827769454e+01
8.578468567070588691e+00
1.346933687509310573e+01
7.414144302690856669e+00
9.808648753356081329e+00
7.160865758108869272e+00
8.743693745053828792e+00
9.526633530861051469e+00
9.740958110696441352e+00
1.142474636298775970e+01
8.712114571728477586e+00
1.495544645448977583e+01
1.465320578433638410e+01
7.693438329323486258e+00
2.244806316544272917e+01
9.200901066871828959e+00
7.411223153430897881e+00
1.504423769212874618e+01
9.783035389513553781e+00
6.860387390305960231e+00
7.903871091022741879e+00
1.294426822492258999e+01
6.313802671583706783e+00
1.105885051419150322e+01
8.351252409419030798e+00
1.301967175045636083e+01
1.094332574925301849e+01
7.345381563204511188e+00
8.449592359455252222e+00
6.434722383033809834e+00
6.143750968143880442e+00
7.027948224400079269e+00
7.219249393070412246e+00
1.233816530211425899e+01
8.008651443534244407e+00
8.181379608256929004e+00
7.349502023311768717e+00
7.540904282943435177e+00
8.626090769298045302e+00
6.019327397549694147e+00
8.126745035383393656e+00
7.987687918492249572e+00
6.679988182125517149e+00
7.454199021379111834e+00
1.635689751545268678e+01
8.480942405851926935e+00
7.314234185804739496e+00
6.066278654609804200e+00
7.248294062983406505e+00
6.659939663024106338e+00
8.189252360071046510e+00
9.204205023832049193e+00
8.327095314158320605e+00
7.400420527034884621e+00
1.612354040428634150e+01
1.799363544771576429e+01
7.583524031660707543e+00
8.424740533610579618e+00
7.412767551977832881e+00
1.307090689447775489e+01
6.348953633509699657e+00
6.770671766198757879e+00
8.273710599871721527e+00
8.232622004683689099e+00
9.465093990127513734e+00
1.034058567722058442e+01
8.016268331966960758e+00
1.009095845223171040e+01
9.586529428716847434e+00
7.134141152887674586e+00
7.703688712026893981e+00
1.122715178065373642e+01
8.886581809208276894e+00
8.383719326803795724e+00
8.039688578405757013e+00
8.912451331414034783e+00
1.197302779948385876e+01
1.176038437324035613e+01
8.479075433110939031e+00
9.462632250206548079e+00
6.951601444223499904e+00
7.147107317419148842e+00
7.241327450309685609e+00
9.505716394457500940e+00
7.609918824149189298e+00
1.036942896231572320e+01
7.273340840021069731e+00
1.226166419120083084e+01
1.231659925508632014e+01
9.442598032067184732e+00
9.042794705796049826e+00
6.783491723016105368e+00
7.792494852230110958e+00
3.069873508423286523e+01
9.784335273732850169e+00
8.908784167480375160e+00
5.921281586820803078e+00
1.117054387085044276e+01
8.487381880366166698e+00
8.950253065365503247e+00
1.079915853981182572e+01
1.017034496037318547e+01
7.727629903030548419e+00
1.127323720003016660e+01
1.035590259952285486e+01
1.049805827654309098e+01
9.039955770747900132e+00
7.462304934223273456e+00
8.406765311378704197e+00
9.202415896564417608e+00
9.696861059822248663e+00
1.917550633424605877e+01
9.031265690696491433e+00
1.003627947284704547e+01
1.022739030598906140e+01
9.176219418789857585e+00
9.352738877701096243e+00
1.521481155084750370e+01
5.920794658229683449e+01
1.031608648605819134e+01
8.794342012059107816e+00
1.117693391927194746e+01
7.031854253430116941e+00
1.060006088019474824e+01
1.727013677866632335e+01
1.130479970959111213e+01
1.142178886401458549e+01
1.066852884344161545e+01
8.760300642636188684e+00
1.159778525016342421e+01
1.072160600933256625e+01
1.086865436563302367e+01
9.734216352852122611e+00
2.079675212106991466e+01
8.319424302161658957e+00
1.023109915660583802e+01
7.985314983229685026e+00
8.319002842909938522e+00
1.545882990335019613e+01
8.537622462355535902e+00
8.351172910544613970e+00
1.019840913462675047e+01
9.406749443127504051e+00
8.888873812305254418e+00
9.099283314554378777e+00
9.495928091136676130e+00
1.558544897393131734e+01
1.357134400284014397e+01
4.082963303040158820e+01
1.693231700688608754e+01
1.016202943290721095e+01
1.079386460606552944e+01
9.208463079187145794e+00
1.191661456541294228e+01
1.068118127985527543e+01
1.065916683176789981e+01
1.098005360274321340e+01
5.618970867060126828e+00
1.625137603536040487e+01
1.449732467265893021e+01
1.607451008836377326e+01
8.851264762493714855e+00
8.995583298840006847e+00
1.018992897268225484e+01
1.254711523313117816e+01
1.774470854867110958e+01
9.294163749597148083e+00
1.020782543299897860e+01
7.452300006637814889e+00
1.414943712705261802e+01
1.618269196517426778e+01
1.111144741614234199e+01
1.597984912244949562e+01
6.935294646598402224e+00
1.096632502820433430e+01
1.347023816896090587e+01
1.340337978078964554e+01
1.189792648236416639e+01
1.507109876190341780e+01
1.332687183705360745e+01
1.145884779235084139e+01
1.189935561536256614e+01
4.423452743500841677e+01
8.483518627274154511e+00
8.151409051312629828e+00
1.794856300519659698e+01
1.138084773954442497e+01
1.137999170479809230e+01
1.088732181324650483e+01
2.098452259630707317e+01
1.060800283776115549e+01
9.835038561702521775e+00
1.112523215727864567e+01
1.161270854643133710e+01
3.029379616498559358e+01
2.160470383531200156e+01
1.177419842026544394e+01
3.120073156522820668e+01
1.041961104404965255e+01
6.557681617407595809e+00
2.504588026724780647e+01
8.324354958631152712e+00
1.131605117938407901e+01
1.585757779182825722e+01
8.069365551945210768e+00
9.056896995645507431e+00
1.002851852365639296e+01
9.819701419660239239e+00
9.586468936724475753e+00
3.002676322997175618e+01
1.413492614452830587e+01
9.918521542132561208e+00
2.474624359373942895e+01
1.020251540186392525e+01
1.796322905966077599e+01
9.591774602968381913e+00
2.024351532663191477e+01
2.613715712045864947e+01
8.900711726565315729e+00
2.106912095899335213e+01
1.077708303966712045e+01
1.122492991069244539e+01
9.390314295643113596e+00
9.920633953947669781e+00
7.407988678439355823e+00
1.066165410438161842e+01
9.800524483020630839e+00
8.832381760946782734e+00
9.517068754866725655e+00
7.350172246450276781e+00
9.232081233287686928e+00
1.957599127012871776e+01
7.539918282082071599e+00
1.028496021224303725e+01
8.798005074636503053e+00
1.126801107738144836e+01
4.194188214484579902e+01
1.647833101970125824e+01
9.954478149930071851e+00
9.096703943003584314e+00
9.174886519680873320e+00
1.897961613402060266e+01
1.408511700927662069e+01
2.360182765408980643e+01
2.614636740677318016e+01
9.173898287806343532e+00
9.938524892559710722e+00
8.995497612150842315e+00
8.785202733372679873e+00
8.695817866957618492e+00
2.971585824144163013e+01
1.502014076969432921e+01
8.556905678029178119e+00
8.478602094738750594e+00
1.201186126469650794e+01
8.930479837921497577e+00
8.815247427447706841e+00
7.854234101383253730e+00
9.675049248113207767e+00
8.709372567391021391e+00
9.058290737951557148e+00
1.038535264900357014e+01
9.577953905574029037e+00
1.068460800492991503e+01
7.651869281395397238e+00
6.890058510761784660e+00
7.566527753953034008e+00
7.446890880254675160e+00
1.926017503518452401e+01
2.178533896446894857e+01
7.772494149795703855e+00
7.862076251023770723e+00
8.810718135159275377e+00
7.912354703073438245e+00
1.232824348145067539e+01
1.022047304308234672e+01
8.501880806554270364e+00
1.199873547043437938e+01
1.337740405486184869e+01
9.899068559043529447e+00
1.041638292717629888e+01
8.093965553206134089e+00
5.000759975897421583e+01
8.865979663425664015e+00
8.713134826145038758e+00
9.723159284543864800e+00
8.940317940619069148e+00
8.568840895542326308e+00
7.271216606310539454e+00
7.783445576828552426e+00
8.405574525885970871e+00
9.598824387818819304e+00
1.071159438470628267e+01
8.428135968957789714e+00
7.894787539783066244e+00
8.668644656388169167e+00
6.798789039327013839e+00
8.938454219223160635e+00
8.987008333444379105e+00
1.679597864520604134e+01
7.452492036983367818e+00
8.570680945298500220e+00
8.510731586326574671e+00
7.708780783633974565e+00
8.460541387303999628e+00
7.353171985218260431e+00
9.669144143507091727e+00
6.247076729567675457e+00
9.277275585940397917e+00
8.726652064699310429e+00
7.885411777554980794e+00
9.308282623664444699e+00
7.707293248453835233e+00
8.026535056242300570e+00
6.106942548450696506e+01
2.007918045818781394e+01
1.170157698931563850e+01
3.102218905590065390e+01
8.961297632941311875e+00
8.407351401958612414e+00
1.396806431173407326e+01
8.363411196382045887e+00
8.295704288371199553e+00
1.081043369894909745e+01
1.556939762396777915e+01
9.000296298765052327e+00
9.382026887579256069e+00
1.881566643950916529e+01
9.351623040520690822e+00
8.575615674877584027e+00
7.379422086676778569e+00
7.756102606448262549e+00
1.073661390087186618e+01
1.039941605580169259e+01
1.194768883896755085e+01
7.194834166931811659e+00
7.749010295626231226e+00
1.214601161255614059e+01
8.756409075353722926e+00
9.874919780305976502e+00
9.539683966604080467e+00
2.186410973662159662e+01
2.255392407731518389e+01
6.975761427144100857e+00
7.758803102994150436e+00
2.155091441265156860e+01
1.303995728225571860e+01
7.403456430177972614e+00
1.485226699512320181e+01
8.151375313500807351e+00
1.567330411153285752e+01
1.292767644202398181e+01
7.794049470511395405e+00
8.066173162927647411e+00
2.797231006688395993e+01
7.948651954258302510e+00
1.131893220975327630e+01
7.320190004813944107e+00
1.704606055415124999e+01
2.583304267947720589e+01
1.364441089187522849e+01
1.337234981365726050e+01
7.705043219144225297e+00
1.214082754526227959e+01
6.802854500230608892e+00
6.184381116861938921e+00
8.821881844270182071e+00
9.297488426205010370e+00
6.592129114669626588e+00
7.985056680295797626e+00
1.507816109880451982e+01
9.448574630305772715e+00
3.301186617247457633e+01
8.379995095332178678e+00
7.323952477418839813e+00
1.016958588629695903e+01
1.629978169209357830e+01
9.045496632068603660e+00
7.319623546613021503e+00
1.065192635357978546e+01
3.321284444067611474e+01
1.119073635487813156e+01
1.157620106659106085e+01
7.057642020203934052e+00
6.682685930636814930e+00
7.345981872761776721e+00
1.005445006697566335e+01
7.849399746541550371e+00
1.144498790053267179e+01
7.228674533468113061e+00
7.399943057263670632e+00
8.760161891000095125e+00
1.801096152035589881e+01
3.000417744066895764e+01
7.075909149963103495e+00
3.282614913493344488e+01
3.172509808763029326e+01
5.793370719018249737e+00
6.595693519470184008e+00
6.847402102900395526e+00
6.135258234112103359e+00
8.434132515410041719e+00
8.116364381561632868e+00
1.333353253025538088e+01
1.633960673107089434e+01
7.056541839924968862e+00
6.018000322525078438e+00
3.407133704141060093e+01
7.149830849216797901e+00
1.462871970384215992e+01
7.355438736597092131e+00
1.036465324995779724e+01
7.290078122206195665e+00
6.926231242175349578e+00
6.957242194526056522e+00
6.373236379162202425e+00
6.346519393757525940e+00
5.657000757604265573e+00
1.050628361852038317e+01
8.188557314365336737e+00
6.709990080232692833e+00
7.106578615221350148e+00
1.296763675110545222e+01
7.470419703023520874e+00
7.422261023083259524e+00
7.781334547595312401e+00
9.340639196772993813e+00
1.000361407207261522e+01
2.135559920061740158e+01
6.452966738318258066e+00
1.149877212763409418e+01
6.405588729289577898e+00
6.733865898093311486e+00
1.433871085865317596e+01
1.527554791070992124e+01
6.486136808963743228e+00
5.861145530595628372e+00
1.316892776955782196e+01
7.407809404695689715e+00
1.041549468445910342e+01
7.413585023287018849e+00
6.281125346239207374e+00
1.452719528834857066e+01
6.062294042912494518e+00
8.911915972358366744e+00
5.244434214393254301e+00
6.924294048635256438e+00
1.292703642660136509e+01
1.608830581105721436e+01
1.401277139048096920e+01
5.927428748953380122e+00
2.229375079629739531e+01
5.278153123548832149e+00
8.235015867826152913e+00
7.561162672062209822e+00
5.471033563524902554e+00
7.180845047803670944e+00
2.085922502217286123e+01
6.993471614193628838e+00
4.557685445418418624e+01
6.827157497195527114e+00
7.367536129197880257e+00
1.693483644471309546e+01
9.184352033881934219e+00
6.643789715536253304e+00
6.305646103255149626e+00
8.792818294167947357e+00
6.593371230363713309e+00
6.320664975007690423e+00
6.434349046362347835e+00
1.015989670814058066e+01
2.129940136699530839e+01
6.213345972757729818e+00
6.049656879574438761e+00
2.931571000407443606e+01
5.748059811926710339e+00
1.490282288287938783e+01
1.267036248126900944e+01
1.092040717184993603e+01
6.549397640023541634e+00
8.470560376241225597e+00
6.388282158034686908e+00
6.400496161379217064e+00
1.205797978171184326e+01
7.591936497456884148e+00
6.157815996682095339e+00
1.327204505893830877e+01
6.578394579028695510e+00
1.362338963949810022e+01
6.962920219083017948e+00
6.977980670672443431e+00
9.960282913386262038e+00
6.518674187967411271e+00
7.094768935916847319e+00
6.598231439212296934e+00
8.757682808635284033e+00
6.150147602843767380e+00
6.991744278776876875e+00
5.116257044618117078e+01
1.065149386293418132e+01
6.113810761140979544e+00
7.628065559650952565e+00
9.920799969215574166e+00
1.240416633791985390e+01
7.892341148448446475e+00
1.756636393744797076e+01
5.271760433807826551e+00
5.860955628513082161e+00
7.349389460765227255e+00
4.168310305535185734e+01
