2.994068074401821278e+01
7.215641489409576081e+01
7.215641489409576081e+01
5.786410751520908491e+01
6.080681534137990241e+01
6.706447566999351295e+01
6.706447566999351295e+01
3.090112212495776589e+01
7.255530938868315616e+01
7.453799121108102099e+01
7.151794209872866759e+01
7.331876434546728660e+01
6.582741361293682303e+01
6.079301164964405046e+01
6.017758971683861802e+01
7.800699518466247184e+01
5.760278175672880963e+01
6.150745025158237667e+01
7.292555723970440340e+01
2.425109773583731254e+01
5.173375859315075331e+01
6.457690358492261851e+01
7.242675423839372684e+01
7.757777816682128957e+01
7.395712505588238628e+01
6.693862762068020800e+01
6.488444339381429415e+01
7.696831563612239790e+01
8.059433803751205971e+01
7.969324307350969150e+01
6.462096456858243698e+01
7.569886511319967326e+01
6.446636214747692861e+01
7.875244888584734326e+01
3.543910150315311824e+01
3.137862849725429015e+01
6.640370057134610704e+01
3.539813309686599041e+01
2.945463966122624200e+01
7.391527145832436929e+01
4.839058974830085447e+01
6.945789973836683373e+01
7.029906574071718239e+01
2.945799916092953552e+01
2.982410022163225705e+01
7.418288454128983744e+01
3.090170853309173538e+01
6.212354612542870314e+01
4.024874505683909121e+01
4.793671103483242035e+01
7.790070188902866732e+01
6.544854696576945230e+01
7.346603642548616619e+01
3.459571240912960377e+01
1.227629692055422872e+01
7.411817061828503483e+01
2.747274658507943812e+01
6.876517518142954088e+01
6.620242132473516961e+01
6.140854955573713170e+01
3.776249412983946740e+01
6.228338229257596481e+01
6.754671359094739103e+01
6.589227856720495424e+01
3.090928503486814094e+01
7.047937837668182226e+01
4.782316356589983286e+01
3.561764571333969798e+01
6.723180405435249440e+01
3.198793378018141453e+01
6.882514471652734755e+01
7.497475654644206600e+01
7.323905001641696799e+01
7.410877235510939443e+01
3.240413471101440734e+01
7.512307212963500547e+01
3.119920790923769260e+01
3.263271880175712170e+01
6.637289776781889827e+01
6.520569731771149691e+01
3.222797005457620401e+01
3.354482000881534276e+01
7.522173969554582129e+01
7.691733386715220888e+01
6.852002198238209019e+01
3.302864767902245546e+01
7.157731850547881436e+01
1.658132248073957626e+01
5.930033822767109086e+01
4.445318908098789734e+01
3.406697436403109691e+01
3.095896058169106979e+01
6.870465570121112364e+01
6.998721933761169112e+01
7.743448853065601156e+01
7.119583621101863002e+01
6.333958688812502658e+01
6.599476586717159421e+01
4.514832162178853991e+01
3.817716475593915959e+01
3.189285543985047866e+01
3.328037876952585350e+01
3.406108483787701857e+01
7.574791564930008292e+01
7.383613593719861967e+01
7.577135023979529649e+01
7.264097470813094048e+01
7.313783121919270513e+01
7.824430568281289311e+01
7.566924174492108079e+01
7.463840990933771025e+01
7.675481781270816839e+01
3.685899409119370773e+01
6.618110756024285024e+01
2.739924411716536312e+01
7.030175573890643648e+01
7.746393132115483127e+01
7.369623940340791535e+01
3.408649035616242884e+01
3.075645190213908364e+01
3.131995787760628502e+01
2.954231605196569177e+01
1.565427583536048317e+01
3.287746049535378745e+01
3.422923039593812433e+01
3.101727317038134757e+01
7.481018167717380152e+01
2.759053387913420963e+01
7.635872483975937541e+01
7.373522966222880370e+01
6.726713523187807198e+01
3.424954578922577042e+01
3.859100089282684110e+01
3.308277292953400206e+01
7.201762181628576798e+01
7.600507298621805319e+01
3.313581889165548233e+01
3.489475867444248536e+01
3.372620841728832630e+01
2.880972283381620613e+01
7.759233997379075731e+01
3.488559908891036088e+01
7.576878314950488402e+01
4.041429260315535998e+01
6.471254863350891640e+01
7.542523064141145994e+01
3.791847443729192690e+01
7.175149278381897489e+01
7.000492633547632693e+01
6.751520386776846294e+01
3.027906449622896901e+01
3.150862179505039151e+01
7.084665937302177952e+01
2.467125319180939158e+01
4.121843611450970712e+01
7.464060160597126981e+01
3.540215430707714717e+01
3.724610540429558370e+01
3.404101094300443009e+01
3.465473364608645568e+01
7.098269677821845391e+01
7.244715755517351852e+01
6.308271596648555857e+01
2.328019722750964604e+01
7.211836712455496468e+01
7.865089782295505927e+01
7.633110897912875714e+01
7.200848281033718479e+01
3.259510159579262734e+01
2.788490122837822938e+01
3.560963839530180053e+01
6.516433136722041297e+01
2.941482852103637313e+01
5.402938086258325256e+01
2.636305680930022532e+01
6.946981317880006657e+01
7.521378760530853924e+01
7.290036986544922115e+01
2.972352542008038156e+01
2.989662241388385056e+01
2.331246443281703407e+01
2.405664349612935382e+01
5.970841835526398000e+01
6.976457265852978651e+01
3.634074645502825263e+01
6.967883628207870572e+01
2.685668659460507612e+01
3.212429561489455665e+01
2.827111252552388976e+01
7.173378991585259712e+01
7.915865088835302288e+01
2.572583197881526829e+01
7.478620857702350122e+01
3.081944195865256475e+01
3.372911713700368352e+01
3.511524135287848480e+01
6.980780930313336796e+01
2.942264318604705764e+01
7.561760386496152364e+01
7.163528640838777051e+01
4.687452434992571426e+01
6.490118346950693251e+01
7.443392184853694005e+01
3.496396725414300022e+01
7.272866500005477519e+01
3.358412861643902403e+01
6.943515318994552388e+01
3.415051339407583697e+01
7.910312764298031141e+01
7.270240639360960699e+01
7.293977249166611898e+01
3.285479310181312940e+01
6.693280539134804030e+01
3.375061402072870465e+01
6.905387030858543085e+01
7.245236144396395161e+01
7.600080946052682407e+01
7.234429523826688069e+01
5.800241787337512989e+01
7.181508894008248944e+01
2.891495948730506527e+01
3.774029468579207958e+01
3.203589125494440992e+01
8.034561133673597055e+01
5.896099892957211352e+01
5.547715192328681866e+01
7.621624700224421645e+01
3.489305625481478756e+01
6.215672501307358999e+01
3.336981939208953207e+01
6.875159324292728513e+01
6.423773620949606311e+01
5.903338977663593568e+01
7.466587380946742769e+01
6.468607413704017972e+01
6.280123203006503729e+01
4.785900382767214012e+01
7.675415568457121651e+01
6.042902381945226864e+01
6.476349699813859218e+01
2.823878623347339456e+01
3.420943853195107920e+01
6.078728657725450546e+01
5.291800412523781461e+01
5.987855812119586574e+01
6.142188549325300784e+01
6.415583048120660692e+01
7.958994484923969992e+01
6.856203165369228714e+01
5.966600921356142351e+01
3.794568653294199123e+01
5.133962114725405002e+01
4.705746971422669844e+01
5.892989499143249077e+01
5.843762352516530711e+01
7.504185886085699053e+01
5.801506589275715697e+01
2.905166107818930854e+01
6.056591304826184086e+01
7.664907062256681058e+01
5.822421009032931494e+01
6.172717009768240359e+01
3.282850856783646520e+01
3.858208293534258360e+01
7.401817385106504332e+01
5.724404031308142748e+01
5.880272995511909073e+01
7.173745053254404525e+01
6.298287791843367245e+01
7.364993674338855101e+01
6.274564205059751032e+01
3.567500548061470766e+01
6.156173603457559551e+01
5.891893960564881638e+01
6.374065362093074327e+01
7.334927668991896610e+01
5.834911993906342076e+01
6.536227977231139619e+01
6.077685134415331447e+01
6.310279703939604445e+01
7.706346032536066559e+01
5.778250491122791033e+01
5.824771064255549646e+01
5.424834672652379908e+01
4.102013315810354044e+01
6.040884982027399985e+01
7.329143522576850955e+01
6.624833052150123081e+01
6.158170300811862319e+01
3.123561928673533927e+01
5.765511060839954638e+01
7.234022624959901293e+01
6.505290547943538115e+01
5.932531011471376559e+01
7.206383809784841787e+01
6.078545922108585842e+01
6.216963264066093586e+01
6.143970505424716322e+01
5.579403038510739066e+01
2.985069661074380676e+01
7.616285925694556624e+01
4.354983045832376831e+01
6.412882919761234746e+01
3.073770301931514126e+01
7.411296539097924096e+01
6.560524420692914305e+01
6.570617902440933733e+01
3.164381264039323582e+01
4.973556383532529424e+01
7.434756536828550111e+01
7.665341342894309662e+01
7.078302148045399633e+01
7.749293972322548996e+01
3.236598836969810122e+01
6.940847280183437817e+01
6.543157729740815398e+01
3.645137872164960413e+01
2.631833788042643363e+01
6.258414773468663128e+01
6.729390157625468305e+01
2.893523870398201225e+01
6.536653737384176566e+01
3.145258522624913411e+01
3.278000083686809063e+01
7.078385120926806451e+01
5.904525535874919484e+01
6.602437707432457614e+01
3.586532018837345959e+01
2.814084277635926057e+01
2.767086697877337542e+01
5.568295557359967063e+01
7.289498924114580802e+01
3.278797040830061604e+01
3.094507793079326774e+01
3.100716934662686697e+01
7.165161364266845112e+01
6.762589451965197895e+01
6.507977761594969479e+01
3.190849408596004366e+01
7.212226027598822498e+01
7.390921986476024585e+01
2.989122380933678258e+01
3.904025552965351409e+01
6.915282872867501851e+01
6.124041848574140090e+01
7.131723600266207086e+01
2.789319148271287929e+01
5.865376408598660163e+01
7.718918029280349913e+01
3.017234154059735829e+01
6.453849775301267755e+01
7.116775361316683757e+01
8.014806822846253453e+01
3.743267868148137723e+01
6.366123722135712626e+01
7.315677060422152067e+01
7.450147899352134573e+01
3.723130370335790218e+01
6.463458395319128158e+01
4.539906974235682924e+01
7.323106282329004557e+01
7.474072121949212999e+01
7.334988860273037403e+01
4.996301777595373750e+01
7.273832471623801155e+01
6.801268248296148045e+01
7.385369148952574392e+01
7.919227037649727663e+01
7.788071435876123871e+01
7.455844628780702976e+01
3.180918593187271881e+01
7.840480919171376684e+01
3.721254555132595954e+01
8.040286233965410645e+01
7.557877594411145594e+01
3.641875170403221773e+01
7.265361425136012485e+01
6.513906441833893268e+01
2.981711583552250744e+01
7.851794452256606860e+01
7.464279256398587847e+01
3.765358526551386831e+01
4.854855984870135188e+01
7.937244636789671404e+01
5.501160632405998996e+01
1.978572543887933222e+01
6.160400518306624917e+01
8.090230963586284929e+01
7.948618271080293596e+01
5.787627004887485782e+01
5.723882104202284182e+01
7.536267925734026107e+01
3.275116056338727333e+01
5.101816858813599964e+01
3.255317729659171988e+01
4.784386749489284796e+01
3.174144164069303287e+01
3.069403041955975198e+01
7.950073210697323134e+01
7.403489117880549486e+01
6.259184574204496698e+01
4.369384248598078102e+01
7.320657660761342811e+01
4.610919711164197565e+01
7.515550395535220218e+01
7.804583646604190506e+01
5.515865237585245495e+01
6.357409602204178611e+01
7.509105111103239949e+01
7.383267450745135818e+01
2.851790608686237505e+01
7.551070645125393810e+01
4.477280935735102929e+01
5.957157619397158754e+01
4.744703567803250621e+01
4.758753624038489960e+01
6.135275594020313150e+01
4.605606430883540270e+01
7.577440402504181804e+01
7.486899482061969024e+01
5.019757118165353660e+01
4.683200286101308762e+01
4.861980013460794225e+01
6.021509959650056487e+01
4.111573776065262109e+01
2.912488258491572424e+01
7.586253768436189659e+01
5.113357724313229369e+01
5.332930038631486269e+01
6.041130038726549145e+01
5.695528439678462718e+01
4.821043421287738084e+01
6.608166649417178462e+01
4.202317725105253743e+01
2.959751782096308048e+01
5.122685888352103944e+01
4.940880582276357558e+01
5.047882441863651337e+01
5.651559432682287820e+01
9.239332202279216588e+00
6.197703469768289608e+01
2.256503621172071661e+01
3.475450781540551759e+01
7.215278711211148277e+01
3.311891127603252016e+01
5.260968355117614692e+01
4.214463925662561650e+01
3.821329438764099962e+01
3.836779567134516356e+01
6.099070349744535946e+01
2.815044533821603778e+01
3.743614627327039557e+01
5.629212040048756194e+01
5.389450527641522370e+01
5.234822358360628414e+01
3.369292149347097620e+01
3.729633703349592366e+01
2.981677788977167509e+01
3.903996404917683094e+01
4.225822002084675688e+01
6.422103778727031909e+01
2.891025476744636791e+01
4.661759360744540004e+01
6.788317666837454567e+01
4.647957658678124915e+01
3.193367386960066057e+01
3.449299352129388296e+01
3.481259577669158745e+01
3.848617974378288409e+01
2.890076435389982024e+01
4.225921843251078514e+01
5.354482153132442335e+01
4.157724475727111724e+01
6.346906049474201694e+01
6.314924739712867563e+01
5.285077290421711638e+01
2.786721200226417139e+01
5.582175287537720010e+01
4.954856097698288409e+01
3.842166999680416950e+01
3.405440997619917454e+01
3.432782828654832485e+01
3.929427505110946583e+01
5.944731827669649249e+01
4.910877660501650865e+01
2.487490750517091342e+01
5.692059061643123385e+01
5.531415093680739403e+01
4.573926867540130559e+01
4.161988654939462151e+01
4.948380916050798106e+01
7.296516286208884594e+01
7.504478413272806847e+01
4.670901855581265494e+01
3.992214675375554123e+01
5.422718278475706910e+01
5.353451631049728121e+01
5.430761997846742872e+01
6.034600740293960541e+01
4.146171087320034587e+01
5.040366838866215460e+01
6.430096291222569960e+01
3.953451710178808298e+01
3.746416562824866503e+01
4.163692198154090818e+01
1.452276522057636043e+01
3.840975649560797223e+01
3.271732868907815828e+01
4.986589663682200069e+01
5.217239839224574638e+01
3.771434949812483950e+01
6.059797375758451921e+01
3.848131295689790221e+01
4.534394677653573069e+01
9.209810417456235854e+00
4.876372442030655208e+01
5.167081159927445810e+01
6.907631994541624465e+01
3.884509495932476142e+01
4.202541390258886622e+01
4.780713361503948988e+01
4.289468888847974171e+01
4.338602242652753915e+01
6.731519721593629413e+01
3.898099724760516693e+01
1.776077311071384912e+01
5.390694260135400384e+01
3.921931785452278518e+01
4.885938343798569150e+01
5.637824076206900514e+01
4.930532951434481248e+01
5.317267287092089134e+01
6.308931383196566856e+01
1.531771518834915291e+01
3.156243105358817402e+01
1.436025907949352032e+01
1.521371316831307574e+01
1.209927275899874388e+01
3.447557098533432196e+01
3.343867927513517913e+01
1.616792117470597745e+01
1.425524614559429715e+01
1.526763491294462227e+01
4.705990272074632941e+01
1.880551537393729333e+01
4.807144051595289369e+01
1.312275437901922182e+01
1.816546988729776047e+01
1.354027372631436243e+01
1.600784888197036082e+01
1.394701435315005078e+01
7.629258626296752333e+00
1.438997713715694715e+01
1.326592911903149030e+01
1.405356494979410442e+01
1.763896839114997661e+01
3.272813551864115311e+01
4.950496517654153195e+01
4.135328309898277865e+01
3.653666986670402395e+01
4.414811641331205294e+01
6.891204914522369052e+00
3.879397544814901977e+01
7.430140212014246970e+01
4.253632121137758304e+01
5.885307267634406259e+01
3.345001588724973374e+01
4.510340687992080433e+01
4.673275617627235334e+01
5.040903200726484101e+01
5.083089650465480958e+01
5.742835543656888575e+01
5.307735963997443207e+01
4.914587489480799576e+01
4.248406657543037568e+01
5.411844525631232017e+01
2.808903167779734389e+01
4.285737654590595724e+01
5.017707648822472777e+01
2.731147166237917290e+01
3.528193440483305920e+01
5.795450557080788201e+01
6.102014311775123190e+01
6.050556880703392437e+01
3.794287458492473775e+01
6.770831361694418149e+01
3.798568371991638060e+01
5.909994399833929890e+01
2.809093829763844852e+01
3.897085792748215738e+01
2.893438805681849502e+01
4.628501487973490214e+01
2.908304889881073763e+01
3.653919936201847918e+01
5.413335543460830479e+01
5.523793863148252115e+01
5.701957400884378302e+01
6.169161302501728983e+01
4.660582168523595925e+01
3.630018193506880664e+01
5.492853845960637216e+01
1.576403657387718305e+01
3.014445713930293280e+01
5.762407848176450642e+01
2.931870035224030246e+01
6.137652692473626104e+01
6.339089664677031521e+01
6.350018404263451544e+01
3.079311092516419635e+01
3.080539166917688476e+01
3.752395226930467231e+01
1.619887916433221875e+01
5.759359044713318809e+01
7.133460291626317940e+01
5.297491854737456407e+01
5.128747651689677411e+01
4.244189544687080939e+01
3.912590117244201338e+01
3.363705607052173008e+01
5.756269487019849862e+01
4.237608212276015252e+01
3.840015492191228219e+01
3.323748871614178313e+01
2.156161115549269880e+01
5.023764475762324366e+01
4.081231866128388930e+01
4.986030725375158568e+01
1.453255606253359034e+01
7.755334994146497252e+01
3.811067492780092891e+01
4.501198827228732569e+01
2.515378174635105424e+01
5.047276175414629762e+01
5.403055859054149579e+01
4.875753564836203680e+01
1.113817708385394134e+01
4.741657278024449340e+01
3.535215459384298953e+01
8.106720111158993802e+01
5.783040046600365258e+01
5.448132072614876620e+01
7.554661504055748367e+01
6.253205149509652472e+01
7.401702682959563617e+01
5.486299119118779544e+01
4.400996646928420830e+01
4.297601663753970769e+01
4.154935391454426252e+01
4.437875175148278828e+01
5.445406631597010261e+01
7.688485662516468722e+01
1.277261855861103967e+01
4.325184378998032741e+01
5.367476319811937202e+01
3.581730877644378097e+01
2.747711469703679654e+01
4.867193683821604111e+01
3.447858317250173599e+01
2.666662756316139138e+01
4.458951035617557324e+01
6.552532915372714228e+01
4.377078605211068840e+00
4.350964460523978516e+01
5.451202889470988566e+01
4.028455716369802531e+01
2.055990143825763283e+01
4.133318113339384325e+01
3.537912329072523931e+01
4.561316571421936317e+01
4.281148127236631495e+01
2.214159301322045792e+01
5.087602071002280724e+01
5.386514104508928114e+01
1.286181820928913488e+01
2.138800660868459858e+01
3.713966778105137934e+01
4.889019089887427327e+01
4.238141978500006246e+01
3.493810171472370030e+01
4.870791736099640445e+01
7.067161300648466238e+01
3.832725581216212163e+01
2.301003172929607743e+01
6.771791371945496962e+01
7.336447504559465926e+01
7.942202719683062639e+01
5.526521343294832889e+01
5.499917114292615850e+01
5.288689541045503262e+01
5.503340095067136417e+01
3.920556134325939723e+01
3.363709766464128137e+01
6.088423491647839114e+01
5.424653194754361607e+01
7.916010038117902070e+01
2.031541858639256048e+01
5.239451081309966440e+01
1.694390602337883323e+01
1.141124649920358358e+01
3.581034123381100898e+01
1.487472674997796496e+01
1.969837889139938980e+01
5.555089277328424657e+01
5.218357510418886136e+01
5.795691758210411848e+01
4.988448466447712804e+01
3.216734771021877748e+01
2.828338960457892171e+01
4.025590020975612049e+01
5.388537280769686078e+01
8.111489920846473467e+01
5.468573383182652492e+01
3.027660135770910088e+01
5.535813012850896797e+01
1.759614857826274559e+01
5.465809407393921049e+01
1.357744439295433025e+01
1.703783009016989780e+01
8.072411509538180496e+01
5.111868604047722897e+01
1.356278352905050433e+01
3.064142833705319902e+01
5.779852012827458196e+01
4.558900718862492596e+01
3.671148124725632300e+01
4.048020768556205695e+01
4.817989851484766461e+01
4.477427674772152955e+01
4.159831843929078588e+01
4.709287317628518110e+01
4.093843357535984495e+01
1.721888227470730470e+01
5.869582787351993858e+01
4.405386945822922229e+01
3.411471906951618394e+01
6.283665515939993895e+01
3.990255439582394814e+01
2.932465998123428008e+01
4.298290608677331903e+01
7.235594342790510325e+01
6.044955073211330898e+01
2.311312336682161828e+01
1.344201395103323371e+01
6.640516097547914853e+01
3.506063480570609414e+01
5.219575745447764348e+01
3.518676217305806375e+01
1.132837028408154723e+01
6.854395356483558999e+01
4.522300275217465071e+01
1.159287809809537251e+01
1.653433725236466145e+01
2.911093577273860333e+01
7.938108174484430890e+01
1.412927064275379330e+01
1.604237219159180938e+01
3.046203470754753440e+01
4.727259174682116338e+01
4.366991192314566206e+01
4.658635018726613453e+01
2.489639299061099109e+01
2.246967300732165285e+01
6.187870722573026683e+01
5.255725317355538806e+01
7.045382448010430210e+01
5.129289527609972055e+01
3.696565618711021273e+01
7.126053481766838615e+01
3.242105079721626737e+01
5.614615977924734125e+01
7.014982506498655290e+00
4.987010019374942260e+01
2.835781376907831941e+01
6.981746277085289876e+01
3.086059077172044951e+01
3.005758998296390416e+01
5.606914260745548262e+01
8.028928983639012529e+01
5.909425155645028127e+01
2.468115764747701846e+01
7.575625424669669883e+01
2.355815849135495554e+01
5.887708820460831305e+01
4.800700631179660860e+01
3.910111161361061249e+01
6.102386524687626235e+01
6.397477495287441940e+01
5.264017044829240888e+01
5.366555057976380994e+01
3.877643724510165413e+01
4.437320525921367675e+01
5.122509225638671637e+01
4.283528248842019082e+01
4.642566198154899837e+01
5.361478486562002388e+01
5.745553513977482396e+01
3.867845219027192627e+01
5.852675286143148270e+01
6.604077879340198365e+01
1.275235918599099705e+01
4.405136950246230754e+01
3.715319092659264300e+01
4.511410190999831826e+01
6.544411758357775000e+01
3.499941215636005154e+01
4.520827156658846491e+01
6.786372014330248703e+01
3.855745792715588749e+01
5.330443048647236992e+01
5.678820731573696179e+01
3.928393142416319961e+01
4.550056085532734329e+01
3.819877615240723401e+01
7.461342481471100996e+01
4.188604867998942893e+01
4.699874083481835640e+01
4.396080946482291552e+01
4.189905187557040733e+01
4.341537691785114816e+01
4.694337688210327997e+01
3.848921730726032564e+01
4.485312749618271511e+01
4.416874515809953294e+01
4.620514920821808147e+01
4.734378740288938303e+01
5.377836385541183972e+01
4.496774690964829801e+01
4.401266270714549478e+01
7.427530662653560967e+01
3.089728301577747160e+01
4.228607974218464705e+01
2.554039704582255510e+01
3.320319525381570713e+01
4.656423607168092360e+01
5.249932847642033096e+01
3.176335126280884680e+01
2.310022921697141740e+01
8.071394585689276369e+01
5.887784449689463884e+01
5.211271983363763383e+01
5.424512150420784451e+01
4.747377218014750611e+01
3.669480454886430465e+01
5.663579228128519816e+01
6.071209078640776369e+01
7.139610110578182400e+01
6.016112455532870484e+01
5.428367309413128083e+01
5.521400879049895849e+01
4.234641212030604152e+01
5.225863174192353711e+01
4.413381037459596001e+01
3.852578643705958683e+01
4.603679171484844090e+01
5.914202456448894196e+01
5.800915280379253147e+01
3.437116817451795470e+01
4.463327700335177894e+01
5.122681295598224693e+01
4.654504227273626782e+01
4.935317554777212479e+01
6.024752113436260004e+01
4.004445980067007582e+01
4.540209592315178355e+01
3.064690025148093966e+01
3.703489007206261618e+01
1.149168759496752834e+01
3.510980038054448471e+01
3.064603052349900381e+01
2.817494926576300784e+01
6.019647100583495103e+01
5.930214261862841596e+01
5.271805963260881356e+01
4.513320595558229087e+01
4.509893360762945491e+01
3.331433716468175987e+01
2.483964123138272484e+01
4.742161091812021567e+01
4.742180867139986589e+01
4.615177963812803341e+01
4.396705130185493715e+01
6.030748355701962282e+01
3.698823020753913227e+01
3.213283231756409464e+01
4.180481227693526591e+01
4.666091068105761508e+01
1.494707166065425241e+01
3.179612271515375710e+01
4.944049455160142514e+01
6.775575651967345436e+01
3.661007032042721931e+01
5.010807226490758381e+01
5.199202537833786408e+01
4.977330620051343146e+01
5.486612260877805625e+01
5.094394555939211955e+01
4.272885283956176750e+01
3.683422631651849599e+01
4.933979539764213484e+01
5.185011863558824530e+01
3.965883806138414513e+01
3.524647591277607717e+01
5.237018159295113406e+01
4.664257691557093466e+01
5.333554077116429681e+01
4.102304301522776342e+01
4.059263133966791770e+01
4.169037862105992787e+01
6.525350669428856065e+01
5.416012128591921737e+01
4.902928143168720965e+01
3.751465244403222243e+01
5.281791056772383541e+01
4.247685379619075263e+01
5.009250242755292959e+01
7.450944708667530847e+01
3.584728674285117478e+01
3.532940837524849087e+01
5.598734188260382183e+01
3.491815693408691601e+01
4.462034418873098218e+01
4.348458891823629102e+01
4.327492242440435177e+01
2.911969777241011315e+01
5.152169460764200437e+01
3.607772291117252905e+01
3.764084305811202569e+01
7.492816082614746165e+01
4.065252376784090416e+01
4.299603182141515845e+01
5.377903202319673426e+01
5.311326815243212707e+01
3.287354270294657965e+01
3.398364957345395254e+01
4.836638560238463924e+01
4.119387666355213184e+01
4.084042137568215480e+01
5.043876904661404126e+01
3.881206938905122428e+01
3.475516554730666741e+01
5.413488348777072900e+01
6.107180333448646081e+01
4.310386463982319327e+01
3.767048207944472438e+01
3.301466226821505501e+01
7.308135455414013393e+01
7.677729447816403763e+01
5.380878995224888683e+01
4.968060194417581243e+01
7.295343050366577131e+01
3.364018158467079900e+01
5.472326237843147823e+01
4.085388735600891152e+01
5.286388897718310886e+01
2.689677803591500904e+01
3.962273804799490051e+01
3.084675162809718074e+01
4.038013329484979153e+01
4.253570601872279866e+01
5.337743032485872874e+01
3.373939538197171117e+01
3.553378053210427368e+01
5.639723789145073596e+01
4.633714334808766466e+01
4.196283008259787550e+01
4.612942289589413747e+01
2.105937360522352009e+01
5.350962825429152758e+01
7.870074185834931768e+01
4.611033607977089588e+01
3.640600187106780794e+01
6.341202903480355246e+01
5.776607283497180134e+01
6.877756720371785093e+01
4.642002137225968283e+01
7.351970607736242869e+01
5.856992111217483910e+01
4.839938157575643629e+01
2.370719695099974800e+01
5.327091875772496365e+01
4.660869288014647793e+01
7.277003392276421323e+01
5.759323841501471719e+01
5.403216086696743048e+01
5.511290090364236960e+01
5.418701948282321013e+01
5.191053940068431416e+01
4.153411687339273328e+01
3.805948542033068094e+01
5.225496964738776029e+01
7.731235200895693538e+01
7.790632810231191030e+00
2.007230763313680555e+01
2.308552531921940343e+01
5.791938446239333160e+01
1.750841290065673306e+01
3.990699570608626345e+01
5.819399084958804025e+01
6.598375793111604537e+01
7.023326884197614106e+01
3.658268184689116254e+01
3.135534976632800763e+01
3.005479423623786417e+01
4.481392195848529880e+00
6.148387758624602384e+01
4.317080159585542276e+01
5.058425506445183828e+01
7.435765216342035444e+01
7.191126101722456099e+01
5.021466966801721554e+01
5.231285463419609982e+01
3.861077868844251526e+01
3.349980838927727689e+01
6.013572301694181732e+01
5.953126455016639085e+01
8.528926101633189205e+00
4.208611981727415952e+01
6.303950586600062422e+01
4.744562135044421325e+01
5.435203031365288240e+01
1.368950375392082641e+01
4.795222523710620521e+01
3.938516485993041272e+01
8.972961005279454838e+00
5.492501632231945052e+01
1.236867617389558305e+01
2.799391229827801553e+01
4.677297723716699807e+01
6.185680893172441586e+01
3.782248977792773559e+01
5.770096839974078762e+01
5.134868010328064969e+01
4.674853533326255217e+01
3.851046558747476922e+01
4.379093219347376476e+01
7.085435155516931616e+01
8.376869160802478120e+00
6.220130548436718954e+01
5.172177563605801254e+01
3.835948567510128981e+01
5.780708910679644674e+01
5.273124203884457728e+01
1.366658339682651047e+01
1.334801932453362383e+01
4.168682028174857379e+01
7.319786204596817925e+01
3.883592429185527806e+01
5.116823340512344487e+01
4.258364717181552805e+01
7.922770276837123049e+01
4.231983625461179344e+01
4.216497029602715685e+01
4.697770968408456582e+01
4.362360418890100533e+01
5.963241419239056995e+01
6.838499064204067679e+01
3.386694075791486114e+01
3.222598277945908052e+01
6.928564626851276387e+01
1.467680187322263485e+01
3.825474582867968820e+01
3.781128938880378598e+01
5.029484841238413395e+01
6.010191684493061359e+01
5.291914286357737751e+01
7.192591182585611875e+01
6.939138123688931614e+01
5.636188685439982748e+01
3.831177444194525350e+01
4.335791506389694661e+01
4.594811030983996858e+01
3.465093393703251934e+01
5.030519172500289926e+01
3.486569613143215918e+01
5.454542314698521466e+01
4.872842202851720117e+01
4.818597031509330009e+01
4.843690881669818538e+01
1.886633259456305822e+01
6.966319554388407198e+01
5.771087780005999690e+01
5.185343909336539525e+01
4.106926210668834898e+01
8.022972700265370349e+01
5.068015490139514867e+01
3.259954556392521141e+01
1.236219925419585586e+01
4.661880436594766053e+01
4.217551804867894560e+01
2.074351908822225354e+01
4.540222019787664465e+01
6.842370244059797812e+01
5.347249069674676747e+01
4.990470334135018504e+01
5.082114167712973796e+01
6.554445470601642398e+01
3.222684920877377124e+01
5.775124285004311275e+01
4.423608471970004530e+01
3.796600971135892166e+01
5.865917648244286653e+01
3.558408697892198802e+01
4.648080145731999124e+01
6.087560594872718411e+01
5.852083350203192680e+01
5.603031488240844027e+01
4.501626252894555336e+01
4.541692195108870322e+01
5.845844235387922083e+01
6.016258536974483206e+01
4.598278321712297867e+01
2.905921842401804867e+01
3.940570139389419779e+01
3.681804724945131824e+01
4.628945241841687164e+01
4.310664566115986673e+01
5.852304341194766835e+01
7.297514155101104905e+01
6.503058117693512941e+01
5.559728341769981341e+01
1.705434149047849957e+01
2.349800761357080603e+01
4.820250050623928928e+01
4.667551378077638446e+01
7.246087656451972236e+01
5.314700314150343274e+01
4.393639972869522126e+01
4.751327817760540029e+01
3.988362528702268150e+01
3.782081728729581016e+01
1.368045143669521124e+01
7.626154705105327025e+01
7.331740602280086705e+01
8.019653903023331054e+01
3.533429734803832645e+01
4.135278890645866312e+01
7.166427993043011213e+01
5.033632052418929703e+01
1.861377017697999392e+01
6.456176626769463667e+01
4.986553157339427145e+01
4.279038040762767281e+01
3.664286538418856054e+01
6.329435044683432920e+01
6.148741978919849061e+01
1.567737460426406315e+01
4.922352996328983465e+01
4.776538996939441262e+01
5.242140737941410578e+01
4.797478823149261018e+01
4.912935829441425994e+01
5.212232996693675346e+01
6.866674177848257443e+01
4.906601427472915589e+01
6.739604784216753330e+01
3.131605071395738804e+01
2.397245737840801993e+01
4.669290560206658114e+01
6.901688201478519602e+01
1.308658241614732631e+01
7.829488418713876285e+01
2.073170883397312991e+01
5.178571818882875277e+01
4.619174790656875729e+01
5.346423359640689910e+01
4.780654498738056901e+01
6.210483450290580976e+01
4.558022624623040997e+01
4.289725358769814534e+01
5.634716303152885075e+01
2.938402533635705538e+01
4.009075815489315175e+01
5.027878023045225575e+01
3.453906701458168982e+01
1.619567570081249741e+01
6.227870804567866259e+01
4.149253632201921960e+01
6.734519807911611622e+01
4.756750772172410535e+01
4.747095493346923689e+01
7.166694852091809764e+01
4.042821805237414878e+01
5.235671023257896195e+01
7.707828334022288175e+01
4.287548291733131833e+01
2.374192504496871337e+01
4.178066804812891633e+01
6.990699830733198894e+01
5.921768964387243273e+01
6.402230235287410665e+01
3.757036948161571388e+01
5.700783921233283991e+01
3.226773532294954805e+01
6.714487783353686723e+01
3.579987873442296831e+01
3.182528490034582447e+01
3.759899291275866773e+01
2.385723296169111052e+01
6.854431275750295072e+01
7.119196631756541649e+01
4.310890868381814300e+01
4.258371343989438884e+01
5.294392710727203877e+01
5.043187038430287572e+01
4.580240696265065736e+01
5.028004696918132765e+01
4.093279333188144875e+01
6.631700999082134729e+01
3.253198758889045905e+01
4.032236088922218897e+01
5.588389790702979809e+01
4.017284481804529861e+01
3.691687925767938339e+01
1.311773573817093563e+01
4.152418637998306394e+01
4.108063086735634073e+01
5.974365583077316444e+01
6.717819679313826953e+01
4.461514703385299185e+01
5.831898709710015538e+01
7.415457500410651903e+01
4.178731847795079801e+01
3.903860994397408035e+01
3.218309245811764185e+01
4.639521090155478333e+01
5.160445045302476785e+01
2.643018520148246253e+01
5.744123525101858974e+01
7.647744341032851878e+01
5.430119481443740881e+01
4.941759938534504926e+01
3.713335466194286028e+01
7.448600543752618819e+01
5.154997617399148879e+01
5.491896986091972366e+01
3.847220962046845472e+01
2.582469334767328206e+01
3.332738459984514634e+01
5.633123759928626839e+01
6.251861221489416920e+01
4.118368986855329439e+01
5.234216897811602820e+01
5.752230722712405964e+01
2.987978608416168669e+01
6.185007998066947010e+01
5.138614542985943245e+01
2.693265833239936669e+01
2.945115350770006657e+01
7.388139655679853490e+01
1.028101156778641645e+01
3.432329808426460005e+01
5.572721867577574528e+01
3.264539464819739578e+01
4.380900265594871712e+01
3.651218641842405788e+01
4.089949825637400949e+01
3.604801037738243963e+01
9.945650948443793382e+00
3.654794819254778560e+01
4.714072775145599081e+01
3.615880068268591430e+01
4.472831177862560992e+01
7.313529833471297081e+01
4.729859017969749146e+01
1.248210117115699624e+01
4.187609693114037412e+01
6.932714331801741992e+01
5.353776600465781144e+01
5.298204699122688766e+01
3.554167515266011890e+01
4.058764417892233922e+01
3.171308022554921990e+01
3.209867315884574879e+01
3.337331582383516349e+01
7.419349617264067831e+01
6.759852735059551776e+01
4.777737914958659360e+01
5.077399660415141369e+01
6.458503116076650485e+01
4.766863767879681291e+01
3.229502863590397510e+01
9.570237089885374360e+00
6.543630252473599285e+01
6.318437070659887667e+01
5.990362983001598529e+00
4.810157250637242043e+01
1.386861023451840680e+01
7.427625950513781561e+01
3.156804953193968899e+01
5.408248458252518986e+01
2.986659931400852486e+01
5.774048031589526886e+01
3.767619608779361329e+01
4.331955113794366952e+01
4.803393049601410780e+01
3.750795807945687699e+01
5.037449822295819502e+01
4.277204902659494223e+01
4.206009393106185001e+01
3.872287717853313183e+01
5.665665119576833320e+01
2.945259230573965326e+01
4.008670282182483646e+01
3.816654929079015091e+01
5.609429654025905165e+01
3.756263140424614022e+01
4.425036883380715125e+01
7.060370643216241149e+01
2.991032508780664401e+01
4.023098173990342730e+01
4.920439164060987913e+00
3.425639092795130125e+01
4.800942116909131130e+01
5.492021865507304312e+01
3.875828476495435382e+01
3.053766050634741447e+01
5.814788893496466216e+01
5.087566621181937165e+01
2.815871811985526563e+01
4.361325893130752718e+01
4.556959984824811016e+01
4.378958980458938299e+01
3.492030846226239049e+01
4.817415473738596177e+01
5.895468853703425793e+01
3.592316934541869244e+01
4.005104771145082765e+01
5.755104744171923414e+01
3.869637671436672122e+01
5.022008467520360142e+01
4.440806312123773125e+01
4.868461263782983650e+01
5.732168040748603488e+01
5.479740373544307630e+01
5.697404830946368293e+01
5.835484017738849616e+01
2.460403265371591530e+01
3.473132564313544890e+01
3.954668146565647646e+01
1.380015026649598475e+01
5.698372925230300012e+01
4.031970704002416994e+01
4.971861894639051371e+01
5.119188860181927936e+01
3.698963686744661317e+01
5.023466201672634668e+01
4.496116777104717954e+01
3.765960579168459077e+01
1.187220378205852889e+01
5.298453385628940282e+01
4.585937977214592109e+01
4.525206375744701859e+01
5.033317212658128170e+01
1.697913947455222328e+01
7.231850344526327490e+01
4.052971083375882699e+01
3.222782306972210620e+01
3.499894887401071486e+01
3.856582432357362933e+01
5.382491716298539330e+01
4.215253834238080088e+01
5.269612560793163425e+01
5.850809054864572545e+01
3.088603777952680929e+01
4.172416285562250948e+01
3.637871563583050261e+01
2.850193936450461152e+01
4.657686359753036243e+01
5.177295391780442202e+01
4.070190133703667357e+01
4.414435708211259879e+01
5.407298863997110772e+01
1.123222015082337677e+01
6.968069942535642269e+01
7.272455451193685860e+01
1.764992882439208088e+01
5.005932891860150136e+01
5.598878140219230204e+01
1.730640409898889942e+01
3.505065631539910953e+01
3.952711436789620336e+01
3.446261069473027305e+01
1.378489094946548299e+01
4.645181589072128503e+01
5.583599427766835532e+01
5.440536118275893074e+01
1.148281485891496345e+01
